2 0.385610 0.466708 0.392503 0.486885 0.403158 0.488377 0.414126 0.480162 0.419139 0.457746 0.416006 0.403946 0.404413 0.353131 0.391877 0.265708 0.379658 0.250762 0.379029 0.297838 0.381535 0.369569 0.384984 0.445038
0 0.448303 0.454023 0.440068 0.461392 0.435435 0.476115 0.436981 0.494531 0.438010 0.506800 0.439555 0.520300 0.444187 0.555892 0.447787 0.591485 0.449848 0.619715 0.455510 0.619715 0.458597 0.589031 0.459626 0.531346 0.462713 0.506800 0.462200 0.466300 0.462200 0.454023 0.452419 0.454023
0 0.463348 0.455492 0.467945 0.451385 0.473116 0.450354 0.477855 0.450700 0.481877 0.448985 0.483890 0.450015 0.484894 0.464738 0.485468 0.475362 0.485468 0.486662 0.485181 0.498992 0.484752 0.512008 0.484319 0.521938 0.484177 0.536669 0.483890 0.545577 0.484032 0.562015 0.484894 0.578800 0.484465 0.607569 0.481877 0.607569 0.475845 0.609285 0.473403 0.607915 0.470819 0.594900 0.470100 0.582569 0.469094 0.567838 0.468952 0.551738 0.468232 0.542492 0.466797 0.531877 0.465648 0.520915 0.465503 0.510977 0.464784 0.497962 0.463923 0.487692 0.463061 0.473646 0.462919 0.457892 0.463061 0.455492
0 0.487865 0.450162 0.487348 0.458792 0.486832 0.466192 0.486832 0.478523 0.487519 0.492500 0.488039 0.508938 0.488900 0.518800 0.490794 0.531546 0.490794 0.542646 0.491139 0.554562 0.491313 0.566485 0.491139 0.586623 0.492345 0.598131 0.493552 0.603885 0.495277 0.605115 0.502171 0.602238 0.504584 0.598954 0.505619 0.595662 0.505965 0.587854 0.505965 0.567308 0.505965 0.554154 0.505445 0.539354 0.506306 0.528254 0.508032 0.506469 0.508032 0.498254 0.508032 0.483869 0.507858 0.472362 0.508548 0.459208 0.508377 0.450985 0.508894 0.443585 0.507342 0.442762 0.502861 0.443177 0.497516 0.444823 0.493210 0.445638 0.490277 0.448108 0.488129 0.450154 0.487865 0.450985
0 0.510355 0.451308 0.510284 0.464023 0.510042 0.481723 0.510403 0.501131 0.511839 0.510838 0.512916 0.515692 0.512558 0.523108 0.512558 0.543662 0.513755 0.567923 0.515000 0.603662 0.520661 0.611023 0.524777 0.609800 0.527290 0.605538 0.529410 0.577885 0.530439 0.544746 0.531468 0.512838 0.534042 0.489515 0.535587 0.462546 0.533529 0.451500 0.526835 0.446585 0.517226 0.444615 0.511161 0.448385
0 0.493839 0.268538 0.494571 0.306485 0.496590 0.339238 0.494974 0.382592 0.493765 0.429792 0.506690 0.432685 0.517600 0.424015 0.526890 0.400892 0.526890 0.354654 0.520426 0.321900 0.515871 0.260615 0.508968 0.239154 0.498968 0.240385
1 0.547774 0.434485 0.537310 0.456562 0.537310 0.493038 0.538516 0.537192 0.539723 0.577508 0.547371 0.624538 0.553410 0.667731 0.563194 0.693154 0.567497 0.677331 0.564681 0.625500 0.567094 0.585185 0.567094 0.538154 0.567900 0.515115 0.566290 0.482477 0.567497 0.481515 0.566694 0.465200 0.560655 0.449846 0.555423 0.444085 0.549787 0.437362
1 0.430239 0.455600 0.434665 0.469038 0.436677 0.490154 0.435874 0.526631 0.435471 0.547746 0.437081 0.583262 0.435471 0.613023 0.434665 0.643738 0.431848 0.662931 0.429835 0.678292 0.424200 0.704208 0.418968 0.706123 0.414539 0.658131 0.414539 0.625500 0.410513 0.579423 0.409306 0.535269 0.408903 0.519915 0.410113 0.502638 0.408903 0.489200 0.408903 0.472877 0.411319 0.462323 0.418161 0.460400 0.425810 0.460400
2 0.361742 0.288869 0.375655 0.362123 0.379132 0.403592 0.383768 0.453346 0.382610 0.478231 0.376813 0.489285 0.368119 0.485138 0.360003 0.469938 0.354787 0.443677 0.357106 0.418792 0.357106 0.387000 0.352468 0.355215 0.353048 0.308215 0.354206 0.297162 0.356871 0.284231
2 0.361742 0.474085 0.376232 0.476846 0.379713 0.503108 0.374494 0.566692 0.369277 0.621977 0.365800 0.671738 0.354787 0.706292 0.346094 0.720115 0.343194 0.704908 0.348410 0.645477 0.347252 0.595715 0.345513 0.557015 0.346671 0.511400 0.353629 0.485138
2 0.380290 0.485138 0.377394 0.511400 0.377394 0.532131 0.384348 0.566692 0.384348 0.583277 0.384348 0.620592 0.382610 0.660677 0.384348 0.699377 0.387826 0.714585 0.390032 0.718308 0.391419 0.718923 0.392968 0.718462 0.394203 0.713200 0.399419 0.675885 0.399419 0.638562 0.400577 0.594331 0.404055 0.526608 0.405216 0.510015 0.401158 0.492054 0.395942 0.469938 0.391303 0.469938
2 0.569994 0.462415 0.569994 0.500815 0.573213 0.548808 0.575629 0.597754 0.578848 0.628469 0.582471 0.669746 0.585000 0.678231 0.588645 0.687923 0.591290 0.681385 0.593339 0.674546 0.599377 0.641908 0.600181 0.609277 0.598171 0.572800 0.598171 0.539208 0.600584 0.513292 0.600987 0.492169 0.600584 0.467215 0.597768 0.461454 0.592129 0.449923 0.585287 0.443223 0.578042 0.447062 0.572810 0.454738
2 0.599377 0.459538 0.607426 0.445138 0.612661 0.440338 0.616684 0.442262 0.621113 0.451862 0.623126 0.455700 0.626345 0.453777 0.635200 0.453777 0.638423 0.461454 0.637213 0.480654 0.634397 0.508492 0.632787 0.535369 0.631577 0.564162 0.632384 0.597754 0.634397 0.634231 0.634397 0.648631 0.632387 0.662077 0.630774 0.671692 0.627548 0.684154 0.624735 0.674546 0.623126 0.668785 0.619503 0.651508 0.617097 0.635154 0.610245 0.597754 0.609039 0.579523 0.607829 0.566085 0.606623 0.548808 0.606219 0.527685 0.601794 0.503692 0.600987 0.475854
2 0.579655 0.222454 0.571200 0.258931 0.567174 0.305000 0.563152 0.346277 0.557916 0.402908 0.558723 0.439377 0.563552 0.460500 0.569994 0.463377 0.578848 0.469138 0.587703 0.465300 0.591968 0.449923 0.592774 0.442262 0.592774 0.422100 0.591165 0.397146 0.588752 0.359715 0.591568 0.325154 0.591568 0.304038 0.591568 0.281962 0.589958 0.255085 0.587542 0.230131
2 0.597768 0.243569 0.597768 0.282923 0.590923 0.335715 0.589716 0.366431 0.592132 0.404823 0.593742 0.443223 0.594948 0.455700 0.601390 0.471054 0.608232 0.476815 0.617742 0.458615 0.618548 0.429769 0.616926 0.386585 0.615316 0.362592 0.616123 0.327077 0.615316 0.275246 0.610487 0.243569 0.598010 0.244531
3 0.635000 0.241169 0.619303 0.301638 0.616484 0.361154 0.619303 0.440823 0.625339 0.452338 0.641039 0.466738 0.650297 0.465777 0.652710 0.449462 0.651503 0.430262 0.655529 0.378431 0.654323 0.351554 0.650700 0.310277 0.649490 0.274762 0.642648 0.246931 0.636610 0.288200
3 0.665994 0.252685 0.661568 0.302600 0.658345 0.347715 0.656735 0.371708 0.653113 0.391869 0.652710 0.415862 0.652710 0.442738 0.661968 0.457138 0.672032 0.454262 0.678874 0.448500 0.687329 0.447538 0.694977 0.443700 0.699000 0.434100 0.699000 0.423546 0.701419 0.408154 0.698197 0.367869 0.694968 0.336231 0.694161 0.304538 0.694171 0.269008 0.694574 0.248846 0.694171 0.239254 0.679290 0.274769 0.673645 0.275692 0.668410 0.258446
4 0.721139 0.238292 0.711881 0.299723 0.711481 0.334277 0.706245 0.358269 0.702223 0.383231 0.703026 0.405308 0.706245 0.420662 0.715906 0.434100 0.720739 0.437938 0.740865 0.429300 0.746900 0.423546 0.754145 0.409146 0.751732 0.387069 0.747303 0.352515 0.748110 0.323715 0.748110 0.297800 0.748510 0.271885 0.747706 0.240208 0.739655 0.265169 0.730800 0.285323 0.726371 0.285323 0.725568 0.255569
3 0.640232 0.451377 0.651100 0.440823 0.657945 0.440823 0.677516 0.454231 0.690387 0.484977 0.694413 0.524331 0.698035 0.569438 0.702061 0.602077 0.708903 0.641431 0.709306 0.665431 0.701255 0.653908 0.690790 0.620315 0.684348 0.595362 0.679116 0.573285 0.671065 0.562723 0.665832 0.567523 0.663819 0.586715 0.665832 0.605915 0.671065 0.636631 0.674287 0.662546 0.673884 0.678869 0.668248 0.671185 0.657784 0.645269 0.654965 0.617431 0.650539 0.583838 0.650135 0.554085 0.648123 0.529131 0.640474 0.503208 0.636045 0.479215 0.638058 0.463854
3 0.692965 0.442738 0.691755 0.466738 0.695781 0.489777 0.700610 0.524331 0.704232 0.552162 0.710271 0.591515 0.717919 0.617431 0.722748 0.642392 0.729594 0.664469 0.742071 0.679823 0.739655 0.653908 0.729190 0.623192 0.724761 0.575200 0.728384 0.556000 0.733619 0.564646 0.741265 0.593438 0.745290 0.635669 0.754145 0.656792 0.757368 0.646231 0.758161 0.615538 0.753342 0.576162 0.749316 0.523369 0.746900 0.499369 0.745694 0.475377 0.746500 0.459062 0.744084 0.447538 0.740058 0.433138 0.734423 0.424500 0.721542 0.428346 0.719126 0.433138 0.711481 0.434100 0.708661 0.431223 0.701013 0.432185 0.697794 0.437938
4 0.753342 0.410108 0.747706 0.424500 0.746900 0.448500 0.750123 0.461938 0.753342 0.478254 0.757368 0.491692 0.759381 0.507054 0.766223 0.547362 0.777090 0.582877 0.792387 0.601115 0.798423 0.597277 0.788361 0.568485 0.784335 0.534885 0.783932 0.521446 0.798839 0.541615 0.804865 0.569438 0.813316 0.586715 0.817342 0.576162 0.813316 0.536808 0.808084 0.493615 0.802852 0.460977 0.801645 0.432185 0.796010 0.401469 0.792387 0.390908 0.779506 0.389946 0.776687 0.385146 0.769039 0.391869 0.763003 0.396669 0.758581 0.403385
3 0.341481 0.270731 0.349129 0.321608 0.350335 0.359038 0.353155 0.392638 0.356777 0.431992 0.355045 0.470385 0.346997 0.476146 0.336932 0.463662 0.332906 0.462708 0.329687 0.423354 0.334116 0.382077 0.334919 0.336962 0.337739 0.305285 0.336932 0.288969 0.340958 0.298569
3 0.313306 0.274569 0.319745 0.293769 0.319745 0.326408 0.320952 0.362877 0.325381 0.392638 0.328197 0.411831 0.329810 0.429108 0.330613 0.472308 0.321355 0.475185 0.311694 0.466546 0.303242 0.462708 0.291971 0.461746 0.282713 0.454069 0.281103 0.423354 0.287142 0.392638 0.289555 0.361923 0.286739 0.315846 0.286739 0.288008 0.293581 0.298569 0.298413 0.329285 0.300423 0.342723 0.304448 0.354238 0.307268 0.321608 0.308071 0.293769 0.312097 0.279369
4 0.263794 0.246738 0.273858 0.270731 0.277884 0.299531 0.276674 0.330246 0.275468 0.363838 0.279494 0.401277 0.280297 0.428154 0.279090 0.444469 0.276274 0.449269 0.272248 0.452146 0.264600 0.453108 0.258965 0.443508 0.252123 0.449269 0.245277 0.446385 0.240045 0.441585 0.230787 0.418554 0.234813 0.374400 0.238839 0.342723 0.235619 0.306246 0.233606 0.266892 0.239242 0.242900 0.244071 0.261138 0.247694 0.290892 0.253329 0.318723 0.258561 0.339846 0.264600 0.319685 0.260574 0.291854 0.259771 0.262092 0.260171 0.254415
4 0.180874 0.594208 0.194561 0.546215 0.198587 0.501100 0.203416 0.458869 0.205429 0.433908 0.214290 0.431000 0.219935 0.443538 0.223139 0.443508 0.230787 0.442546 0.234813 0.446385 0.239242 0.453108 0.246084 0.459823 0.251719 0.475185 0.244071 0.502062 0.239642 0.512615 0.234010 0.529892 0.225958 0.565408 0.221126 0.584608 0.215494 0.603808 0.209455 0.615323 0.202210 0.625885 0.191742 0.629723 0.195768 0.595169 0.207039 0.573092 0.209452 0.560615 0.211065 0.546215 0.205429 0.554854 0.198587 0.574046 0.191742 0.590369 0.187719 0.601885 0.184097 0.614362 0.179677 0.616308 0.178861 0.609562
3 0.252123 0.473262 0.248097 0.485738 0.248500 0.507815 0.248097 0.529892 0.244071 0.572131 0.234813 0.630677 0.232397 0.670992 0.231594 0.691154 0.239642 0.681554 0.246890 0.665238 0.248097 0.643162 0.255342 0.615323 0.258965 0.600923 0.263794 0.594208 0.266613 0.611485 0.263794 0.635477 0.257758 0.664277 0.256148 0.685392 0.260574 0.689231 0.267016 0.677715 0.273858 0.648915 0.279494 0.622038 0.283116 0.600923 0.288752 0.571169 0.288752 0.553892 0.292374 0.536615 0.292374 0.526054 0.295190 0.497262 0.296400 0.479985 0.290361 0.461746 0.279484 0.463692 0.271839 0.480923 0.266613 0.466538 0.257742 0.467538
3 0.307268 0.468462 0.298413 0.479023 0.298010 0.499177 0.298010 0.514538 0.298010 0.539492 0.294790 0.556769 0.287542 0.609562 0.285129 0.644115 0.281103 0.671954 0.279897 0.700754 0.283919 0.698831 0.292777 0.683469 0.296800 0.643162 0.310084 0.605723 0.314916 0.586531 0.317329 0.621085 0.314513 0.648915 0.310084 0.669077 0.308071 0.681554 0.315316 0.674831 0.325381 0.664277 0.333029 0.647000 0.339468 0.621085 0.338665 0.590369 0.342690 0.550054 0.345506 0.536615 0.348726 0.491500 0.344700 0.473262 0.335442 0.469423 0.328197 0.479985 0.324977 0.488623 0.316929 0.477100
0 0.465484 0.273731 0.468716 0.347908 0.464677 0.395115 0.465890 0.423054 0.474777 0.442315 0.485684 0.447131 0.492552 0.440392 0.492552 0.396077 0.493765 0.354654 0.492552 0.323831 0.488106 0.286254 0.486494 0.241946 0.467910 0.254469
