0 0.485649 0.276672 0.494684 0.342566 0.495161 0.376648 0.499918 0.443672 0.499918 0.476623 0.492783 0.490254 0.481366 0.490254 0.473281 0.489115 0.465669 0.489115 0.461867 0.475484 0.461867 0.453902 0.461867 0.423221 0.462340 0.407320 0.463768 0.390279 0.462340 0.364148 0.464719 0.317566 0.469475 0.280074 0.474811 0.273443 0.480096 0.272623
0 0.518943 0.537967 0.533212 0.530016 0.539873 0.530016 0.539873 0.549328 0.537018 0.586820 0.537406 0.603770 0.537491 0.627721 0.539876 0.694754 0.534900 0.733033 0.526321 0.726475 0.522718 0.667131 0.519835 0.630574 0.518466 0.564098
0 0.493734 0.535697 0.498490 0.532287 0.504674 0.533426 0.511332 0.537967 0.515614 0.545926 0.513710 0.569779 0.510858 0.600451 0.508953 0.632262 0.508480 0.660664 0.506575 0.687934 0.502769 0.702705 0.498387 0.720328 0.493823 0.700164 0.493257 0.689074 0.491833 0.661803 0.491833 0.634541 0.492783 0.607270 0.493734 0.572049 0.493257 0.551607
0 0.464530 0.525582 0.474993 0.523311 0.484506 0.524451 0.489739 0.526721 0.490213 0.548311 0.485456 0.584664 0.484506 0.618746 0.483078 0.661918 0.483555 0.697139 0.483078 0.719861 0.480096 0.762869 0.473566 0.715311 0.471187 0.700541 0.470237 0.663057 0.467859 0.626697 0.464530 0.582393 0.465003 0.551713 0.464053 0.541492
5 0.279489 0.491943 0.291551 0.495148 0.300937 0.501549 0.310319 0.504754 0.321043 0.519164 0.316352 0.533566 0.307639 0.530369 0.302275 0.535172 0.302948 0.549582 0.298926 0.570393 0.287529 0.573590 0.280158 0.563984 0.280158 0.536770 0.288202 0.525566 0.286191 0.519164 0.281500 0.514361
5 0.751592 0.388672 0.748288 0.392180 0.743514 0.400951 0.742045 0.413230 0.742412 0.420246 0.749756 0.427262 0.753061 0.427262 0.753795 0.411475 0.752694 0.400951
5 0.731397 0.418492 0.735069 0.421123 0.736170 0.428139 0.742780 0.430770 0.744616 0.444803 0.738741 0.457082 0.726990 0.454451 0.710470 0.450066 0.713040 0.438664 0.724787 0.429016
5 0.700923 0.540393 0.715244 0.526361 0.742780 0.508820 0.748288 0.520221 0.751960 0.556180 0.749756 0.567582 0.745717 0.574598 0.740944 0.569336 0.733600 0.558811 0.724787 0.557934 0.719650 0.571090 0.713040 0.569336 0.708267 0.561443 0.700556 0.550918
3 0.278329 0.485680 0.273229 0.486287 0.267107 0.506992 0.265834 0.536230 0.261500 0.577033 0.253085 0.596525 0.245944 0.622098 0.237275 0.655598 0.236767 0.677525 0.240844 0.706754 0.248751 0.674475 0.258696 0.647680 0.272464 0.617230 0.279094 0.602615 0.275014 0.625148 0.270933 0.642803 0.263795 0.661689 0.258696 0.671434 0.254616 0.690311 0.272464 0.687262 0.286232 0.656205 0.296685 0.627582 0.300000 0.608705 0.305100 0.588607 0.311730 0.576426 0.317848 0.558156 0.324990 0.528311 0.320655 0.508213 0.312749 0.498467 0.303569 0.500902 0.294393 0.496033 0.287251 0.488721
2 0.368233 0.525025 0.383277 0.515279 0.401637 0.535377 0.399849 0.563393 0.396026 0.578615 0.388377 0.651697 0.375374 0.721738 0.372313 0.728434 0.366194 0.724779 0.368998 0.627336 0.367979 0.567041 0.365683 0.540246
2 0.631067 0.536205 0.639485 0.523689 0.642663 0.522352 0.649399 0.525475 0.659125 0.530844 0.661184 0.537098 0.662865 0.543795 0.662117 0.626902 0.664176 0.667557 0.663614 0.712230 0.660995 0.728320 0.654262 0.724295 0.648651 0.694361 0.640419 0.641197 0.635930 0.597861 0.629756 0.569262 0.629008 0.552287
0 0.545103 0.532287 0.558898 0.526607 0.568411 0.533426 0.564128 0.590230 0.559849 0.629992 0.559849 0.677713 0.558898 0.700434 0.552237 0.725426 0.547008 0.693615 0.543202 0.624311 0.544152 0.591369 0.541774 0.556148
2 0.399341 0.528672 0.407498 0.519541 0.415405 0.525631 0.422035 0.529287 0.424327 0.539639 0.424585 0.563393 0.422035 0.590795 0.418720 0.650484 0.414128 0.704074 0.406225 0.731484 0.403929 0.696762 0.399087 0.636475 0.397045 0.585311 0.397045 0.548770
2 0.576633 0.521008 0.584118 0.521008 0.591040 0.523246 0.599454 0.528607 0.601513 0.541115 0.601699 0.567475 0.599269 0.577754 0.599080 0.609918 0.596277 0.630025 0.593844 0.668893 0.595154 0.690344 0.594780 0.729656 0.590851 0.782828 0.579629 0.766738 0.575511 0.703295 0.573641 0.679172 0.573641 0.621090 0.573082 0.578197 0.572334 0.545139 0.573267 0.523689
2 0.615168 0.525033 0.604132 0.538885 0.602636 0.558541 0.605443 0.584008 0.606002 0.594287 0.608246 0.604115 0.607124 0.621984 0.607124 0.655049 0.609369 0.690344 0.617038 0.743508 0.624334 0.751549 0.625642 0.722959 0.624334 0.689893 0.624894 0.646107 0.627327 0.602328 0.628823 0.570156 0.632752 0.546926 0.628634 0.537541 0.621527 0.529951
3 0.280827 0.251811 0.290882 0.283828 0.298253 0.331861 0.299595 0.373484 0.303617 0.407098 0.302275 0.434311 0.290882 0.448721 0.262062 0.439115 0.257371 0.426311 0.256030 0.394295 0.265412 0.363877 0.264743 0.323852 0.261390 0.255016 0.272787 0.272623 0.279489 0.306246
3 0.696393 0.531680 0.710402 0.519459 0.722251 0.515598 0.727910 0.501443 0.736259 0.495656 0.744609 0.511098 0.749187 0.518820 0.753229 0.547770 0.758346 0.579934 0.768850 0.615320 0.779355 0.652639 0.784475 0.679016 0.787708 0.698959 0.780703 0.706680 0.761579 0.662287 0.754307 0.639123 0.739760 0.617893 0.739760 0.642344 0.745686 0.666787 0.755113 0.689311 0.765889 0.729197 0.767234 0.751074 0.741647 0.703459 0.729526 0.680943 0.719561 0.631402 0.710402 0.605025 0.698281 0.574148 0.695048 0.554205
2 0.644966 0.314689 0.640662 0.347754 0.644592 0.396000 0.645340 0.415664 0.645525 0.425492 0.645899 0.445598 0.649269 0.467934 0.656750 0.474189 0.668346 0.484467 0.678823 0.470172 0.680693 0.442918 0.678449 0.425041 0.674146 0.404041 0.671901 0.381705 0.670031 0.363385 0.664979 0.328090 0.661798 0.315139 0.658246 0.312008 0.650577 0.312008
2 0.622145 0.294139 0.617841 0.334795 0.615038 0.377689 0.612979 0.417000 0.615223 0.459443 0.621208 0.470172 0.629252 0.471508 0.635426 0.484016 0.644592 0.483123 0.650577 0.470172 0.645714 0.444705 0.645340 0.425492 0.643469 0.403148 0.643095 0.381262 0.640662 0.348197 0.634115 0.316475 0.627382 0.293689
3 0.735861 0.267869 0.728174 0.244098 0.716867 0.333533 0.706362 0.409443 0.703130 0.430680 0.707440 0.461557 0.726561 0.467992 0.742186 0.458344 0.751881 0.448049 0.753497 0.439041 0.754846 0.406869 0.751074 0.375344 0.748919 0.309721 0.747303 0.255041
2 0.595827 0.270008 0.586850 0.321393 0.587972 0.392426 0.583294 0.439344 0.587409 0.477762 0.597697 0.485361 0.607049 0.484910 0.611726 0.484016 0.617152 0.458107 0.615093 0.427279 0.611911 0.401811 0.612474 0.357582 0.613037 0.334344 0.607275 0.279098 0.602025 0.268361
2 0.434334 0.525328 0.445000 0.513746 0.455666 0.520697 0.459221 0.534590 0.458253 0.621828 0.451465 0.741500 0.439183 0.772377 0.437889 0.777008 0.434012 0.692861 0.434012 0.641902 0.430130 0.610254 0.431747 0.554664
2 0.407756 0.322213 0.401891 0.347795 0.398322 0.371549 0.399087 0.418443 0.395515 0.459852 0.397299 0.485434 0.406225 0.493959 0.419228 0.489697 0.425604 0.465336 0.426369 0.425754 0.424585 0.375811 0.424073 0.314303 0.413178 0.303934
5 0.272114 0.400697 0.282169 0.402295 0.288202 0.416705 0.293562 0.435918 0.286191 0.439115 0.276809 0.439115 0.270103 0.439115 0.264073 0.427910 0.268765 0.416705
2 0.382766 0.316123 0.372567 0.378246 0.368998 0.418443 0.367467 0.454984 0.369763 0.473254 0.378432 0.478738 0.384550 0.472648 0.390673 0.465943 0.395007 0.458639 0.398322 0.423311 0.398322 0.409303 0.397811 0.388598 0.397811 0.362410 0.396791 0.327697 0.393730 0.317344 0.388675 0.312049
2 0.351150 0.330131 0.345285 0.360582 0.342989 0.407484 0.341462 0.459852 0.355484 0.475082 0.363644 0.459246 0.366702 0.450115 0.368744 0.423311 0.367467 0.396516 0.369458 0.355082 0.368085 0.325328 0.363109 0.307951 0.354427 0.315902
0 0.451400 0.268713 0.459962 0.306205 0.457584 0.351648 0.456633 0.393689 0.453778 0.444811 0.451400 0.482303 0.439986 0.482303 0.432375 0.478893 0.427141 0.470943 0.426668 0.439131 0.428964 0.402787 0.434660 0.391393 0.436307 0.348361 0.439705 0.315902 0.447594 0.276672
0 0.515614 0.293713 0.513236 0.344836 0.509430 0.374369 0.508953 0.402770 0.505148 0.441402 0.504674 0.478893 0.527979 0.481164 0.541774 0.482303 0.546054 0.478893 0.545103 0.439131 0.543202 0.402770 0.541774 0.365287 0.539873 0.323246 0.532261 0.280074 0.526184 0.276066 0.520933 0.282049
0 0.551764 0.294844 0.550336 0.323246 0.550336 0.359607 0.551287 0.393689 0.550810 0.435721 0.553665 0.460713 0.562227 0.478893 0.575069 0.477754 0.578397 0.470943 0.582203 0.441402 0.581253 0.418680 0.574118 0.369828 0.570312 0.336877 0.567934 0.302795 0.565079 0.277803 0.555834 0.271475
