5 0.666300 0.509091 0.662637 0.500909 0.656410 0.499091 0.648352 0.504545 0.641026 0.505455 0.638828 0.509091 0.638828 0.515455 0.642125 0.533636 0.645788 0.537273 0.652015 0.537273 0.661905 0.527273 0.665934 0.517273
5 0.536630 0.212727 0.535897 0.215455 0.535531 0.231818 0.533700 0.237273 0.534066 0.262727 0.532967 0.268182 0.533333 0.280909 0.532234 0.297273 0.531868 0.329091 0.530403 0.333636 0.524542 0.338182 0.520513 0.347273 0.518681 0.354545 0.517582 0.368182 0.519048 0.384545 0.524542 0.422727 0.526374 0.428182 0.530769 0.433636 0.541026 0.433636 0.546886 0.429091 0.553480 0.400000 0.554945 0.371818 0.553114 0.360909 0.545055 0.340909 0.539560 0.334545 0.538462 0.329091 0.538828 0.297273 0.538462 0.281818 0.537729 0.279091 0.538462 0.272727 0.538462 0.250000
5 0.396703 0.399091 0.392674 0.391818 0.384249 0.388182 0.377656 0.399091 0.368864 0.404545 0.366667 0.412727 0.361538 0.423636 0.361905 0.436364 0.361172 0.441818 0.361905 0.451818 0.361172 0.460000 0.362637 0.467273 0.364469 0.469091 0.374725 0.468182 0.385348 0.460909 0.393040 0.460000 0.397802 0.456364 0.401099 0.444545 0.401099 0.432727
5 0.345788 0.363636 0.342125 0.364545 0.336996 0.370909 0.336264 0.377273 0.336630 0.385455 0.335531 0.392727 0.328938 0.400000 0.323810 0.411818 0.324872 0.422727 0.322015 0.455182 0.319048 0.470000 0.319048 0.479091 0.321612 0.486364 0.325275 0.490909 0.331868 0.493636 0.345421 0.491818 0.349817 0.487273 0.355678 0.475455 0.362271 0.467273 0.360806 0.462727 0.361172 0.458182 0.360073 0.455455 0.361538 0.452727 0.360440 0.447273 0.361538 0.444545 0.361538 0.434545 0.360440 0.431818 0.359707 0.424545 0.355311 0.412727 0.354212 0.403636 0.347619 0.395455 0.346520 0.386364 0.346886 0.371818
5 0.291575 0.348182 0.290476 0.349091 0.287546 0.366364 0.282418 0.381818 0.280586 0.423636 0.277656 0.429091 0.266300 0.439091 0.261905 0.448182 0.260806 0.453636 0.261538 0.467273 0.274725 0.494545 0.278755 0.499091 0.285348 0.498182 0.292308 0.493636 0.310256 0.487273 0.316850 0.475455 0.319780 0.458182 0.321062 0.454909 0.321722 0.450000 0.321722 0.441545 0.321905 0.434545 0.322381 0.422364 0.320879 0.408182 0.319414 0.392727 0.317949 0.390000 0.315385 0.389091 0.311355 0.379091 0.302930 0.378182 0.299634 0.375455 0.297070 0.369091 0.297436 0.364545 0.295238 0.354545
0 0.472832 0.486255 0.498026 0.487182 0.506297 0.615036 0.504418 0.780218 0.490505 0.793282 0.484487 0.672900 0.475839 0.592636 0.471703 0.536645 0.469447 0.490918
0 0.499154 0.488118 0.511187 0.484382 0.525099 0.485318 0.528106 0.554373 0.528484 0.605700 0.533747 0.659827 0.537132 0.713027 0.529985 0.724227 0.517201 0.664500 0.509304 0.591709 0.502912 0.540382
0 0.529612 0.490918 0.541645 0.486255 0.551795 0.483455 0.558941 0.486255 0.560821 0.532909 0.557436 0.577709 0.561949 0.649564 0.561198 0.695291 0.561949 0.727955 0.559692 0.750355 0.545403 0.721427 0.538260 0.683164 0.539388 0.632764 0.535253 0.576773 0.531114 0.537582 0.528857 0.511445
0 0.469447 0.507718 0.466062 0.495582 0.457037 0.499318 0.454029 0.503045 0.446509 0.510518 0.441619 0.520782 0.439740 0.522645 0.436733 0.531982 0.437861 0.553445 0.441612 0.577727 0.446132 0.605700 0.449894 0.639300 0.451396 0.662627 0.455165 0.731727 0.459304 0.765273 0.467949 0.773727 0.476590 0.777418 0.478095 0.723291 0.475839 0.659827 0.473205 0.619700 0.472077 0.568373
0 0.440491 0.156818 0.434853 0.206282 0.434099 0.273473 0.434476 0.335073 0.433725 0.378000 0.432971 0.393864 0.434476 0.449855 0.435982 0.460118 0.445758 0.465718 0.456286 0.466655 0.463055 0.462918 0.469824 0.455455 0.472077 0.448918 0.470952 0.431191 0.469070 0.400391 0.470952 0.363064 0.466440 0.325736 0.463429 0.272545 0.461172 0.228682 0.462300 0.180155 0.460421 0.154018 0.448388 0.147491
0 0.467568 0.152155 0.464557 0.196955 0.463806 0.257609 0.469070 0.301473 0.469824 0.351864 0.469963 0.393273 0.471326 0.422791 0.472077 0.442391 0.475839 0.461055 0.493886 0.459191 0.507802 0.454518 0.512315 0.454518 0.514194 0.423727 0.514194 0.398527 0.511560 0.377064 0.507802 0.346264 0.506297 0.326673 0.502538 0.279073 0.502538 0.259473 0.501033 0.227745 0.496520 0.194155 0.494264 0.163355 0.481293 0.126027
0 0.525700 0.107045 0.516612 0.183264 0.512853 0.243927 0.508465 0.317800 0.510971 0.381573 0.514418 0.399464 0.515359 0.440682 0.515348 0.450818 0.533535 0.456236 0.554527 0.451564 0.558916 0.444564 0.556410 0.417345 0.555469 0.387018 0.556410 0.363691 0.554216 0.333355 0.550143 0.282027 0.549828 0.236927 0.547007 0.191036 0.542308 0.140491 0.536982 0.111718
0 0.560700 0.179373 0.553495 0.215145 0.552553 0.276582 0.554747 0.327136 0.558821 0.384682 0.558821 0.415791 0.559762 0.440682 0.567597 0.443791 0.581696 0.445345 0.592352 0.443009 0.596110 0.437564 0.595172 0.405682 0.594857 0.375355 0.593604 0.353582 0.592051 0.320182 0.590158 0.282027 0.588608 0.238455 0.586703 0.210455 0.582015 0.186364 0.576044 0.174727 0.571982 0.160709 0.567908 0.160709
1 0.403355 0.161373 0.419150 0.264409 0.426821 0.332718 0.431784 0.392073 0.434040 0.458145 0.420051 0.474945 0.400648 0.461500 0.390722 0.385355 0.387564 0.272245 0.393429 0.179291
1 0.399747 0.536536 0.411930 0.507418 0.425919 0.501818 0.433139 0.504055 0.440810 0.538773 0.441711 0.576845 0.440810 0.658600 0.443967 0.752673 0.446674 0.795227 0.433139 0.804182 0.417344 0.770591 0.409674 0.700036 0.407418 0.629482 0.408773 0.579091 0.402004 0.536536
1 0.619044 0.143455 0.599190 0.207291 0.594678 0.334955 0.592421 0.390955 0.591070 0.432382 0.596484 0.458145 0.604604 0.462618 0.620850 0.449182 0.627619 0.440227 0.633934 0.429027 0.630326 0.386473 0.629425 0.315918 0.631227 0.261045 0.625363 0.181536
1 0.566703 0.492855 0.579337 0.477182 0.586106 0.486136 0.594678 0.513018 0.596934 0.536536 0.596934 0.566773 0.598740 0.612682 0.597385 0.687718 0.597385 0.723555 0.599641 0.759391 0.596934 0.775064 0.592872 0.778427 0.584300 0.739227 0.575275 0.698918 0.571216 0.645164 0.566703 0.586927 0.563542 0.546609 0.560385 0.504055
2 0.376733 0.528691 0.383952 0.520855 0.397040 0.537655 0.404260 0.548855 0.408319 0.562291 0.410575 0.580209 0.408319 0.612682 0.408319 0.656364 0.406967 0.711236 0.405161 0.749309 0.402004 0.782909 0.398392 0.788509 0.388465 0.784027 0.382601 0.768345 0.377187 0.749309 0.374026 0.703391 0.370418 0.655236 0.366806 0.613809 0.367256 0.555573
2 0.600546 0.525336 0.612275 0.499582 0.618593 0.487264 0.630777 0.513018 0.637546 0.549973 0.635740 0.599245 0.635740 0.649645 0.632582 0.702273 0.630777 0.745955 0.628070 0.756027 0.620850 0.767227 0.611374 0.714591 0.605509 0.629482 0.601897 0.579091 0.600092 0.536536
2 0.633033 0.500700 0.641154 0.498455 0.654692 0.496218 0.662813 0.495100 0.669582 0.498455 0.671839 0.525336 0.673194 0.565655 0.670033 0.604845 0.666425 0.655236 0.670033 0.714591 0.666425 0.752673 0.663264 0.764991 0.649729 0.745955 0.642059 0.702273 0.636645 0.646282 0.636645 0.611564 0.632582 0.515255
4 0.764341 0.452545 0.757571 0.459264 0.752608 0.478300 0.745388 0.490618 0.735462 0.495100 0.730498 0.504055 0.719220 0.527573 0.715608 0.536536 0.725084 0.569009 0.732755 0.589164 0.746293 0.612682 0.762535 0.630600 0.775172 0.642918 0.787355 0.650764 0.802245 0.663082 0.819392 0.669800 0.818487 0.655236 0.802234 0.626091 0.789597 0.599273 0.791868 0.594727 0.807656 0.621636 0.823000 0.639564 0.825707 0.636200 0.827963 0.625000 0.823905 0.607082 0.811271 0.575727 0.797733 0.543255 0.790963 0.509655 0.784194 0.477182 0.770209 0.440227 0.764791 0.446945
3 0.726619 0.222518 0.725714 0.267318 0.718495 0.309873 0.710824 0.354664 0.706777 0.397182 0.706300 0.434182 0.716692 0.455455 0.728425 0.459936 0.745571 0.454336 0.760912 0.446500 0.764974 0.434182 0.765875 0.410664 0.760912 0.371464 0.757300 0.336745 0.760912 0.290836 0.758205 0.240436 0.749630 0.209082 0.742410 0.207964 0.741509 0.241564 0.740608 0.286355 0.736996 0.214682 0.730678 0.207964
2 0.697575 0.230700 0.700396 0.283582 0.705722 0.353582 0.707289 0.404909 0.708315 0.459273 0.691612 0.464364 0.679714 0.461673 0.673762 0.451564 0.666238 0.451564 0.662165 0.441455 0.662165 0.418127 0.667179 0.374573 0.673132 0.329473 0.674388 0.296027 0.678147 0.252482 0.686293 0.226036
2 0.635861 0.164636 0.632088 0.259455 0.630842 0.355091 0.632088 0.435273 0.642110 0.447682 0.662491 0.447636 0.666238 0.387800 0.666238 0.330245 0.667179 0.279727 0.663106 0.208145 0.662784 0.170000
2 0.344923 0.203264 0.356201 0.339882 0.365227 0.480991 0.400425 0.461955 0.400875 0.416036 0.385081 0.320845 0.383278 0.288373 0.368385 0.216700 0.353044 0.192064
2 0.315139 0.221182 0.322359 0.332045 0.323264 0.424991 0.321458 0.491064 0.348982 0.495545 0.363421 0.476509 0.360264 0.393636 0.357106 0.320845 0.347179 0.272691 0.338154 0.231255 0.328678 0.212218 0.318751 0.207736
3 0.296641 0.221182 0.316945 0.292845 0.319652 0.376836 0.324615 0.430591 0.317396 0.484345 0.300700 0.500027 0.278139 0.503382 0.265055 0.494427 0.256480 0.458591 0.256029 0.424991 0.265505 0.377964 0.265055 0.332045 0.259641 0.265973 0.262799 0.231255 0.270919 0.235736 0.279495 0.258136 0.285359 0.283891 0.288516 0.313009 0.291227 0.272691
5 0.462044 0.358491 0.452689 0.348773 0.446161 0.346609 0.439850 0.352555 0.437022 0.367673 0.434190 0.386573 0.434626 0.392518 0.437238 0.402782 0.438326 0.409800 0.441374 0.434100 0.442678 0.437345 0.450513 0.440045 0.459868 0.434100 0.461828 0.431945 0.463352 0.416818 0.468139 0.396300 0.467703 0.379555 0.466832 0.373618 0.465963 0.364973
5 0.498604 0.339055 0.486201 0.331491 0.472275 0.350936 0.472275 0.369836 0.476190 0.393600 0.478802 0.414118 0.479454 0.434645 0.485546 0.436264 0.494253 0.435182 0.499473 0.424382 0.505568 0.404936 0.508179 0.394136 0.511007 0.378473 0.507960 0.363891 0.503828 0.345527
5 0.612249 0.284518 0.616322 0.310182 0.617890 0.370845 0.619454 0.401945 0.618516 0.416727 0.612560 0.416727 0.610370 0.411282 0.608487 0.380173 0.609114 0.346736 0.609114 0.323400 0.608487 0.297736
5 0.711187 0.359973 0.713604 0.359600 0.716322 0.368973 0.719799 0.374600 0.725392 0.382845 0.726751 0.392227 0.726147 0.403473 0.725996 0.413973 0.732040 0.412855 0.740502 0.412100 0.753799 0.407227 0.757879 0.413227 0.756670 0.425982 0.754103 0.435355 0.748059 0.441355 0.739747 0.448109 0.734758 0.448109 0.726901 0.448109 0.721007 0.450727 0.713000 0.444355 0.709524 0.438727 0.708165 0.432727 0.707407 0.406100 0.707407 0.389973 0.710429 0.365600
5 0.666758 0.393727 0.665549 0.410227 0.662828 0.429355 0.664037 0.443982 0.669476 0.450355 0.678846 0.454855 0.683985 0.455609 0.697132 0.458236 0.705443 0.457855 0.707861 0.452982 0.705744 0.403100 0.701817 0.392227 0.697132 0.392973 0.692597 0.394100 0.687612 0.410227 0.685648 0.416227 0.680659 0.418482 0.678242 0.416982 0.675974 0.401227 0.673707 0.393727 0.669930 0.392227
5 0.651344 0.390873 0.650286 0.405127 0.641220 0.407755 0.636535 0.409255 0.632908 0.416000 0.631850 0.426500 0.634568 0.433627 0.640011 0.437382 0.644696 0.440382 0.656634 0.442627 0.661319 0.443009 0.663736 0.438882 0.665095 0.395373 0.662527 0.392745 0.653612 0.392000
5 0.394139 0.531818 0.388278 0.532727 0.381685 0.540909 0.378755 0.548182 0.377656 0.556364 0.378022 0.573636 0.382784 0.582727 0.384249 0.596364 0.386447 0.605455 0.387179 0.619091 0.386447 0.639091 0.387912 0.646364 0.387546 0.652727 0.385714 0.660000 0.385348 0.670000 0.387179 0.674545 0.387912 0.680000 0.389377 0.680000 0.390842 0.670909 0.390842 0.647273 0.392674 0.642727 0.392674 0.632727 0.393773 0.626364 0.398535 0.615455 0.405128 0.608182 0.406593 0.597273 0.410623 0.580909 0.410989 0.573636 0.410623 0.562727 0.402930 0.540909 0.397436 0.533636
5 0.763370 0.493636 0.761905 0.486364 0.757875 0.479091 0.755678 0.477273 0.751648 0.479091 0.744322 0.490000 0.740293 0.499091 0.728205 0.513636 0.726740 0.518182 0.726374 0.525455 0.727473 0.530909 0.732234 0.540909 0.736996 0.540909 0.741392 0.538182 0.748352 0.530000 0.750916 0.522727 0.761538 0.504545 0.763004 0.500000
5 0.570696 0.237273 0.570330 0.240909 0.571429 0.245455 0.569597 0.251818 0.570330 0.263636 0.569963 0.279091 0.568864 0.283636 0.568864 0.306364 0.569597 0.309091 0.569231 0.315455 0.570330 0.324545 0.570696 0.340909 0.562637 0.360909 0.560440 0.375455 0.560073 0.385455 0.562271 0.419091 0.565201 0.430000 0.568864 0.435455 0.578022 0.436364 0.583150 0.430909 0.586081 0.420909 0.586813 0.392727 0.587912 0.388182 0.589011 0.369091 0.589011 0.353636 0.585714 0.340909 0.579121 0.337273 0.577289 0.332727 0.576557 0.326364 0.576557 0.300909 0.575458 0.293636 0.575458 0.283636 0.574359 0.279091 0.574359 0.254545 0.571795 0.244545 0.572894 0.240909 0.572527 0.238182
