5 0.725659 0.348685 0.731533 0.369346 0.742195 0.377992 0.741328 0.392885 0.743937 0.423585 0.742631 0.450531 0.732188 0.458223 0.721742 0.458654 0.710209 0.459615 0.704767 0.453900 0.706293 0.437085 0.712167 0.424115 0.709338 0.400569 0.714561 0.375062 0.718261 0.362092
3 0.237317 0.191715 0.242192 0.259854 0.240024 0.332777 0.244899 0.404500 0.258976 0.434385 0.284965 0.436777 0.294171 0.414062 0.292547 0.381785 0.286592 0.336362 0.288756 0.281369 0.289300 0.231169 0.282258 0.198892 0.269265 0.189323 0.267098 0.249100 0.267641 0.275392 0.261143 0.253877 0.260599 0.218015 0.253561 0.194108 0.245979 0.188131
6 0.249164 0.459846 0.238355 0.482777 0.241965 0.503700 0.251892 0.517646 0.266780 0.531592 0.283477 0.535577 0.290697 0.544546 0.302429 0.568454 0.321833 0.573431 0.345296 0.577415 0.363798 0.572438 0.372822 0.581385 0.388613 0.575423 0.398091 0.585385 0.411174 0.543546 0.408920 0.513662 0.396735 0.491746 0.376432 0.495731 0.361540 0.485769 0.337174 0.495731 0.326794 0.480785 0.313711 0.478792 0.292052 0.473815 0.277160 0.470823 0.264073 0.462854
3 0.287540 0.471823 0.284380 0.541554 0.273551 0.578415 0.265878 0.628223 0.247380 0.685000 0.238805 0.673046 0.240160 0.636192 0.239707 0.622246 0.229331 0.642169 0.225721 0.648146 0.222111 0.640177 0.223463 0.604315 0.227073 0.568454 0.241063 0.528600 0.238355 0.483777 0.241965 0.442931 0.258659 0.451900 0.269941 0.459869
2 0.394930 0.492738 0.386808 0.502700 0.379139 0.520631 0.375979 0.552515 0.379589 0.585385 0.387711 0.628223 0.389516 0.683008 0.388613 0.735808 0.388613 0.764700 0.404857 0.729831 0.418847 0.666077 0.415686 0.594354 0.411627 0.531592 0.409369 0.495731 0.400798 0.492738
0 0.477505 0.487762 0.456300 0.481785 0.445920 0.482777 0.444115 0.502700 0.448178 0.555500 0.448627 0.613277 0.451787 0.672054 0.455397 0.699946 0.460359 0.719869 0.473446 0.712900 0.470286 0.629215 0.475700 0.556500
0 0.477958 0.487762 0.491045 0.467838 0.502777 0.471823 0.503226 0.525615 0.503679 0.585385 0.502324 0.644162 0.495557 0.697954 0.490139 0.711900 0.477505 0.674046 0.474798 0.616269 0.476603 0.527608
0 0.509544 0.478792 0.501875 0.487762 0.501422 0.536569 0.504582 0.574431 0.504582 0.637185 0.509997 0.691977 0.514056 0.725846 0.522178 0.705923 0.534362 0.667069 0.532557 0.601323 0.533909 0.522623 0.530753 0.489754 0.529861 0.480769 0.518568 0.477800
0 0.558728 0.491746 0.542031 0.497723 0.530753 0.489754 0.535265 0.557492 0.535265 0.615269 0.537519 0.676038 0.537519 0.711900 0.549251 0.668069 0.559178 0.565462 0.557826 0.510669
2 0.598436 0.518638 0.610167 0.503700 0.621899 0.508677 0.628669 0.519638 0.629122 0.567454 0.625962 0.631208 0.622352 0.658108 0.625509 0.687992 0.628216 0.738800 0.628216 0.767685 0.613777 0.733815 0.604303 0.679023 0.602498 0.644162 0.605206 0.614277 0.599791 0.574431 0.596181 0.536569
2 0.626411 0.511669 0.633181 0.496723 0.640854 0.495731 0.650328 0.495731 0.657547 0.506685 0.661157 0.540562 0.664767 0.581400 0.667024 0.623238 0.669732 0.658108 0.669279 0.677031 0.670174 0.723846 0.668829 0.758723 0.666122 0.782631 0.654390 0.755731 0.645815 0.710908 0.643561 0.648146 0.638596 0.596346 0.632718 0.561462 0.630024 0.542554
3 0.690488 0.480785 0.696352 0.475808 0.709892 0.490746 0.712599 0.511669 0.717111 0.551515 0.718463 0.592362 0.729746 0.630215 0.732453 0.672054 0.741024 0.709908 0.739672 0.723854 0.727488 0.717877 0.717111 0.685000 0.706732 0.648146 0.702220 0.622246 0.701770 0.650138 0.710341 0.699946 0.716209 0.737800 0.706282 0.735808 0.691390 0.713892 0.685523 0.674046 0.681913 0.638185 0.676951 0.598338 0.671986 0.566462 0.664317 0.547531 0.661157 0.520631 0.657547 0.503700 0.664767 0.486762 0.682366 0.486762
1 0.562338 0.502700 0.571362 0.487762 0.585801 0.490746 0.593021 0.497723 0.593474 0.540562 0.590314 0.584392 0.594826 0.629215 0.596181 0.688992 0.596181 0.732823 0.596181 0.787608 0.594826 0.808531 0.582192 0.783623 0.573620 0.736808 0.567753 0.682015 0.564596 0.636192 0.560084 0.594354 0.560533 0.550523
1 0.796526 0.210823 0.788857 0.270592 0.785247 0.297492 0.782087 0.348292 0.780735 0.409062 0.783443 0.429985 0.794272 0.438946 0.810063 0.427992 0.818638 0.407069 0.820892 0.364231 0.815477 0.316415 0.822247 0.259638 0.820892 0.237723 0.815477 0.220785 0.804199 0.202854
1 0.407564 0.500708 0.426066 0.474808 0.437798 0.470823 0.443213 0.516646 0.445920 0.579408 0.448178 0.661092 0.445017 0.728838 0.441408 0.754738 0.431031 0.765692 0.422003 0.770677 0.415686 0.718877 0.417042 0.649138 0.414784 0.581400 0.411627 0.537569
1 0.758174 0.225769 0.755014 0.281554 0.748697 0.340323 0.743282 0.378177 0.746892 0.431977 0.752307 0.444923 0.769003 0.441938 0.780282 0.439946 0.783443 0.421015 0.782540 0.380169 0.782540 0.334346 0.785247 0.274577 0.787052 0.228754 0.787052 0.213808 0.779826 0.213846 0.773516 0.254654 0.767648 0.210823 0.762683 0.204846
1 0.717561 0.245692 0.709892 0.313431 0.704024 0.367223 0.698610 0.422015 0.700868 0.456877 0.709439 0.471823 0.720268 0.468831 0.733355 0.458869 0.737868 0.455885 0.741927 0.452892 0.745537 0.432969 0.745087 0.403085 0.744634 0.362238 0.750049 0.324385 0.753206 0.269615 0.750035 0.233692 0.744634 0.246692 0.738780 0.274615 0.733805 0.306454 0.732902 0.253662 0.726585 0.223769
5 0.745895 0.373138 0.745679 0.403931 0.747418 0.431800 0.749596 0.436123 0.760258 0.434631 0.768091 0.433238 0.770704 0.433238 0.771791 0.426469 0.770268 0.413062 0.766568 0.410662 0.765261 0.392885 0.765697 0.377031 0.765045 0.365023 0.762000 0.363054 0.756341 0.368385 0.751334 0.372708
1 0.692293 0.233738 0.680561 0.285538 0.673341 0.302469 0.672439 0.404085 0.671084 0.445923 0.673345 0.469846 0.690035 0.478792 0.699512 0.474808 0.699063 0.444923 0.701317 0.385154 0.697258 0.316415 0.695449 0.261631
1 0.658045 0.218015 0.649923 0.280177 0.647756 0.306477 0.645049 0.344731 0.638010 0.388962 0.632596 0.424823 0.635843 0.461877 0.640174 0.470246 0.645575 0.475000 0.652613 0.478615 0.661293 0.484592 0.672122 0.473838 0.670498 0.447538 0.670498 0.398523 0.674289 0.333969 0.675913 0.286154 0.670498 0.244315 0.665084 0.218015
1 0.634760 0.208454 0.621223 0.282569 0.613645 0.324408 0.602272 0.384177 0.599564 0.436777 0.599024 0.461877 0.604439 0.477423 0.610937 0.486985 0.621767 0.485792 0.627721 0.479815 0.633679 0.465469 0.634220 0.458292 0.632052 0.414062 0.638551 0.378200 0.646132 0.318431 0.647756 0.283762 0.647756 0.231169 0.646672 0.202477
1 0.395429 0.143900 0.398676 0.218015 0.398136 0.258662 0.404091 0.322015 0.413840 0.365054 0.416003 0.411677 0.415463 0.455900 0.417631 0.472615 0.437662 0.455900 0.446328 0.447538 0.447951 0.418846 0.445784 0.387762 0.439289 0.342338 0.432247 0.300500 0.426833 0.256269 0.422502 0.232362 0.411672 0.194108 0.405174 0.170200
3 0.749599 0.464846 0.741927 0.470823 0.732902 0.471823 0.722526 0.468831 0.718916 0.471823 0.709439 0.498715 0.715756 0.526608 0.726585 0.563469 0.733355 0.600331 0.741024 0.636192 0.751404 0.674046 0.760429 0.695962 0.769906 0.713892 0.773516 0.707915 0.775770 0.687992 0.773516 0.667069 0.764488 0.628223 0.784345 0.671054 0.790209 0.665077 0.785697 0.626231 0.776672 0.580408 0.769453 0.532585 0.762233 0.482777
3 0.290383 0.203669 0.290923 0.273008 0.287672 0.304085 0.295254 0.345923 0.294714 0.377008 0.292007 0.420038 0.292007 0.439169 0.299585 0.448731 0.313122 0.452315 0.317456 0.452315 0.328826 0.452315 0.334240 0.451123 0.341822 0.439169 0.342362 0.411677 0.341822 0.378200 0.339115 0.344731 0.334784 0.268223 0.333700 0.235946 0.320164 0.208454 0.301753 0.191715 0.310958 0.235946 0.312582 0.276592 0.300129 0.223992 0.299045 0.206062
2 0.345070 0.210846 0.339655 0.251485 0.337491 0.292131 0.338031 0.337554 0.342362 0.393738 0.343446 0.436777 0.344530 0.460685 0.354819 0.465469 0.364564 0.464269 0.371063 0.451123 0.372686 0.421238 0.373226 0.390154 0.372686 0.351900 0.366728 0.298108 0.366728 0.259854 0.366728 0.240731 0.358606 0.213231
2 0.371603 0.218015 0.367272 0.262246 0.368895 0.314846 0.373519 0.380615 0.372578 0.414077 0.373659 0.445385 0.377017 0.461877 0.382976 0.466662 0.393261 0.467854 0.395429 0.469054 0.403010 0.460685 0.407341 0.454708 0.410589 0.451123 0.415463 0.447538 0.417627 0.427215 0.415463 0.400915 0.411132 0.357877 0.404091 0.319623 0.401383 0.286154 0.398676 0.258662 0.394345 0.232362 0.390014 0.210846 0.380808 0.216823
0 0.446328 0.219208 0.445244 0.319623 0.444160 0.381785 0.446868 0.448731 0.451199 0.459492 0.457697 0.465469 0.475568 0.458292 0.478815 0.455900 0.483690 0.449923 0.486397 0.429608 0.480983 0.403308 0.473941 0.372223 0.471777 0.336362 0.474484 0.274200 0.466902 0.239531 0.460948 0.218015 0.453909 0.206062
0 0.503181 0.207254 0.493436 0.273008 0.487481 0.320823 0.487481 0.369831 0.484774 0.393738 0.482066 0.415262 0.484774 0.463077 0.504805 0.467854 0.522676 0.472638 0.524840 0.445146 0.525923 0.404500 0.521052 0.361469 0.518345 0.278985 0.518885 0.252685 0.513470 0.208454
0 0.551373 0.222800 0.543251 0.276592 0.537296 0.326800 0.531882 0.366246 0.527007 0.404500 0.523760 0.451123 0.525383 0.465469 0.533505 0.471446 0.541087 0.476223 0.550833 0.477423 0.561118 0.473838 0.564369 0.472638 0.563829 0.429608 0.563286 0.385377 0.564369 0.316038 0.564369 0.258662 0.563286 0.221600 0.558955 0.203669
0 0.593610 0.232362 0.589275 0.249100 0.583861 0.286154 0.577906 0.347123 0.574115 0.393738 0.568700 0.443946 0.565993 0.473838 0.574659 0.479815 0.587652 0.481008 0.596317 0.476223 0.600108 0.469054 0.599564 0.448731 0.597941 0.423631 0.594693 0.380592 0.596857 0.305285 0.599024 0.235946
5 0.385690 0.368915 0.383948 0.389569 0.376115 0.393415 0.373505 0.403500 0.376767 0.432323 0.379596 0.446738 0.386341 0.453462 0.405491 0.449623 0.412456 0.438092 0.414415 0.405908 0.414850 0.394377 0.410063 0.384769 0.404840 0.379000 0.398310 0.366508 0.393742 0.362185
5 0.658397 0.403362 0.649690 0.414408 0.647732 0.437946 0.644686 0.445154 0.638592 0.453323 0.640551 0.465331 0.650997 0.466292 0.657091 0.473977 0.667537 0.474938 0.668404 0.461008 0.668624 0.435062 0.668188 0.419208 0.664488 0.412008
5 0.683007 0.491800 0.674955 0.497615 0.669732 0.499008 0.668209 0.511977 0.677568 0.518269 0.680613 0.523992 0.686272 0.538446 0.690188 0.539408 0.696282 0.531192 0.695192 0.520146 0.694540 0.515392 0.704551 0.512938 0.704331 0.497615 0.703679 0.488485 0.694324 0.491369 0.688230 0.492762
5 0.725875 0.478400 0.718477 0.487962 0.718261 0.499969 0.733711 0.507223 0.739366 0.513469 0.747638 0.509146 0.748289 0.491369 0.747418 0.472631 0.744153 0.470231 0.735885 0.475515
