4 0.191503 0.152517 0.189337 0.184358 0.191503 0.237425 0.197459 0.283850 0.194752 0.350183 0.196378 0.372733 0.213163 0.383350 0.235905 0.382025 0.242401 0.344875 0.234279 0.309058 0.235364 0.246708 0.229949 0.198950 0.216952 0.148542 0.209912 0.217525
4 0.776840 0.209558 0.766010 0.301100 0.756262 0.368758 0.754099 0.409883 0.776840 0.419167 0.803367 0.407250 0.806619 0.384675 0.806619 0.317017 0.813119 0.250683 0.813660 0.224158 0.802289 0.225483 0.794707 0.262625 0.789293 0.290483 0.790378 0.234767 0.789833 0.214867 0.783878 0.202925
4 0.740020 0.433758 0.752473 0.432433 0.766010 0.423150 0.778463 0.417842 0.787126 0.433758 0.793626 0.486825 0.801207 0.535908 0.809327 0.587650 0.804456 0.611525 0.789293 0.581017 0.779007 0.546525 0.775214 0.549175 0.777381 0.583667 0.786044 0.628775 0.775214 0.635408 0.763303 0.603567 0.756262 0.574383 0.744891 0.518667 0.735146 0.486825 0.733520 0.456317
2 0.604109 0.176400 0.596527 0.265283 0.587864 0.352833 0.585697 0.427125 0.601401 0.431108 0.610065 0.447025 0.621976 0.433758 0.621435 0.395292 0.623602 0.309058 0.625769 0.244058 0.622517 0.197583 0.617646 0.172417
3 0.246735 0.171092 0.244568 0.234767 0.239153 0.306408 0.239153 0.355492 0.237527 0.383350 0.266228 0.393958 0.282469 0.393958 0.288429 0.370083 0.284095 0.307733 0.275432 0.233442 0.264061 0.165783 0.259728 0.233442
3 0.277054 0.405900 0.268935 0.449683 0.263503 0.508083 0.252690 0.571733 0.251605 0.595608 0.264602 0.590300 0.279221 0.554483 0.284095 0.527950 0.280847 0.638058 0.291677 0.639383 0.299799 0.612858 0.307378 0.592958 0.319293 0.526625 0.323082 0.484175 0.324163 0.464275 0.325248 0.428458 0.323622 0.415192 0.310085 0.409883 0.295466 0.401925 0.286262 0.401925
3 0.323622 0.421825 0.342034 0.404575 0.353405 0.413858 0.359901 0.424475 0.378313 0.424475 0.363150 0.493458 0.362068 0.529275 0.355034 0.620833 0.345816 0.654000 0.337177 0.636750 0.338776 0.550500 0.335544 0.549167 0.321456 0.634083 0.313333 0.652650 0.303605 0.626083 0.314418 0.543867 0.324163 0.478867
5 0.287884 0.404575 0.279221 0.427125 0.281388 0.449683 0.284636 0.466925 0.274891 0.498767 0.272184 0.518667 0.275973 0.525300 0.286262 0.509375 0.290592 0.498767 0.292218 0.514683 0.297633 0.529275 0.306296 0.500092 0.314418 0.490808 0.318748 0.500092 0.326871 0.477542 0.327415 0.468250 0.336619 0.468250 0.343116 0.457642 0.355027 0.457642 0.364776 0.429783 0.359361 0.415192 0.339867 0.400592 0.323082 0.416517 0.301422 0.403250
2 0.353946 0.163133 0.344741 0.222825 0.327956 0.323650 0.324163 0.391308 0.327415 0.411208 0.361527 0.405900 0.362609 0.378042 0.367483 0.319675 0.369650 0.248033 0.359901 0.189667
2 0.377772 0.168433 0.371272 0.222825 0.366942 0.306408 0.362068 0.411208 0.381561 0.420492 0.389684 0.388658 0.393473 0.299775 0.393473 0.206908
2 0.403762 0.180375 0.395639 0.255992 0.386976 0.360800 0.389143 0.437742 0.404844 0.435083 0.416214 0.407225 0.422173 0.311708 0.422173 0.221500 0.417840 0.180375
0 0.429211 0.209558 0.426503 0.319675 0.422714 0.403250 0.431918 0.437742 0.447078 0.436417 0.447622 0.407225 0.450871 0.343550 0.454119 0.266608 0.444915 0.205583 0.438415 0.185683
0 0.459534 0.192317 0.457367 0.267933 0.450330 0.335592 0.449245 0.441717 0.461701 0.451008 0.474694 0.444375 0.479027 0.397942 0.479027 0.330283 0.475779 0.254667 0.475238 0.210892 0.468197 0.173742
0 0.484442 0.201600 0.499602 0.177725 0.515847 0.192317 0.516388 0.244058 0.511517 0.301100 0.514224 0.378042 0.507724 0.427125 0.477401 0.437742 0.482279 0.355500
0 0.521803 0.210892 0.523429 0.305075 0.518554 0.396617 0.531551 0.445700 0.549959 0.436417 0.553752 0.396617 0.550503 0.332942 0.547252 0.265283 0.543463 0.221500 0.539673 0.183033 0.537507 0.155175
2 0.634432 0.193642 0.626310 0.274567 0.623602 0.399267 0.623605 0.432417 0.637687 0.435083 0.653925 0.429783 0.657714 0.403250 0.657714 0.323650 0.652840 0.259975 0.648510 0.205583 0.644718 0.183033
3 0.723235 0.419167 0.732439 0.435083 0.734605 0.472233 0.737313 0.541217 0.743269 0.591625 0.751932 0.638058 0.744350 0.642042 0.728105 0.600917 0.717276 0.558467 0.710238 0.530600 0.721609 0.607550 0.724316 0.675208 0.703741 0.619483 0.695075 0.566425 0.689119 0.522642 0.680997 0.482842 0.677207 0.432433 0.681541 0.415192 0.704282 0.417842
1 0.633888 0.449683 0.647425 0.440392 0.660963 0.435083 0.670711 0.435083 0.675041 0.453658 0.678833 0.474883 0.677207 0.497442 0.664211 0.496108 0.649592 0.478867 0.636054 0.468250
1 0.685330 0.421825 0.695619 0.421825 0.712405 0.416517 0.721609 0.420492 0.722150 0.441717 0.716735 0.457642 0.697241 0.454983 0.688578 0.453658
1 0.568371 0.160475 0.554833 0.281200 0.553752 0.354167 0.553752 0.439067 0.571078 0.451008 0.583531 0.429783 0.585697 0.384675 0.589490 0.309058 0.589490 0.258650 0.589490 0.198950 0.587323 0.156500 0.577575 0.143233
1 0.540272 0.452525 0.554939 0.444233 0.566969 0.453442 0.568476 0.493058 0.569980 0.548333 0.573364 0.616508 0.571105 0.669942 0.566595 0.694817 0.559449 0.717842 0.554939 0.719692 0.548922 0.704025 0.549296 0.648750 0.541024 0.599000 0.539520 0.547408 0.539150 0.508750 0.537639 0.478317
1 0.425963 0.443308 0.445139 0.444233 0.448146 0.456208 0.442507 0.625717 0.427466 0.686525 0.412799 0.662567 0.414680 0.580575 0.419568 0.513325
3 0.623374 0.437783 0.651952 0.430408 0.671129 0.428567 0.677146 0.443308 0.678276 0.507800 0.683915 0.575975 0.694442 0.626642 0.699333 0.656125 0.694068 0.669942 0.677524 0.626642 0.667371 0.592550 0.661361 0.597167 0.660602 0.634933 0.663986 0.680992 0.660602 0.697575 0.651201 0.670858 0.640296 0.629408 0.633527 0.581500 0.632398 0.539117 0.626759 0.500425 0.623752 0.463575
2 0.592915 0.448833 0.610214 0.447917 0.623374 0.446075 0.630143 0.478317 0.630520 0.517008 0.627888 0.579658 0.630895 0.645067 0.630143 0.687442 0.627510 0.710475 0.614724 0.685600 0.605701 0.627558 0.603446 0.570442 0.597054 0.525300 0.597806 0.480158
2 0.591412 0.457125 0.579003 0.454367 0.567721 0.454367 0.567721 0.479242 0.572612 0.510558 0.571861 0.569525 0.575245 0.626642 0.580133 0.674550 0.590286 0.698500 0.598932 0.703108 0.605327 0.692975 0.603820 0.646908 0.601942 0.587950 0.600061 0.542808 0.597429 0.471867
0 0.533129 0.470950 0.528993 0.455283 0.516582 0.446992 0.510942 0.453442 0.507558 0.482000 0.515830 0.534517 0.519592 0.588867 0.522976 0.652433 0.532752 0.645983 0.538391 0.630325 0.540650 0.581500 0.535007 0.507800
0 0.507184 0.454367 0.489884 0.444233 0.478980 0.470025 0.485374 0.545567 0.483867 0.622033 0.494772 0.655200 0.506054 0.597158 0.505303 0.513325
0 0.476347 0.459892 0.465068 0.462658 0.462813 0.508717 0.463187 0.591633 0.467323 0.658883 0.481990 0.640458 0.487252 0.567683 0.483493 0.456208
0 0.448524 0.458967 0.463939 0.457125 0.468452 0.474633 0.468075 0.557550 0.457548 0.655200 0.441755 0.665333 0.444010 0.547408 0.445891 0.502267
2 0.401520 0.440542 0.418065 0.441467 0.423704 0.459892 0.417687 0.516092 0.416561 0.581500 0.407912 0.644142 0.403776 0.669942 0.395878 0.672700 0.386480 0.627558 0.386102 0.574125 0.389864 0.508717 0.394374 0.456208
2 0.372942 0.429492 0.401143 0.429492 0.398510 0.460817 0.394374 0.513325 0.384221 0.596242 0.381214 0.630325 0.378204 0.670858 0.371061 0.682842 0.360156 0.651517 0.359405 0.610058 0.357524 0.578733 0.363918 0.515167 0.366548 0.480158
4 0.194211 0.551833 0.210997 0.469583 0.223776 0.392917 0.232143 0.386500 0.253741 0.407250 0.275986 0.412000 0.272724 0.458967 0.262435 0.496108 0.252150 0.555808 0.239694 0.590300 0.227241 0.606225 0.222908 0.567750 0.231031 0.529275 0.222367 0.517342 0.203956 0.577033 0.199085 0.577033 0.195293 0.577033
