3 0.262233 0.267833 0.258784 0.292233 0.257846 0.338742 0.253771 0.378392 0.249072 0.415758 0.249384 0.434058 0.265051 0.444733 0.271318 0.457692 0.282288 0.456933 0.290747 0.447017 0.292627 0.423383 0.293568 0.376867 0.292942 0.342558 0.284795 0.311292 0.281034 0.267833 0.279466 0.245717 0.269438 0.251817
1 0.606692 0.500275 0.592250 0.480508 0.585483 0.469525 0.576007 0.495883 0.576459 0.529917 0.578716 0.559567 0.578716 0.599092 0.583226 0.643008 0.588640 0.691325 0.591801 0.730850 0.598568 0.753908 0.607592 0.761592 0.613911 0.729750 0.611644 0.690250 0.610301 0.647400 0.609397 0.589208 0.608945 0.534308
1 0.428904 0.506858 0.419880 0.525525 0.416271 0.532117 0.414466 0.556267 0.415370 0.593600 0.414918 0.650700 0.419428 0.705600 0.423942 0.760500 0.430709 0.791242 0.439284 0.763792 0.441089 0.728658 0.442442 0.669367 0.444247 0.613367 0.444247 0.577133 0.442894 0.536508 0.443795 0.521133 0.435675 0.510150
1 0.394781 0.205308 0.398229 0.246483 0.394781 0.317392 0.391962 0.380683 0.390394 0.469892 0.394781 0.499633 0.407942 0.501917 0.414524 0.482858 0.419223 0.459217 0.419538 0.418808 0.418911 0.366192 0.418596 0.314342 0.416089 0.275458 0.409510 0.237333 0.401675 0.205308 0.398541 0.188533
1 0.602538 0.231992 0.598151 0.287658 0.597836 0.359333 0.595651 0.415750 0.600031 0.452358 0.613818 0.469133 0.621651 0.471417 0.631363 0.456933 0.630411 0.423417 0.627295 0.370750 0.622904 0.305958 0.619771 0.261733 0.610370 0.229708
5 0.789438 0.359725 0.794853 0.355333 0.811548 0.349850 0.819219 0.349850 0.823733 0.366317 0.817866 0.377300 0.808842 0.383883 0.799366 0.386083 0.791243 0.381692 0.788538 0.376200
3 0.753339 0.446467 0.745668 0.448667 0.739353 0.457450 0.728973 0.472825 0.714986 0.491492 0.714986 0.507958 0.717243 0.529917 0.727620 0.546392 0.734839 0.567250 0.749281 0.605683 0.757401 0.625442 0.770038 0.652892 0.779062 0.667167 0.784928 0.669367 0.790791 0.668267 0.791695 0.666067 0.792147 0.656183 0.788086 0.636425 0.788086 0.628733 0.789890 0.626542 0.795757 0.632033 0.800267 0.640817 0.805233 0.636425 0.805233 0.625442 0.800719 0.610075 0.792596 0.583717 0.787182 0.567250 0.778610 0.543092 0.772291 0.518942 0.768229 0.489292 0.759205 0.464042
2 0.678887 0.476117 0.670315 0.472825 0.656325 0.472825 0.651815 0.483800 0.650911 0.498075 0.658130 0.526625 0.663997 0.556267 0.663545 0.595800 0.668058 0.636425 0.670315 0.681442 0.677082 0.709992 0.688815 0.723167 0.693777 0.714383 0.693777 0.678150 0.692425 0.630933 0.687911 0.588108 0.686106 0.535408 0.686106 0.498075 0.683849 0.484900
2 0.647753 0.481608 0.635116 0.471725 0.626092 0.471725 0.617068 0.486000 0.619325 0.514542 0.625640 0.569442 0.626545 0.606775 0.629253 0.647400 0.636021 0.706692 0.646397 0.707792 0.646397 0.685833 0.646397 0.624342 0.647301 0.570542 0.650007 0.523333
0 0.541260 0.498075 0.555702 0.498075 0.562017 0.512350 0.566079 0.545292 0.571945 0.594700 0.579616 0.639717 0.585031 0.685833 0.586384 0.728658 0.577812 0.731950 0.567884 0.707792 0.557959 0.659483 0.548932 0.608975 0.542616 0.568350 0.535397 0.512350
0 0.469517 0.502467 0.452822 0.499175 0.449661 0.507958 0.446503 0.524425 0.449661 0.568350 0.453723 0.623250 0.455075 0.669367 0.458236 0.705600 0.462747 0.747317 0.469065 0.746225 0.474479 0.731950 0.474932 0.697908 0.471774 0.650700 0.472223 0.599092 0.478089 0.549683 0.475832 0.514542 0.473562 0.505750
2 0.397318 0.505758 0.384685 0.520033 0.382428 0.535408 0.383781 0.584817 0.387842 0.659483 0.389647 0.711083 0.393257 0.745125 0.402284 0.733050 0.412661 0.694617 0.412661 0.644108 0.412209 0.580425 0.412637 0.546417 0.412226 0.522250 0.407699 0.513450 0.403637 0.511250
2 0.353562 0.517833 0.353551 0.527725 0.353551 0.551875 0.354000 0.591408 0.354452 0.626542 0.351747 0.668267 0.347233 0.716575 0.347685 0.751717 0.349490 0.773675 0.355356 0.769283 0.363928 0.742925 0.367990 0.713283 0.369795 0.673758 0.374305 0.634225 0.381075 0.592500 0.384233 0.565050 0.383781 0.538700 0.382428 0.520033 0.381976 0.506858 0.378366 0.503567 0.370695 0.502467 0.362123 0.507958
3 0.341818 0.513450 0.356257 0.514542 0.354897 0.521167 0.351295 0.547483 0.347685 0.603483 0.340914 0.628733 0.335048 0.666067 0.329634 0.724267 0.323767 0.736342 0.317452 0.734142 0.312038 0.711083 0.319257 0.680342 0.317452 0.655092 0.316099 0.627642 0.310233 0.646308 0.307072 0.668267 0.302562 0.690225 0.298500 0.701208 0.291281 0.696817 0.289925 0.691325 0.289925 0.669367 0.289925 0.645208 0.293986 0.614467 0.300305 0.576033 0.303010 0.550783 0.306623 0.510150 0.312938 0.500275 0.324671 0.500275 0.334147 0.506858 0.342719 0.510150 0.346781 0.510150 0.351747 0.512350
3 0.261606 0.463792 0.274140 0.463033 0.286360 0.468367 0.298267 0.485142 0.301716 0.493533 0.308921 0.509542 0.307041 0.530892 0.297014 0.561392 0.288555 0.577408 0.274140 0.624683 0.260979 0.667383 0.255651 0.682633 0.242805 0.694067 0.241236 0.688733 0.239983 0.669667 0.246250 0.643742 0.252205 0.619342 0.245623 0.621633 0.239671 0.642983 0.233716 0.668142 0.227449 0.685683 0.225572 0.678817 0.226199 0.653658 0.225884 0.642983 0.228390 0.617817 0.233089 0.595708 0.238116 0.572833 0.245308 0.552250 0.250959 0.517917 0.255339 0.491242 0.260664 0.475992
3 0.299209 0.277742 0.295760 0.341033 0.297014 0.379917 0.295134 0.419567 0.292315 0.463033 0.302654 0.481333 0.311743 0.475992 0.318637 0.475233 0.324277 0.475992 0.332736 0.472942 0.336185 0.470658 0.341510 0.457692 0.342764 0.437108 0.336185 0.395167 0.337123 0.360858 0.336812 0.315867 0.330856 0.278508 0.323024 0.256392 0.312997 0.265542
2 0.332110 0.246483 0.333363 0.276217 0.334932 0.334167 0.338692 0.424142 0.337123 0.474467 0.341199 0.484383 0.350284 0.482858 0.360312 0.474467 0.365640 0.463033 0.369086 0.438633 0.366894 0.393642 0.364072 0.347133 0.351853 0.286892 0.341510 0.248767
2 0.365325 0.257158 0.364072 0.335692 0.363134 0.368483 0.363445 0.461508 0.367521 0.489717 0.379428 0.488958 0.386634 0.471417 0.391647 0.468367 0.391647 0.434058 0.388829 0.392883 0.386949 0.353233 0.382247 0.313583 0.375668 0.264783
0 0.432072 0.237333 0.434890 0.325783 0.433010 0.398217 0.431445 0.465317 0.443979 0.493533 0.460586 0.495817 0.465914 0.476758 0.463092 0.428717 0.460586 0.386783 0.459332 0.315108 0.453065 0.270883 0.443353 0.243433
0 0.511349 0.246483 0.512911 0.325750 0.509144 0.402833 0.506336 0.428750 0.509158 0.512592 0.526079 0.524033 0.546134 0.511067 0.550521 0.488192 0.547699 0.411942 0.546760 0.353992 0.544565 0.296808 0.533284 0.246483 0.524199 0.230467 0.517616 0.222083
0 0.557414 0.235808 0.548952 0.302908 0.546445 0.393642 0.550521 0.460742 0.558979 0.472183 0.574962 0.469133 0.581856 0.447017 0.577781 0.392883 0.577781 0.325017 0.575589 0.281558 0.573709 0.248767 0.569634 0.227417 0.563682 0.223608
2 0.631363 0.392117 0.627603 0.424908 0.632305 0.440917 0.642959 0.450833 0.651106 0.453883 0.657685 0.447783 0.661445 0.432533 0.662072 0.403558 0.659565 0.378392 0.658938 0.332642 0.658312 0.276983 0.653925 0.235042 0.649226 0.207592 0.640764 0.203783 0.638257 0.276983 0.634812 0.353233
2 0.671476 0.225892 0.666147 0.304433 0.663325 0.362383 0.660507 0.398217 0.658938 0.427192 0.663952 0.440158 0.678366 0.454642 0.688709 0.453117 0.694976 0.437867 0.694034 0.421092 0.690890 0.382167 0.692781 0.335692 0.691842 0.255633 0.684634 0.221317 0.677113 0.202258
3 0.697795 0.349417 0.695288 0.381442 0.690274 0.414233 0.691842 0.437867 0.694976 0.450067 0.708137 0.453117 0.720356 0.445492 0.733219 0.444750 0.740103 0.424917 0.741979 0.389067 0.736651 0.368483 0.731325 0.330358 0.734144 0.287658 0.732877 0.238833 0.726312 0.229708 0.722534 0.251083 0.717842 0.277750 0.713459 0.273167 0.709702 0.256392 0.705003 0.226658 0.699675 0.222083 0.696541 0.232758 0.694661 0.265542 0.695603 0.331117
3 0.741664 0.350942 0.739158 0.388308 0.741979 0.421858 0.758274 0.430242 0.767675 0.427192 0.778014 0.405842 0.788041 0.382967 0.784596 0.353233 0.780521 0.311292 0.780836 0.266308 0.777387 0.224367 0.770182 0.196158 0.768613 0.190817 0.762973 0.215217 0.760154 0.244958 0.752634 0.214458 0.744798 0.191583 0.742606 0.225133 0.742606 0.304433
5 0.232168 0.384983 0.216377 0.376200 0.210510 0.389375 0.210510 0.399258 0.221791 0.406942 0.231267 0.415725 0.239387 0.414625 0.237134 0.403650 0.236229 0.395958
5 0.252473 0.422317 0.261048 0.417925 0.277743 0.413533 0.276839 0.437683 0.271425 0.446467 0.256534 0.436592
5 0.345880 0.398158 0.342719 0.404750 0.343623 0.414625 0.345428 0.437683 0.348134 0.459650 0.349938 0.475017 0.359866 0.469525 0.363928 0.467333 0.367086 0.462942 0.366185 0.443175 0.363476 0.421217 0.358966 0.408042 0.354000 0.411333 0.353551 0.394867 0.349038 0.390475
0 0.514178 0.489250 0.525921 0.491492 0.532688 0.512350 0.537202 0.544192 0.537651 0.594700 0.537202 0.636425 0.537651 0.672658 0.535846 0.718775 0.534493 0.716575 0.525921 0.684733 0.520507 0.667167 0.513736 0.621050 0.510579 0.577133 0.509675 0.537600 0.508322 0.503567
0 0.482603 0.500275 0.486664 0.498075 0.501555 0.507958 0.508322 0.520033 0.510579 0.548583 0.509675 0.587017 0.508774 0.626542 0.509226 0.678150 0.513736 0.729750 0.511479 0.735242 0.503360 0.720967 0.493432 0.690225 0.490274 0.655092 0.481247 0.585917 0.481247 0.544192 0.481699 0.513450
0 0.460274 0.259442 0.460274 0.334167 0.463719 0.414992 0.466541 0.450833 0.469986 0.485142 0.480640 0.490483 0.493490 0.485908 0.505397 0.471417 0.503202 0.432533 0.499442 0.376108 0.496623 0.328833 0.489729 0.288417 0.483147 0.254108 0.473747 0.228183
4 0.790863 0.181667 0.783027 0.213692 0.779582 0.248767 0.778955 0.289942 0.783654 0.328067 0.784281 0.382208 0.799322 0.391358 0.807469 0.391358 0.815616 0.376867 0.825644 0.368483 0.826586 0.337983 0.818123 0.309008 0.814051 0.270117 0.808723 0.235808 0.806216 0.199967 0.797757 0.179383
4 0.805233 0.399258 0.795757 0.402550 0.784476 0.411333 0.775452 0.423408 0.763733 0.448667 0.765072 0.470625 0.773647 0.502467 0.786281 0.518942 0.799366 0.538700 0.807938 0.567250 0.820575 0.592500 0.829147 0.607875 0.833209 0.591408 0.830500 0.565050 0.829147 0.541992 0.821928 0.491492 0.818318 0.464042 0.811548 0.423408 0.808390 0.409142
4 0.211418 0.429358 0.227212 0.427525 0.238493 0.429358 0.251277 0.449492 0.255791 0.456808 0.259551 0.467792 0.255414 0.490667 0.251654 0.517200 0.248647 0.541900 0.234356 0.589483 0.222699 0.634317 0.212925 0.668175 0.206154 0.670917 0.201644 0.651700 0.197130 0.631575 0.196753 0.598633 0.196377 0.550142 0.204274 0.486092
4 0.245938 0.219792 0.235911 0.261733 0.230271 0.290708 0.218678 0.337217 0.208024 0.373058 0.205829 0.391358 0.209277 0.405083 0.215545 0.420333 0.226199 0.418808 0.231836 0.421092 0.237791 0.424142 0.243432 0.420333 0.249072 0.412708 0.255339 0.386783 0.255966 0.359333 0.255966 0.306717 0.254712 0.257158 0.254712 0.248767
5 0.275938 0.490392 0.272781 0.501367 0.280452 0.514542 0.289476 0.524425 0.298500 0.539800 0.304366 0.531017 0.307072 0.516742 0.302562 0.494783 0.294438 0.489292 0.282257 0.486000
5 0.308877 0.511250 0.321962 0.509058 0.330538 0.507958 0.339110 0.511250 0.342271 0.514542 0.343171 0.524425 0.341818 0.539800 0.332808 0.569417 0.321952 0.581500 0.314760 0.558500 0.305267 0.548583 0.303914 0.537600 0.306623 0.529917
5 0.721753 0.481608 0.715887 0.501367 0.715438 0.520033 0.724914 0.526625 0.734390 0.515642 0.740705 0.507958 0.752438 0.495883 0.755144 0.486000 0.751086 0.475017 0.743863 0.460742 0.735291 0.462942 0.729877 0.471725
5 0.784928 0.427808 0.777705 0.442075 0.775452 0.449767 0.780414 0.457450 0.789438 0.464042 0.793048 0.456350 0.796658 0.450858 0.795305 0.439883 0.789438 0.431100
