1 0.303780 0.504661 0.311353 0.504661 0.320493 0.502811 0.329110 0.504047 0.336160 0.502811 0.342950 0.504047 0.342950 0.516378 0.336423 0.526866 0.327023 0.522551 0.317620 0.525016 0.309267 0.521929 0.301430 0.520701 0.301430 0.511449
1 0.249727 0.443591 0.259390 0.451614 0.269573 0.448528 0.277670 0.451614 0.279237 0.465803 0.277147 0.474433 0.270617 0.475669 0.257823 0.473819 0.251293 0.471354 0.246593 0.460866 0.244767 0.449142
1 0.298820 0.471354 0.296730 0.478756 0.300633 0.484331 0.308467 0.484961 0.319967 0.488661 0.331200 0.482441 0.340067 0.476929 0.336943 0.452843 0.337207 0.440512 0.330667 0.434331 0.329373 0.441740 0.325977 0.453465 0.321017 0.460866 0.313967 0.466417 0.309527 0.474433 0.301693 0.470118
1 0.339557 0.433724 0.337990 0.451614 0.339817 0.473819 0.340067 0.487402 0.345300 0.496614 0.355767 0.489213 0.365147 0.486772 0.370890 0.477520 0.369833 0.457795 0.357567 0.436772 0.353667 0.449764 0.348700 0.427559
1 0.382693 0.256843 0.381440 0.301252 0.387397 0.350843 0.390843 0.409323 0.396797 0.471496 0.404317 0.492228 0.417163 0.488528 0.424370 0.471496 0.429697 0.433748 0.424370 0.396740 0.418417 0.362693 0.409330 0.310874 0.399617 0.277567 0.388337 0.250181
1 0.593897 0.233890 0.590137 0.284228 0.581050 0.340480 0.576033 0.382677 0.572900 0.430787 0.576973 0.464094 0.587630 0.477425 0.597030 0.482606 0.604237 0.467795 0.610817 0.441890 0.610190 0.406362 0.609250 0.348622 0.609250 0.294591 0.609250 0.255362 0.603610 0.233890
4 0.250063 0.252638 0.257103 0.260315 0.264140 0.326827 0.258187 0.371591 0.249520 0.422756 0.232193 0.413803 0.219740 0.393339 0.213783 0.366480 0.221363 0.334504 0.232193 0.284614 0.239233 0.259031
3 0.302587 0.288457 0.301503 0.361362 0.297713 0.418921 0.295007 0.445780 0.295547 0.491827 0.309627 0.496945 0.331827 0.494386 0.339947 0.477756 0.339407 0.448339 0.332910 0.367756 0.332910 0.305079 0.317747 0.261591
1 0.699497 0.479646 0.689783 0.483346 0.680383 0.479646 0.676620 0.489268 0.677247 0.507031 0.694797 0.500370 0.704510 0.489268
1 0.663460 0.484827 0.677560 0.477425 0.688530 0.478165 0.704823 0.477425 0.712657 0.475937 0.715477 0.490748 0.718610 0.518874 0.715477 0.535898 0.719863 0.593638 0.724563 0.637307 0.727073 0.678016 0.728953 0.706150 0.719550 0.702441 0.713283 0.677276 0.706077 0.633606 0.699810 0.601780 0.693857 0.593638 0.695110 0.618803 0.701377 0.667654 0.702630 0.697260 0.703257 0.713551 0.699810 0.717252 0.695110 0.701701 0.682263 0.666173 0.677560 0.626945 0.674113 0.575866 0.665967 0.541819 0.662207 0.511472 0.661580 0.498890 0.661267 0.490748
3 0.243460 0.489858 0.252340 0.481835 0.264873 0.490472 0.282630 0.491709 0.292813 0.499724 0.297253 0.508976 0.295163 0.532417 0.290203 0.549693 0.286547 0.563260 0.282370 0.591016 0.281587 0.615079 0.280280 0.641598 0.276103 0.663189 0.270617 0.689094 0.266440 0.702669 0.257300 0.713150 0.252600 0.708220 0.253383 0.686008 0.256517 0.664425 0.256257 0.644685 0.256257 0.632346 0.249467 0.644685 0.246593 0.658252 0.243983 0.666276 0.240327 0.677992 0.230927 0.694646 0.230143 0.693417 0.227270 0.681079 0.227270 0.674906 0.230403 0.649000 0.233537 0.621858 0.237193 0.607055 0.237453 0.590402 0.239020 0.545370 0.238760 0.522551
2 0.339763 0.267205 0.333497 0.299772 0.334123 0.353063 0.335377 0.400441 0.339453 0.472236 0.341647 0.495929 0.357627 0.489268 0.370473 0.481866 0.371413 0.461874 0.367967 0.432268 0.361700 0.389339 0.358567 0.343441 0.352300 0.300512 0.346033 0.279047
2 0.354493 0.273866 0.357940 0.317535 0.359507 0.354543 0.365460 0.424126 0.371100 0.480386 0.374233 0.495929 0.383633 0.492969 0.391157 0.486307 0.398677 0.471496 0.398990 0.441150 0.391157 0.396740 0.387397 0.347142 0.382380 0.315315 0.371413 0.287189 0.360760 0.270906
0 0.420297 0.253882 0.420923 0.313835 0.422177 0.371575 0.426563 0.420425 0.430010 0.458913 0.440040 0.468535 0.451007 0.470756 0.457587 0.448551 0.463853 0.430047 0.459467 0.386378 0.449753 0.340480 0.437533 0.292370 0.428443 0.256102
1 0.624917 0.484087 0.635260 0.478906 0.643093 0.475937 0.653433 0.490008 0.659073 0.492969 0.664087 0.506291 0.664087 0.522575 0.662520 0.550701 0.661580 0.592898 0.662833 0.634346 0.666280 0.658772 0.670667 0.698000 0.669413 0.717252 0.667533 0.720953 0.662207 0.715772 0.655940 0.702441 0.650927 0.675795 0.645600 0.647669 0.641527 0.609181 0.633380 0.558102 0.626483 0.518134
1 0.591703 0.499630 0.608623 0.480386 0.617397 0.492228 0.626170 0.504811 0.630873 0.523315 0.628677 0.548480 0.628050 0.578087 0.630873 0.628425 0.632440 0.670614 0.631187 0.703921 0.629933 0.715031 0.624917 0.737236 0.612697 0.696520 0.607683 0.659512 0.597030 0.595118 0.595777 0.549961 0.592643 0.522575
1 0.558173 0.487787 0.567567 0.472992 0.582930 0.484087 0.588257 0.492969 0.594523 0.524055 0.592330 0.566244 0.594523 0.608441 0.596403 0.678016 0.597970 0.718732 0.591077 0.755740 0.583243 0.750559 0.572587 0.712811 0.566007 0.647669 0.563187 0.564764 0.558800 0.534417 0.557547 0.508512
0 0.457900 0.267205 0.457900 0.319016 0.459780 0.374535 0.460720 0.432268 0.464480 0.461134 0.479207 0.467055 0.492057 0.464094 0.496757 0.448551 0.495817 0.402661 0.491117 0.348622 0.490803 0.299772 0.487670 0.275346 0.475447 0.254622 0.470120 0.246480
0 0.500203 0.257583 0.501143 0.311614 0.503963 0.361953 0.497697 0.414504 0.501143 0.458173 0.514303 0.464835 0.525583 0.461134 0.533733 0.458173 0.538433 0.431528 0.536867 0.393780 0.535613 0.347882 0.535300 0.291630 0.528717 0.259803 0.514930 0.247961
0 0.558800 0.237591 0.550027 0.279787 0.544700 0.316795 0.543447 0.373055 0.539367 0.408583 0.536240 0.445591 0.545327 0.459654 0.561933 0.464094 0.573840 0.433748 0.573840 0.392299 0.571647 0.344921 0.572273 0.301252 0.569453 0.256843 0.568200 0.233890
2 0.625543 0.234630 0.617397 0.281268 0.614263 0.327898 0.608937 0.391559 0.607370 0.430047 0.606743 0.465575 0.617083 0.470016 0.627737 0.483346 0.636827 0.474457 0.641527 0.447071 0.639647 0.393039 0.638393 0.339000 0.633067 0.287189 0.631500 0.243512
2 0.649673 0.257583 0.647480 0.306433 0.645600 0.358984 0.638700 0.444094 0.644667 0.457402 0.654067 0.475197 0.670367 0.464803 0.672233 0.434488 0.670667 0.396000 0.664087 0.315315 0.661893 0.274606 0.659073 0.251661
5 0.763107 0.413764 0.755273 0.401921 0.743680 0.403402 0.737100 0.427087 0.737100 0.439669 0.748067 0.448551 0.760600 0.433780
0 0.500957 0.513441 0.489223 0.510244 0.469820 0.504913 0.471627 0.533693 0.472530 0.593386 0.475237 0.663732 0.486067 0.711701 0.499150 0.711701 0.505920 0.687181 0.502310 0.594449
0 0.467113 0.514512 0.450433 0.504882 0.439590 0.517709 0.442297 0.591252 0.444100 0.668000 0.460797 0.727693 0.473430 0.712764 0.472980 0.593386
3 0.685710 0.244992 0.686650 0.316795 0.677247 0.384898 0.670980 0.431528 0.673800 0.470016 0.697930 0.481126 0.717983 0.460394 0.723623 0.416724 0.716730 0.367874 0.708270 0.290150 0.699183 0.244252 0.692900 0.264252
1 0.412967 0.503850 0.433270 0.491063 0.441393 0.494260 0.439590 0.543291 0.440490 0.609378 0.434173 0.686118 0.431467 0.735150 0.426053 0.743677 0.416577 0.726622 0.409807 0.690386 0.408907 0.625362 0.412967 0.551819
3 0.727070 0.236110 0.720803 0.275346 0.719550 0.326417 0.720803 0.397480 0.722057 0.442630 0.735533 0.458898 0.751200 0.455953 0.766867 0.419685 0.765613 0.392299 0.753707 0.341220 0.746500 0.281268 0.745560 0.244992 0.739920 0.222787 0.735847 0.255362 0.730833 0.244252
2 0.404393 0.513441 0.390857 0.504913 0.381380 0.525165 0.377320 0.536890 0.379123 0.580598 0.382733 0.639220 0.383637 0.703173 0.388150 0.736213 0.398527 0.702110 0.404393 0.629630 0.409357 0.556079 0.411613 0.528362
3 0.264140 0.253921 0.261433 0.310197 0.261433 0.361362 0.251147 0.399732 0.242483 0.439386 0.246813 0.473921 0.258187 0.490551 0.281470 0.490551 0.295533 0.462441 0.296630 0.411244 0.296630 0.340898 0.294463 0.284614 0.285800 0.266709
4 0.214267 0.520945 0.202673 0.533528 0.189197 0.550551 0.180423 0.577205 0.170397 0.606071 0.162250 0.631976 0.171023 0.642339 0.182303 0.629756 0.189823 0.628276 0.180737 0.657142 0.176350 0.665283 0.175097 0.683795 0.188257 0.683055 0.206433 0.672685 0.224920 0.651220 0.234320 0.631976 0.244663 0.604591 0.238080 0.585346 0.234633 0.562394 0.229620 0.543150 0.223667 0.534268
4 0.774387 0.470756 0.781597 0.456693 0.792250 0.456693 0.798517 0.459654 0.808543 0.456693 0.813243 0.455213 0.817317 0.461874 0.819197 0.484087 0.822330 0.507772 0.821390 0.538858 0.822017 0.569205 0.822017 0.609181 0.819510 0.631386 0.814810 0.632866 0.806663 0.619543 0.802900 0.588425 0.801333 0.594409 0.809483 0.649890 0.800397 0.646929 0.791310 0.637307 0.785357 0.621764 0.778777 0.566244 0.774700 0.532197 0.772193 0.493709
0 0.527467 0.504803 0.544073 0.487787 0.551907 0.492969 0.554727 0.517394 0.558487 0.557362 0.557860 0.601780 0.560367 0.658031 0.561620 0.689118 0.557860 0.722433 0.554727 0.733535 0.547833 0.712811 0.538747 0.668394 0.534987 0.600299 0.531850 0.557362 0.528090 0.529976
0 0.500957 0.508110 0.515397 0.499583 0.522617 0.507047 0.523970 0.525165 0.529383 0.565669 0.534800 0.613638 0.533897 0.683984 0.527580 0.712764 0.519907 0.671197 0.511800 0.621102 0.504567 0.585921 0.503663 0.546488
1 0.714223 0.479646 0.724877 0.461134 0.731460 0.458173 0.744620 0.459654 0.756527 0.455953 0.765613 0.454472 0.769060 0.463354 0.771880 0.476685 0.770000 0.497409 0.771880 0.528496 0.774700 0.549220 0.779090 0.593638 0.786923 0.628425 0.792250 0.661732 0.790057 0.676535 0.785043 0.680236 0.773133 0.654331 0.765927 0.618803 0.758093 0.597339 0.753707 0.597339 0.757780 0.626205 0.768747 0.667654 0.768120 0.684677 0.761540 0.684677 0.754333 0.668394 0.745247 0.645449 0.738980 0.610661 0.735533 0.592157 0.729267 0.558843 0.721743 0.535898 0.717357 0.512213 0.715477 0.494449
1 0.733340 0.467795 0.743993 0.461874 0.750573 0.464835 0.754960 0.467055 0.754960 0.482606 0.745560 0.484827 0.735220 0.487047 0.730833 0.478165
4 0.753000 0.226252 0.746607 0.259118 0.749613 0.296425 0.754127 0.336394 0.760897 0.378142 0.769920 0.404795 0.778570 0.395913 0.788347 0.387913 0.798873 0.371039 0.803763 0.341724 0.797370 0.313299 0.790977 0.299094 0.781577 0.269780 0.775937 0.247575 0.767663 0.230693 0.761270 0.216480
3 0.346637 0.501717 0.347990 0.543291 0.341673 0.578465 0.338063 0.616835 0.331293 0.687181 0.325880 0.723425 0.321367 0.730890 0.317307 0.737283 0.316403 0.723425 0.316403 0.695709 0.319110 0.669063 0.320463 0.639220 0.318207 0.627496 0.316403 0.627496 0.315500 0.627496 0.313697 0.630693 0.312793 0.637087 0.310537 0.647748 0.308733 0.662669 0.304220 0.681858 0.297000 0.701039 0.290683 0.734087 0.288427 0.736213 0.284367 0.727693 0.286170 0.699976 0.288427 0.675457 0.291133 0.650945 0.294293 0.623228 0.296097 0.604047 0.297450 0.582724 0.297000 0.559276 0.293390 0.544354 0.294293 0.509181 0.301513 0.503850 0.317307 0.497457 0.329940 0.502787
2 0.343927 0.526236 0.361527 0.499583 0.375063 0.502787 0.379577 0.528362 0.375063 0.571000 0.372357 0.606173 0.366940 0.687181 0.363783 0.746874 0.361977 0.759669 0.349793 0.696780 0.347990 0.641354 0.347990 0.596583
1 0.257300 0.491709 0.253383 0.497874 0.252860 0.503425 0.258347 0.510827 0.265917 0.514528 0.271663 0.515150 0.282630 0.515764 0.284980 0.507126 0.282107 0.497874 0.275057 0.496024 0.266963 0.492937 0.259130 0.489858
