3 0.688924 0.131891 0.685766 0.192564 0.683059 0.242527 0.682155 0.300818 0.682155 0.343636 0.681255 0.387655 0.687121 0.423345 0.704266 0.415018 0.736755 0.407882 0.743976 0.385273 0.734048 0.336500 0.727731 0.237764 0.725928 0.168764 0.723217 0.139027 0.711931 0.183000 0.699755 0.179473
3 0.742621 0.124755 0.730890 0.124755 0.730438 0.149736 0.732245 0.197318 0.730890 0.244900 0.729534 0.299627 0.731793 0.338882 0.743524 0.378136 0.756159 0.380518 0.776014 0.372191 0.785938 0.367436 0.792255 0.332936 0.787293 0.278209 0.772855 0.255609 0.754803 0.160436 0.748034 0.115236 0.746683 0.106909
4 0.750745 0.095009 0.756610 0.152109 0.763828 0.216355 0.771952 0.250855 0.785490 0.246091 0.799928 0.231818 0.811207 0.233009 0.813014 0.210400 0.810759 0.160436 0.805793 0.136645 0.796769 0.106909 0.785038 0.081927 0.769697 0.078355
0 0.529190 0.455464 0.540921 0.454273 0.552203 0.460218 0.554910 0.481636 0.555810 0.514945 0.554007 0.551818 0.552652 0.610109 0.547238 0.654127 0.544079 0.704091 0.539569 0.695764 0.535959 0.655318 0.532348 0.607736 0.532348 0.569664 0.527834 0.528027 0.526031 0.500673 0.526031 0.476873
0 0.497717 0.424464 0.502266 0.544382 0.505514 0.609473 0.508103 0.693455 0.521103 0.702000 0.527607 0.611191 0.531503 0.534100 0.528907 0.472436 0.524359 0.441600 0.506814 0.410764
4 0.728483 0.423727 0.716000 0.449518 0.718862 0.482818 0.736310 0.526636 0.750759 0.562091 0.768414 0.603182 0.788414 0.606909 0.789097 0.586318 0.775110 0.564909 0.769245 0.525645 0.772403 0.524464 0.779172 0.555391 0.788648 0.575609 0.794966 0.585091 0.797655 0.568455 0.789548 0.532791 0.787745 0.503045 0.781414 0.459000 0.778269 0.425727 0.766538 0.390036 0.756448 0.389636 0.750000 0.404727 0.742103 0.423182
2 0.672276 0.105364 0.657834 0.141045 0.653324 0.179118 0.651517 0.245736 0.649262 0.282609 0.650614 0.334955 0.650166 0.393245 0.655579 0.413473 0.667762 0.424173 0.683555 0.408709 0.684910 0.333764 0.681752 0.260009 0.680848 0.173173 0.679493 0.138673
4 0.248203 0.158945 0.265097 0.212055 0.267697 0.248027 0.276145 0.294273 0.275493 0.355945 0.265748 0.393636 0.243655 0.402182 0.225462 0.383355 0.218966 0.352518 0.222862 0.306264 0.223514 0.265155 0.231959 0.189782 0.247555 0.208627
4 0.239759 0.403909 0.256652 0.407336 0.265748 0.427891 0.275493 0.451873 0.279393 0.472436 0.279393 0.496418 0.274845 0.523827 0.265748 0.546091 0.257300 0.558082 0.242355 0.587209 0.228062 0.602618 0.219614 0.602618 0.205969 0.592345 0.191672 0.588918 0.186476 0.587209 0.201421 0.559800 0.222862 0.542664 0.201414 0.547818 0.187776 0.566645 0.181276 0.568364 0.175431 0.563227 0.173479 0.537527 0.191024 0.516973 0.206617 0.494700 0.216366 0.474145 0.232610 0.414191
3 0.324876 0.148673 0.335276 0.157273 0.337872 0.244600 0.330076 0.302845 0.330076 0.350809 0.332676 0.400482 0.328776 0.427891 0.316431 0.439882 0.305383 0.438173 0.289790 0.431318 0.280041 0.412473 0.271597 0.383355 0.275493 0.330245 0.285241 0.304555 0.284593 0.242882 0.285890 0.179500 0.292390 0.148664 0.302134 0.146955 0.308634 0.179500 0.311231 0.220618 0.311231 0.253164 0.319679 0.212055
5 0.329424 0.316545 0.322928 0.347382 0.317731 0.354236 0.314479 0.379927 0.309283 0.386782 0.298238 0.393636 0.296938 0.422755 0.313183 0.431318 0.329424 0.421036 0.332676 0.397055 0.332676 0.354236
5 0.395052 0.451873 0.377510 0.465582 0.378159 0.510118 0.378807 0.539236 0.380107 0.559800 0.389203 0.566645 0.409348 0.552945 0.420393 0.518682 0.413245 0.462155
5 0.418445 0.475855 0.419745 0.503264 0.418445 0.535818 0.421045 0.552945 0.430790 0.566645 0.437938 0.542664 0.443134 0.518682 0.456783 0.511827 0.462628 0.501555 0.458731 0.491273 0.448983 0.472436 0.439886 0.475855 0.428190 0.462155 0.421045 0.465582
0 0.445086 0.460436 0.445734 0.551227 0.450934 0.611191 0.452231 0.672855 0.452883 0.715682 0.452883 0.775636 0.458724 0.803091 0.468476 0.761936 0.473690 0.648909 0.469793 0.592364 0.474324 0.482709 0.470428 0.439882
0 0.472376 0.445027 0.473034 0.546091 0.478862 0.604364 0.479524 0.674573 0.485379 0.710545 0.502914 0.689991 0.500966 0.588918 0.497717 0.477573 0.498366 0.431318 0.481472 0.433036
1 0.603641 0.118800 0.596872 0.178282 0.584238 0.257991 0.582886 0.406691 0.595972 0.436427 0.614924 0.431673 0.619886 0.407882 0.623497 0.336500 0.620338 0.278209 0.616728 0.204455 0.613569 0.146164
1 0.642900 0.347209 0.651472 0.360291 0.651021 0.385273 0.650121 0.413827 0.640193 0.410255 0.631617 0.413827 0.622593 0.411445 0.617631 0.385273 0.615376 0.366245 0.627107 0.360291 0.633424 0.379327
1 0.675838 0.354345 0.670424 0.374573 0.658241 0.379327 0.651472 0.353155 0.650586 0.367455 0.650121 0.410255 0.660497 0.410255 0.668621 0.411445 0.678097 0.407882 0.683059 0.398364 0.683510 0.362673 0.678997 0.346018
1 0.560776 0.453082 0.556714 0.497100 0.557617 0.536355 0.558969 0.583936 0.559872 0.614873 0.560324 0.663645 0.570252 0.711227 0.578824 0.738591 0.583338 0.744536 0.587848 0.704091 0.587848 0.658882 0.585593 0.614873 0.584690 0.579182 0.590555 0.520891 0.591007 0.492345 0.590107 0.463791 0.589655 0.463791 0.578372 0.449518
1 0.378159 0.450164 0.397003 0.438173 0.406748 0.438173 0.413897 0.450164 0.416497 0.469009 0.417793 0.504982 0.414545 0.537527 0.413897 0.558082 0.412597 0.612900 0.409997 0.666009 0.400252 0.715682 0.393103 0.739664 0.389855 0.749945 0.387907 0.679709 0.380107 0.623182 0.376859 0.576927 0.376210 0.537527 0.376210 0.491273
2 0.637979 0.089900 0.625797 0.136291 0.620383 0.177927 0.619028 0.225509 0.619931 0.271909 0.619931 0.329009 0.619931 0.386109 0.625797 0.428936 0.642945 0.430127 0.654676 0.403955 0.649262 0.292127 0.650614 0.152945
0 0.572959 0.154491 0.559421 0.169955 0.554007 0.203264 0.552652 0.275836 0.553555 0.347209 0.549945 0.399555 0.573862 0.423345 0.581079 0.415018 0.583338 0.356727 0.584238 0.287727 0.577472 0.218727 0.575666 0.164009
0 0.452479 0.154491 0.461955 0.215164 0.462407 0.275836 0.466469 0.324609 0.466469 0.376945 0.463310 0.419773 0.450676 0.417400 0.434431 0.410255 0.429917 0.371000 0.434431 0.288918 0.441200 0.194936 0.444810 0.150927
6 0.585141 0.338882 0.569800 0.310327 0.556714 0.316282 0.551752 0.341264 0.544531 0.342455 0.534603 0.323418 0.522421 0.336500 0.511590 0.346018 0.504372 0.341264 0.497603 0.323418 0.481359 0.319845 0.474138 0.328173 0.465114 0.316282 0.460603 0.292491 0.446614 0.282973 0.434883 0.311518 0.432176 0.337691 0.434883 0.381709 0.438493 0.410255 0.456090 0.393600 0.463310 0.379327 0.470528 0.390036 0.486772 0.392418 0.507531 0.386464 0.523776 0.388845 0.544531 0.397173 0.563031 0.401927 0.574314 0.399555 0.582886 0.372191
5 0.728183 0.336500 0.720962 0.335309 0.718255 0.356727 0.716900 0.373382 0.708779 0.363864 0.703366 0.367436 0.697500 0.369809 0.695693 0.350782 0.687572 0.357918 0.685314 0.366245 0.680803 0.381709 0.683510 0.400745 0.688024 0.418582 0.700207 0.413827 0.714645 0.407882 0.729086 0.405500 0.738559 0.388845
5 0.735852 0.317464 0.733145 0.331745 0.742169 0.363864 0.742169 0.376945 0.752548 0.376945 0.760669 0.366245 0.770145 0.361482 0.778721 0.357918 0.784586 0.330555 0.779621 0.321036 0.768793 0.319845 0.758414 0.324609 0.753903 0.317473 0.753452 0.307955 0.743976 0.310327
