3 0.287218 0.240299 0.280718 0.287315 0.278020 0.310157 0.270436 0.256850 0.261225 0.239031 0.263393 0.357189 0.262309 0.425803 0.263389 0.457559 0.274228 0.468976 0.282342 0.467732 0.292631 0.472811 0.301836 0.463921 0.307792 0.428346 0.305628 0.395307 0.306708 0.343213 0.302919 0.289850 0.295879 0.259362
1 0.372483 0.192126 0.368456 0.197638 0.367450 0.200787 0.367785 0.204724 0.359732 0.223622 0.358725 0.229134 0.358725 0.233071 0.360403 0.236220 0.359396 0.248031 0.361745 0.251969 0.362416 0.273228 0.364094 0.283465 0.364765 0.298425 0.367114 0.317323 0.367450 0.331496 0.370134 0.357480 0.369799 0.362205 0.371141 0.372441 0.371141 0.381890 0.372148 0.388189 0.371812 0.392913 0.373154 0.396850 0.375839 0.417323 0.378859 0.428346 0.380201 0.443307 0.379530 0.452756 0.379866 0.463780 0.383893 0.476378 0.388255 0.481102 0.393289 0.481102 0.402013 0.474803 0.405705 0.470079 0.408725 0.453543 0.409396 0.440945 0.410403 0.435433 0.409732 0.407087 0.408389 0.403937 0.407047 0.392126 0.401678 0.370079 0.397987 0.336220 0.396309 0.309449 0.392282 0.291339 0.390604 0.270866 0.388926 0.266929 0.386577 0.254331 0.383221 0.242520 0.381879 0.231496 0.379195 0.221260 0.379530 0.216535 0.378188 0.213386 0.377852 0.208661 0.376174 0.204724 0.376174 0.201575 0.373826 0.192913
3 0.706711 0.494488 0.702349 0.500787 0.700000 0.507874 0.700000 0.514173 0.701342 0.518110 0.703356 0.534646 0.703691 0.544882 0.716443 0.584252 0.722819 0.620472 0.728188 0.643307 0.736242 0.670079 0.738926 0.675591 0.743289 0.689764 0.752349 0.709449 0.756376 0.712598 0.759396 0.707874 0.758725 0.677953 0.758054 0.674016 0.759060 0.668504 0.758054 0.665354 0.758389 0.661417 0.757383 0.655118 0.756711 0.654331 0.758389 0.648819 0.760067 0.648819 0.761409 0.651969 0.763758 0.653543 0.765101 0.657480 0.769799 0.663780 0.772148 0.670079 0.772483 0.674016 0.774497 0.678740 0.774832 0.681890 0.782550 0.685827 0.784899 0.683465 0.785906 0.674016 0.783893 0.666142 0.783557 0.657480 0.784228 0.652756 0.782550 0.642520 0.783557 0.637795 0.782215 0.633858 0.778523 0.603150 0.773490 0.587402 0.772148 0.580315 0.768121 0.571654 0.766443 0.562992 0.763758 0.541732 0.761745 0.510236 0.756711 0.485039 0.750336 0.474803 0.748322 0.473228 0.741611 0.473228 0.731544 0.477953 0.724832 0.486614 0.712752 0.488189
4 0.766779 0.447244 0.759060 0.461417 0.758054 0.470866 0.758389 0.485827 0.759396 0.492913 0.763087 0.502362 0.766107 0.517323 0.770470 0.533071 0.775168 0.571654 0.782550 0.600000 0.794631 0.628346 0.808356 0.624724 0.801074 0.555748 0.816477 0.597244 0.824866 0.611811 0.831443 0.603071 0.831544 0.584252 0.832215 0.573228 0.831208 0.569291 0.831544 0.557480 0.829530 0.551181 0.828859 0.543307 0.826510 0.537008 0.824161 0.525984 0.824161 0.516535 0.822819 0.510236 0.822819 0.493701 0.823490 0.490551 0.822819 0.480315 0.823154 0.468504 0.822148 0.458268 0.818792 0.442520 0.813423 0.431496 0.810067 0.428346 0.806040 0.428346 0.802685 0.431496 0.797987 0.430709 0.792282 0.433071 0.786242 0.440157 0.776174 0.440945
4 0.209245 0.183126 0.198413 0.209811 0.189208 0.254276 0.180547 0.305102 0.171339 0.339402 0.163218 0.362276 0.168634 0.397850 0.175131 0.421992 0.189752 0.428346 0.200581 0.424535 0.213577 0.390228 0.215742 0.353378 0.218450 0.298748 0.224406 0.250465 0.221698 0.211079
2 0.309960 0.235220 0.309960 0.308913 0.312124 0.367354 0.313208 0.419449 0.311074 0.472598 0.324564 0.477638 0.341980 0.464882 0.339198 0.423260 0.334326 0.366087 0.332158 0.296205 0.324037 0.247921 0.318081 0.235220
3 0.286134 0.499496 0.280178 0.526173 0.280178 0.568102 0.280718 0.597331 0.278010 0.616386 0.267725 0.650693 0.262309 0.679913 0.260685 0.702780 0.257977 0.732008 0.260144 0.740898 0.269349 0.732008 0.278554 0.706591 0.287218 0.676102 0.295339 0.645606 0.301836 0.624008 0.305628 0.617654 0.307792 0.615118 0.311584 0.622740 0.311584 0.632906 0.309960 0.651961 0.305628 0.674827 0.301295 0.691346 0.296963 0.705323 0.293171 0.724386 0.294255 0.738354 0.298047 0.743441 0.305084 0.734543 0.313748 0.712945 0.320789 0.683724 0.324037 0.662126 0.325661 0.624008 0.326201 0.596055 0.326201 0.577000 0.327829 0.563024 0.333785 0.547772 0.335950 0.537614 0.338658 0.517283 0.339198 0.504575 0.335950 0.486787 0.328369 0.484244 0.319164 0.486787 0.307252 0.489331 0.294799 0.491874
0 0.461030 0.509661 0.457242 0.528717 0.455074 0.577000 0.460490 0.627819 0.463738 0.678646 0.469695 0.711677 0.474567 0.734543 0.483232 0.729465 0.488104 0.715488 0.490812 0.676102 0.488648 0.634173 0.485940 0.588433 0.485940 0.542693 0.484856 0.516008
0 0.483772 0.510929 0.482148 0.546504 0.484856 0.598598 0.487564 0.639252 0.485940 0.684992 0.487564 0.716756 0.492436 0.730732 0.497852 0.726921 0.502185 0.688803 0.506513 0.643063 0.510305 0.594787 0.508138 0.550315 0.509765 0.518551 0.508138 0.503307
0 0.515721 0.508386 0.510305 0.524906 0.507597 0.573189 0.506513 0.610031 0.507597 0.662126 0.508138 0.705323 0.512470 0.725654 0.516262 0.728197 0.522758 0.710409 0.526550 0.662126 0.530339 0.617654 0.536295 0.566835 0.537919 0.527449 0.535211 0.507118 0.524926 0.505850
2 0.582322 0.509661 0.574198 0.535071 0.571493 0.563024 0.573658 0.604953 0.577990 0.665937 0.580698 0.709134 0.585570 0.751063 0.594775 0.776472 0.603440 0.771394 0.600732 0.715488 0.599664 0.659606 0.601275 0.630394 0.602899 0.601142 0.601815 0.546504 0.601815 0.518551 0.589903 0.507118
3 0.755594 0.240299 0.757762 0.282228 0.764258 0.334323 0.768591 0.386417 0.773463 0.416906 0.771839 0.428346 0.759926 0.433425 0.746930 0.441047 0.730688 0.448669 0.722023 0.425803 0.718232 0.390228 0.719315 0.340677 0.722023 0.300016 0.726896 0.250465 0.732312 0.228866 0.736101 0.225055 0.740433 0.245386 0.743681 0.278417 0.748554 0.258087 0.749097 0.245386
4 0.771295 0.185669 0.764258 0.237764 0.763715 0.264441 0.761010 0.319079 0.768047 0.373709 0.781584 0.419449 0.798913 0.415638 0.815168 0.390236 0.822738 0.355921 0.814074 0.319079 0.790235 0.240315
3 0.634846 0.509661 0.633762 0.557937 0.637554 0.604953 0.644050 0.646882 0.654339 0.691346 0.661919 0.719299 0.671124 0.748520 0.681413 0.751063 0.688450 0.718031 0.681953 0.679913 0.675997 0.650693 0.671664 0.620197 0.674362 0.615118 0.679789 0.624008 0.685201 0.646882 0.692782 0.677370 0.698738 0.701512 0.706319 0.718031 0.714443 0.721843 0.718232 0.698969 0.711735 0.663394 0.705238 0.621465 0.704154 0.582079 0.704154 0.535071 0.701987 0.513472 0.690617 0.499496 0.673832 0.499496 0.661376 0.499496 0.648923 0.499496 0.639178 0.499496
2 0.600191 0.523638 0.605604 0.574457 0.609396 0.611299 0.613728 0.660858 0.623473 0.712945 0.630513 0.753606 0.634846 0.773937 0.639178 0.776472 0.643510 0.758685 0.647299 0.723110 0.645674 0.693890 0.644591 0.613843 0.639718 0.577000 0.638094 0.537614 0.631597 0.507118 0.617517 0.507118 0.608312 0.505850 0.602899 0.524906
0 0.544631 0.207874 0.543960 0.211811 0.541946 0.215748 0.542953 0.221260 0.539933 0.229921 0.539933 0.233071 0.541611 0.237795 0.536577 0.248031 0.535235 0.254331 0.534899 0.277953 0.531879 0.283465 0.532550 0.294488 0.534564 0.299213 0.533557 0.373228 0.531208 0.384252 0.530201 0.408661 0.528859 0.417323 0.529195 0.425984 0.528188 0.434646 0.527852 0.466929 0.530537 0.474803 0.532550 0.477165 0.549664 0.478740 0.555034 0.476378 0.558725 0.469291 0.560403 0.459843 0.561745 0.443307 0.561074 0.433858 0.561074 0.415748 0.561745 0.411024 0.560403 0.400787 0.560403 0.383465 0.561074 0.381102 0.560403 0.374016 0.561074 0.366142 0.560403 0.353543 0.561074 0.351181 0.560738 0.337008 0.561409 0.333858 0.560738 0.306299 0.561409 0.302362 0.560403 0.292126 0.560738 0.277953 0.559732 0.269291 0.560403 0.264567 0.559732 0.259843 0.560067 0.253543 0.557718 0.219685 0.555705 0.214173 0.552685 0.211024
0 0.514430 0.238583 0.509732 0.239370 0.507718 0.244094 0.505705 0.244882 0.504027 0.251181 0.501342 0.255118 0.503356 0.259843 0.501678 0.262992 0.502685 0.267717 0.500336 0.269291 0.500000 0.272441 0.497651 0.277953 0.497987 0.280315 0.500671 0.283465 0.499329 0.287402 0.494295 0.318110 0.494631 0.322047 0.493624 0.328346 0.492953 0.344882 0.493289 0.385827 0.491946 0.403937 0.489597 0.411024 0.488255 0.425984 0.487248 0.455906 0.487919 0.462205 0.487584 0.472441 0.488255 0.479528 0.489933 0.481890 0.513423 0.481890 0.517114 0.477953 0.521477 0.478740 0.525839 0.469291 0.527181 0.459055 0.527181 0.427559 0.525839 0.415748 0.524161 0.409449 0.523490 0.396063 0.523826 0.375591 0.525503 0.363780 0.524497 0.352756 0.525839 0.338583 0.525839 0.329134 0.524497 0.325197 0.525168 0.314173 0.523826 0.307874 0.525168 0.299213 0.521141 0.291339 0.521812 0.285827 0.520805 0.283465 0.520805 0.278740 0.519128 0.274803 0.519799 0.270866 0.518456 0.266929 0.518792 0.263780 0.516107 0.259843 0.518456 0.256693 0.518456 0.255118 0.516779 0.251969 0.517450 0.248031 0.514765 0.244094 0.515101 0.239370
0 0.470470 0.173228 0.468121 0.176378 0.468121 0.182677 0.467114 0.186614 0.462416 0.190551 0.458725 0.203150 0.454027 0.208661 0.453356 0.214961 0.453691 0.228346 0.453020 0.231496 0.453691 0.236220 0.452013 0.244882 0.451342 0.262205 0.451678 0.278740 0.449329 0.283465 0.448658 0.296063 0.450336 0.299213 0.450000 0.310236 0.448658 0.314173 0.448658 0.325984 0.451342 0.329134 0.452013 0.333071 0.451678 0.340945 0.448993 0.344882 0.448993 0.358268 0.450000 0.363780 0.450336 0.381102 0.449329 0.403150 0.447315 0.407874 0.446644 0.414961 0.446309 0.447244 0.447651 0.462992 0.450671 0.474803 0.455034 0.483465 0.459732 0.485039 0.482550 0.480315 0.483893 0.477953 0.485235 0.469291 0.485235 0.437008 0.484228 0.415748 0.476846 0.370866 0.476846 0.345669 0.475839 0.338583 0.476510 0.315748 0.474497 0.293701 0.470470 0.275591 0.470470 0.266929 0.471477 0.264567 0.470470 0.259843 0.471477 0.256693 0.471141 0.251969 0.473154 0.248819 0.473490 0.241732 0.472483 0.219685 0.473490 0.209449 0.472819 0.204724 0.473826 0.201575 0.473154 0.197638 0.473826 0.192126 0.472483 0.182677 0.472819 0.177953
0 0.420134 0.221260 0.416443 0.230709 0.417114 0.237008 0.415772 0.246457 0.414765 0.264567 0.414094 0.327559 0.415101 0.360630 0.415101 0.395276 0.413423 0.413386 0.412752 0.441732 0.414094 0.461417 0.416107 0.469291 0.423490 0.477953 0.429530 0.478740 0.438255 0.475591 0.443624 0.467717 0.444295 0.463780 0.444295 0.429921 0.442617 0.408661 0.441275 0.404724 0.438255 0.373228 0.437584 0.306299 0.435570 0.284252 0.435570 0.271654 0.433557 0.259843 0.433893 0.255906 0.429866 0.244094 0.428188 0.236220 0.428188 0.231496 0.425839 0.227559 0.425503 0.224409 0.424161 0.222047
1 0.354903 0.372441 0.352735 0.404205 0.344614 0.395307 0.342446 0.432157 0.345154 0.474087 0.362483 0.477898 0.372768 0.466457 0.372228 0.444858 0.366812 0.439780 0.366272 0.400394 0.363564 0.388953 0.363023 0.374976
1 0.606148 0.190748 0.608312 0.236488 0.607772 0.292394 0.603980 0.331780 0.599648 0.392772 0.596943 0.443591 0.592611 0.474087 0.579614 0.488063 0.572574 0.488063 0.562289 0.451213 0.562829 0.399118 0.570950 0.343213 0.582322 0.258087 0.595315 0.212346
1 0.283966 0.509661 0.301836 0.502031 0.317540 0.499496 0.325661 0.499496 0.331077 0.518551 0.327829 0.529984 0.322953 0.560480 0.321872 0.577000 0.309960 0.568102 0.302919 0.568102 0.292631 0.551591 0.284510 0.538882 0.280718 0.531260
1 0.639718 0.513472 0.633221 0.533803 0.641342 0.568102 0.645671 0.555433 0.657047 0.575748 0.672215 0.584646 0.686812 0.593543 0.693859 0.570630 0.703087 0.538898 0.697651 0.512205 0.679789 0.499496 0.666252 0.496953 0.643510 0.504575
1 0.548208 0.513472 0.540628 0.535071 0.541168 0.566835 0.541711 0.611299 0.542252 0.646882 0.543876 0.691346 0.546044 0.740898 0.551456 0.766307 0.557413 0.780283 0.562829 0.787913 0.568242 0.775205 0.569869 0.683724 0.568242 0.631630 0.569326 0.578268 0.570409 0.541425 0.562829 0.517283
1 0.411755 0.512197 0.402550 0.528717 0.400386 0.555402 0.399842 0.598598 0.396054 0.648150 0.391181 0.684992 0.391181 0.724386 0.397138 0.795535 0.403634 0.798071 0.413923 0.762496 0.422044 0.687535 0.426376 0.636717 0.432332 0.583354 0.432872 0.560480 0.425836 0.523638 0.418255 0.508386
3 0.235235 0.489331 0.226030 0.502031 0.225487 0.514740 0.224406 0.536339 0.221158 0.561748 0.214117 0.596055 0.208701 0.632906 0.203289 0.655772 0.198956 0.706591 0.204369 0.719299 0.218990 0.693890 0.228195 0.653228 0.234695 0.630362 0.245523 0.602409 0.248772 0.598598 0.249312 0.613843 0.247688 0.639252 0.243356 0.653228 0.237943 0.665937 0.224946 0.688803 0.228738 0.711677 0.229819 0.728197 0.246064 0.712945 0.254728 0.681181 0.266097 0.634173 0.273681 0.597331 0.284510 0.538882 0.283426 0.513472 0.277470 0.490598 0.256352 0.490598
4 0.175671 0.433425 0.169715 0.449945 0.167550 0.480433 0.163758 0.521094 0.161594 0.566835 0.157262 0.603677 0.157262 0.626551 0.164842 0.635441 0.171339 0.610031 0.181087 0.573189 0.184336 0.561748 0.187044 0.560480 0.188668 0.560480 0.188668 0.568102 0.185419 0.596055 0.181087 0.608764 0.174047 0.620197 0.168091 0.629094 0.168091 0.636717 0.172966 0.650693 0.192456 0.648150 0.202745 0.625276 0.212493 0.597331 0.215201 0.577000 0.216826 0.547772 0.218450 0.532528 0.222782 0.513472 0.224406 0.495685 0.224406 0.479165 0.219534 0.465189 0.211409 0.455024 0.204369 0.452480 0.194084 0.449945 0.187044 0.443591 0.184876 0.439780
3 0.229819 0.217433 0.225487 0.269528 0.218450 0.326701 0.208161 0.404205 0.208161 0.447402 0.220074 0.452480 0.235775 0.462646 0.253104 0.460110 0.259060 0.446134 0.261225 0.413094 0.261225 0.359732 0.261225 0.308913 0.259060 0.255551 0.254728 0.217433 0.247148 0.223787 0.241732 0.246654 0.244440 0.272063 0.247148 0.311449 0.241732 0.329244 0.240651 0.322890 0.238483 0.305102 0.236309 0.268268 0.236309 0.239055 0.235235 0.216157
0 0.453990 0.505850 0.436664 0.505850 0.430168 0.517283 0.430708 0.554126 0.433956 0.592244 0.436124 0.658315 0.437205 0.709134 0.443161 0.729465 0.450201 0.743441 0.460490 0.711677 0.463738 0.644339 0.461030 0.592244
2 0.384141 0.509661 0.373852 0.516008 0.368980 0.541425 0.367896 0.574457 0.368980 0.620197 0.368980 0.655772 0.366272 0.697701 0.362483 0.733276 0.361940 0.756150 0.366812 0.761228 0.377644 0.728197 0.387389 0.677370 0.392805 0.622740 0.398762 0.582079 0.400926 0.543961 0.399842 0.516008
2 0.341906 0.504575 0.350570 0.496953 0.363564 0.496953 0.375477 0.499496 0.378185 0.528717 0.368980 0.571913 0.366812 0.604953 0.364648 0.645606 0.360859 0.679913 0.354903 0.715488 0.346779 0.751063 0.341906 0.763772 0.332701 0.749795 0.335409 0.698969 0.337034 0.662126 0.339738 0.620197 0.340282 0.566835 0.338658 0.540150
2 0.337034 0.223787 0.338658 0.282228 0.340822 0.330512 0.340822 0.383874 0.340822 0.424535 0.342990 0.455024 0.346779 0.482976 0.370604 0.481709 0.377101 0.470268 0.379268 0.437236 0.376020 0.401661 0.373312 0.364819 0.371144 0.327969 0.363023 0.265717 0.353819 0.230134 0.348403 0.204724
5 0.634302 0.392772 0.633762 0.427071 0.633762 0.452480 0.637554 0.462646 0.643510 0.469000 0.649463 0.469000 0.654879 0.463921 0.660836 0.449945 0.661919 0.416906 0.660836 0.404205 0.637554 0.396583
5 0.615893 0.308913 0.612104 0.364819 0.606688 0.399118 0.600191 0.416906 0.595859 0.428346 0.595859 0.444858 0.600732 0.456299 0.605604 0.471543 0.615893 0.474087 0.626181 0.457567 0.627805 0.446134 0.629973 0.419449 0.628889 0.395307 0.626181 0.383874 0.619685 0.386417 0.619685 0.343213 0.619685 0.321614
2 0.635926 0.245386 0.619685 0.272063 0.609936 0.302559 0.606148 0.329244 0.600732 0.372441 0.597483 0.416929 0.593691 0.446142 0.602356 0.475354 0.619685 0.479165 0.629973 0.470268 0.632678 0.448669 0.628889 0.388953 0.637010 0.292394
2 0.650547 0.237764 0.639718 0.287315 0.635926 0.334323 0.630513 0.380063 0.629973 0.418181 0.634846 0.461378 0.643510 0.481709 0.653255 0.490598 0.663544 0.469000 0.667876 0.456299 0.664628 0.394039 0.664084 0.334323 0.664084 0.288583 0.659211 0.251740
3 0.694406 0.239031 0.685745 0.263173 0.677621 0.294937 0.672208 0.330512 0.667876 0.376252 0.664084 0.406740 0.663003 0.441047 0.668416 0.469000 0.680869 0.485520 0.699282 0.480433 0.711735 0.475354 0.717691 0.466457 0.722023 0.414370 0.721480 0.381331 0.717151 0.324157 0.717691 0.279685 0.712819 0.258087 0.709567 0.249197 0.698738 0.294937 0.698738 0.305102 0.695490 0.269528
