0 0.521678 0.251181 0.518881 0.256693 0.517483 0.262992 0.519930 0.267717 0.517483 0.278740 0.517133 0.294488 0.520280 0.300000 0.519231 0.315748 0.520280 0.362992 0.519930 0.385039 0.515385 0.423622 0.515035 0.463780 0.517832 0.466929 0.523427 0.469291 0.560490 0.473228 0.562587 0.469291 0.563287 0.461417 0.563287 0.414173 0.561189 0.387402 0.561888 0.361417 0.560839 0.346457 0.561538 0.339370 0.561189 0.322835 0.559790 0.314961 0.560839 0.308661 0.559091 0.300000 0.560490 0.294488 0.556294 0.283465 0.559091 0.278740 0.556294 0.274803 0.556643 0.271654 0.553846 0.268504 0.552098 0.262992 0.540909 0.262205 0.537063 0.254331 0.532517 0.253543 0.529720 0.248819 0.525874 0.248031 0.524126 0.251181
0 0.537413 0.499213 0.535315 0.501575 0.534615 0.507087 0.535664 0.560630 0.538462 0.595276 0.538462 0.655118 0.537762 0.666929 0.538811 0.675591 0.538811 0.685827 0.538112 0.688976 0.538112 0.697638 0.540210 0.710236 0.542657 0.715748 0.544406 0.716535 0.546154 0.714173 0.546503 0.709449 0.549650 0.704724 0.549650 0.701575 0.552797 0.697638 0.552448 0.693701 0.553846 0.690551 0.553846 0.686614 0.554895 0.682677 0.556294 0.666142 0.556294 0.644882 0.558392 0.635433 0.558042 0.629921 0.560140 0.604724 0.559790 0.599213 0.563986 0.550394 0.563636 0.538583 0.564685 0.516535 0.561538 0.507874 0.548951 0.500000
0 0.525874 0.506299 0.519580 0.509449 0.512238 0.507874 0.509091 0.510236 0.508042 0.514173 0.508741 0.568504 0.506993 0.637795 0.507692 0.648031 0.506294 0.669291 0.506993 0.674803 0.506643 0.692913 0.507692 0.708661 0.509091 0.711811 0.513636 0.713386 0.514336 0.708661 0.516084 0.705512 0.515734 0.700787 0.517133 0.696850 0.519231 0.682677 0.519580 0.660630 0.526224 0.605512 0.527972 0.584252 0.530070 0.575591 0.532517 0.550394 0.532867 0.535433 0.531469 0.514173 0.530070 0.508661
0 0.490909 0.511024 0.489161 0.511024 0.485664 0.515748 0.483916 0.528346 0.482168 0.564567 0.481469 0.622047 0.480070 0.631496 0.480070 0.642520 0.478671 0.653543 0.478671 0.669291 0.480070 0.681890 0.480070 0.689764 0.481818 0.696850 0.486014 0.704724 0.487762 0.704724 0.490909 0.698425 0.492308 0.691339 0.494755 0.666142 0.496853 0.629921 0.498601 0.620472 0.501399 0.590551 0.502098 0.570866 0.504545 0.559843 0.505944 0.547244 0.505944 0.533858 0.504545 0.526772 0.501748 0.521260 0.498252 0.520472 0.494755 0.517323
0 0.477972 0.496850 0.469930 0.494488 0.459091 0.495276 0.454545 0.499213 0.453147 0.502362 0.452098 0.510236 0.450350 0.595276 0.451049 0.615748 0.450000 0.632283 0.449301 0.670866 0.450350 0.674016 0.450350 0.695276 0.451748 0.704724 0.454196 0.708661 0.458042 0.705512 0.460490 0.698425 0.464336 0.682677 0.467133 0.662205 0.472727 0.592913 0.477273 0.565354 0.477273 0.560630 0.483217 0.514173 0.483217 0.507874 0.482168 0.502362
3 0.254545 0.224409 0.254545 0.229134 0.252797 0.232283 0.253147 0.235433 0.252448 0.237008 0.248601 0.234646 0.240559 0.240157 0.239161 0.245669 0.239161 0.273228 0.240909 0.308661 0.241608 0.351181 0.239510 0.371654 0.234965 0.399213 0.234266 0.418898 0.235315 0.427559 0.237063 0.433071 0.250350 0.452756 0.259790 0.461417 0.270280 0.462992 0.276573 0.459843 0.283217 0.451969 0.286364 0.443307 0.287762 0.435433 0.287762 0.423622 0.282517 0.380315 0.282168 0.348031 0.281119 0.337795 0.281119 0.277953 0.277972 0.259055 0.271678 0.239370 0.267133 0.233858 0.264336 0.227559 0.259790 0.223622
5 0.719413 0.487157 0.708881 0.509173 0.694594 0.521031 0.688577 0.541354 0.698731 0.557441 0.716780 0.582000 0.730692 0.566756 0.729189 0.532890 0.727308 0.503252 0.724301 0.488850
3 0.688021 0.516087 0.700860 0.508740 0.707388 0.508740 0.710867 0.495016 0.718049 0.482764 0.728497 0.477866 0.735241 0.477378 0.738503 0.488157 0.741115 0.502370 0.748734 0.529323 0.753955 0.547945 0.760699 0.569992 0.767010 0.583717 0.774629 0.598417 0.780937 0.609197 0.789643 0.626346 0.792689 0.639094 0.797913 0.658693 0.798129 0.667512 0.794213 0.672906 0.787248 0.668496 0.780720 0.659181 0.772234 0.644969 0.764836 0.630764 0.757654 0.621449 0.752434 0.617039 0.750038 0.622921 0.756783 0.646441 0.768969 0.668496 0.778762 0.687118 0.779850 0.700346 0.777458 0.710150 0.770710 0.714559 0.764182 0.709661 0.753301 0.691528 0.744164 0.673394 0.736983 0.661630 0.729147 0.643992 0.715003 0.613118 0.710000 0.594984 0.704122 0.582244 0.693895 0.568031 0.688238 0.548433 0.686063 0.532748
4 0.169066 0.596055 0.202909 0.591992 0.228629 0.567606 0.254801 0.526961 0.262923 0.507654 0.257507 0.488346 0.249385 0.472087 0.236301 0.452780 0.225021 0.442614 0.218703 0.437535 0.208325 0.465992 0.199301 0.500535 0.185762 0.519843 0.175836 0.542205 0.165909 0.569638 0.167713 0.585898 0.184860 0.571669
1 0.401748 0.214173 0.393007 0.217323 0.392308 0.221260 0.389161 0.225197 0.388112 0.230709 0.389860 0.238583 0.388811 0.243307 0.389161 0.280315 0.388462 0.288189 0.390210 0.336220 0.390210 0.369291 0.391259 0.381102 0.391259 0.412598 0.389510 0.437008 0.389510 0.449606 0.391259 0.466929 0.395455 0.481102 0.403147 0.490551 0.409441 0.492126 0.418182 0.483465 0.425874 0.469291 0.428671 0.459055 0.428322 0.440157 0.429021 0.433071 0.425524 0.388976 0.425874 0.376378 0.425175 0.359843 0.424126 0.351969 0.423427 0.329921 0.422028 0.323622 0.422028 0.309449 0.420629 0.298425 0.420979 0.294488 0.417483 0.271654 0.416434 0.259055 0.412238 0.237008 0.412238 0.231496 0.410140 0.226772 0.407692 0.216535 0.405245 0.214173
1 0.626923 0.227559 0.621678 0.234646 0.618881 0.236220 0.615385 0.244094 0.610490 0.274803 0.609091 0.290551 0.609091 0.301575 0.606294 0.323622 0.606993 0.333858 0.605594 0.348031 0.605245 0.398425 0.603846 0.407874 0.603846 0.428346 0.602797 0.441732 0.603497 0.451181 0.605594 0.459055 0.605245 0.463780 0.606294 0.470079 0.610140 0.479528 0.613986 0.483465 0.622727 0.487402 0.626224 0.491339 0.631469 0.492126 0.633217 0.490551 0.636014 0.484252 0.637762 0.474803 0.641748 0.454094 0.641329 0.432992 0.638811 0.413386 0.638811 0.400000 0.639510 0.397638 0.639161 0.392126 0.640210 0.381890 0.639860 0.375591 0.640909 0.366142 0.640559 0.353543 0.641259 0.351181 0.641958 0.319685 0.641958 0.253543 0.634965 0.237008 0.638462 0.233071 0.638462 0.231496 0.634615 0.228346
2 0.657692 0.225197 0.654196 0.228346 0.652797 0.231496 0.650350 0.231496 0.650699 0.233071 0.653846 0.233071 0.655245 0.236220 0.654545 0.240945 0.649650 0.240157 0.649650 0.242520 0.646853 0.248031 0.647203 0.252756 0.645105 0.289764 0.644406 0.331496 0.642308 0.351969 0.642657 0.358268 0.641259 0.381102 0.641259 0.403937 0.642308 0.408661 0.641958 0.418110 0.643007 0.422047 0.643357 0.433071 0.641888 0.435906 0.639021 0.471181 0.641888 0.484646 0.650385 0.484488 0.654895 0.479528 0.660839 0.488189 0.666783 0.490551 0.670979 0.485827 0.679720 0.470866 0.678671 0.462205 0.677273 0.426772 0.675175 0.409449 0.675524 0.396850 0.674476 0.378740 0.675175 0.369291 0.673427 0.346457 0.674126 0.343307 0.673077 0.331496 0.673776 0.324409 0.672727 0.315748 0.674126 0.311024 0.672727 0.299213 0.674126 0.293701 0.673077 0.291339 0.673427 0.286614 0.672727 0.283465 0.675874 0.278740 0.672028 0.251969 0.673776 0.247244 0.668531 0.236220 0.670280 0.232283
2 0.682168 0.240157 0.677273 0.246457 0.676224 0.253543 0.676573 0.264567 0.677972 0.269291 0.676573 0.277953 0.677622 0.283465 0.676923 0.285827 0.677273 0.299213 0.675524 0.317323 0.675874 0.327559 0.675175 0.331496 0.675874 0.344882 0.675175 0.385827 0.675874 0.404724 0.676573 0.407087 0.675874 0.411811 0.676224 0.420472 0.677273 0.423622 0.676923 0.429134 0.677972 0.439370 0.678322 0.462205 0.680420 0.470866 0.686713 0.480315 0.700000 0.491339 0.705944 0.492913 0.713636 0.481890 0.718531 0.467717 0.718531 0.455118 0.715385 0.431496 0.713986 0.426772 0.713986 0.423622 0.712238 0.419685 0.710490 0.408661 0.710140 0.395276 0.708392 0.385039 0.707692 0.364567 0.705594 0.352756 0.704545 0.339370 0.703846 0.301575 0.702098 0.282677 0.701748 0.262205 0.701049 0.260630 0.701399 0.255118 0.698951 0.248031 0.694755 0.241732
3 0.331818 0.481890 0.324126 0.477953 0.310490 0.480315 0.303497 0.470866 0.298601 0.470079 0.290909 0.478740 0.283217 0.493701 0.281818 0.501575 0.280769 0.517323 0.282517 0.557480 0.283217 0.560630 0.281818 0.589764 0.279371 0.603150 0.277972 0.621260 0.274825 0.629134 0.273077 0.648031 0.270629 0.656693 0.269930 0.665354 0.267832 0.674016 0.264336 0.700000 0.264685 0.707874 0.267483 0.717323 0.274476 0.717323 0.280070 0.709449 0.281119 0.701575 0.283566 0.696850 0.287413 0.682677 0.289161 0.666142 0.290909 0.659843 0.293357 0.637795 0.295105 0.631496 0.297203 0.618110 0.300699 0.611811 0.302098 0.605512 0.303846 0.607087 0.305594 0.614173 0.304895 0.645669 0.303846 0.652756 0.302098 0.657480 0.300000 0.675591 0.294056 0.696850 0.292657 0.708661 0.290909 0.714173 0.290559 0.720472 0.291259 0.724409 0.293007 0.725984 0.298601 0.726772 0.302797 0.725197 0.306294 0.721260 0.309091 0.714173 0.311538 0.711024 0.314685 0.701575 0.318881 0.682677 0.320280 0.669291 0.325175 0.584252 0.328322 0.559055 0.331119 0.548819 0.332168 0.537008 0.333566 0.533858 0.333566 0.529921 0.334615 0.525984 0.334266 0.522047 0.336713 0.496850 0.335664 0.489764
3 0.766503 0.273780 0.767168 0.225276 0.762937 0.219606 0.752098 0.237008 0.747902 0.251181 0.746503 0.262992 0.747203 0.275591 0.743357 0.292126 0.741608 0.318898 0.739161 0.340157 0.730420 0.383465 0.727972 0.400000 0.727972 0.413386 0.730769 0.422835 0.741958 0.438583 0.747203 0.448031 0.753147 0.453543 0.760490 0.451969 0.779371 0.436220 0.782168 0.428346 0.784615 0.412598 0.783566 0.372441 0.784266 0.362992 0.783916 0.355118 0.785315 0.343307 0.785315 0.324409 0.784266 0.310236 0.785315 0.300000 0.785664 0.250394 0.783566 0.237795 0.780944 0.229843 0.777832 0.230630
2 0.618182 0.512598 0.612238 0.515748 0.609441 0.520472 0.607692 0.526772 0.607343 0.537795 0.612587 0.578740 0.613986 0.623622 0.619231 0.701575 0.620629 0.706299 0.622028 0.722835 0.625874 0.751181 0.628322 0.755118 0.632168 0.755906 0.634965 0.751969 0.635664 0.744882 0.638112 0.599213 0.640210 0.581890 0.644056 0.563780 0.645105 0.548031 0.643007 0.534646 0.637063 0.516535 0.631469 0.511811
1 0.570979 0.498425 0.568531 0.503150 0.570979 0.604724 0.572727 0.619685 0.573427 0.638583 0.574825 0.644882 0.575524 0.670079 0.577273 0.677165 0.578671 0.705512 0.582867 0.746457 0.582867 0.755906 0.583916 0.762992 0.583566 0.768504 0.584965 0.774016 0.588112 0.779528 0.591958 0.777953 0.595455 0.778740 0.598252 0.774803 0.601049 0.767717 0.600699 0.762992 0.602448 0.746457 0.600350 0.627559 0.600699 0.590551 0.603846 0.549606 0.603147 0.525984 0.601049 0.515748 0.592657 0.507087 0.579371 0.499213
2 0.650699 0.505512 0.646853 0.511024 0.645105 0.520472 0.645455 0.529134 0.646503 0.533071 0.648601 0.552756 0.650000 0.574016 0.652098 0.582677 0.654196 0.612598 0.653846 0.628346 0.655594 0.682677 0.658741 0.717323 0.659790 0.739370 0.663986 0.767717 0.666084 0.772441 0.669930 0.772441 0.671678 0.766929 0.672028 0.751181 0.673427 0.737008 0.674476 0.707874 0.673776 0.700787 0.674825 0.674803 0.674476 0.661417 0.675524 0.653543 0.675874 0.631496 0.678322 0.611811 0.680070 0.577165 0.684615 0.550394 0.684266 0.524409 0.680420 0.517323 0.671329 0.509449 0.657343 0.504724
1 0.445105 0.494488 0.437762 0.493701 0.431119 0.496850 0.421678 0.508661 0.415385 0.523622 0.413986 0.539370 0.414336 0.585039 0.412937 0.605512 0.413287 0.622835 0.411189 0.637795 0.409091 0.669291 0.407692 0.674803 0.405245 0.716535 0.403846 0.720472 0.402797 0.728346 0.403147 0.740157 0.401399 0.748819 0.403497 0.754331 0.408392 0.756693 0.415385 0.755906 0.421329 0.750394 0.422727 0.746457 0.426224 0.722835 0.429021 0.710236 0.431469 0.687402 0.433916 0.674803 0.437413 0.646457 0.438811 0.629134 0.440559 0.622835 0.441259 0.614961 0.440909 0.600000 0.445455 0.570079 0.446503 0.547244 0.448601 0.527559 0.449301 0.502362 0.447552 0.496850
2 0.397902 0.503150 0.392308 0.503150 0.383916 0.510236 0.378671 0.522047 0.377273 0.531496 0.377622 0.559055 0.379021 0.569291 0.380420 0.612598 0.379720 0.629134 0.377622 0.648031 0.377273 0.682677 0.376224 0.689764 0.375524 0.712598 0.374476 0.720472 0.374825 0.729921 0.376923 0.736220 0.384266 0.734646 0.387063 0.726772 0.391958 0.702362 0.393007 0.692126 0.394755 0.684252 0.396154 0.661417 0.397902 0.655118 0.401399 0.622047 0.402448 0.590551 0.403846 0.577165 0.406993 0.558268 0.410839 0.544882 0.412587 0.534646 0.412587 0.525984 0.409790 0.516535 0.404545 0.508661
2 0.373077 0.492913 0.369930 0.491339 0.364685 0.492913 0.353147 0.492126 0.341608 0.501575 0.337762 0.509449 0.337413 0.531496 0.339510 0.559055 0.340559 0.564567 0.340909 0.618898 0.339510 0.645669 0.336713 0.658268 0.336364 0.681102 0.334266 0.694488 0.332867 0.711811 0.332168 0.740157 0.333217 0.747244 0.334266 0.748819 0.338462 0.749606 0.346154 0.745669 0.350350 0.734646 0.357343 0.701575 0.359790 0.677953 0.359790 0.660630 0.361888 0.655906 0.362937 0.646457 0.362587 0.629921 0.363636 0.624409 0.364685 0.584252 0.366084 0.577165 0.366084 0.568504 0.370280 0.552756 0.376224 0.514173 0.376224 0.503937 0.374825 0.496850
0 0.455245 0.238583 0.451748 0.249606 0.448601 0.251969 0.445804 0.257480 0.439161 0.283465 0.437413 0.298425 0.434615 0.353543 0.433916 0.394488 0.432517 0.410236 0.431119 0.414961 0.431469 0.424409 0.430070 0.437795 0.430070 0.449606 0.432168 0.459843 0.438462 0.466929 0.447203 0.466929 0.462587 0.459055 0.464685 0.455906 0.464685 0.440157 0.462238 0.411811 0.461189 0.385039 0.461538 0.360630 0.460490 0.353543 0.461189 0.351181 0.460490 0.339370 0.461189 0.325984 0.460490 0.322047 0.461189 0.319685 0.461189 0.306299 0.462238 0.303150 0.461888 0.298425 0.462587 0.296063 0.461888 0.292126 0.462587 0.286614 0.461888 0.283465 0.462937 0.281102 0.462587 0.266929 0.463287 0.254331 0.461538 0.240157
0 0.493007 0.153543 0.486014 0.155118 0.484266 0.158268 0.483217 0.162205 0.483566 0.166142 0.481818 0.170079 0.482517 0.173228 0.480420 0.177165 0.481469 0.181890 0.476923 0.189764 0.475874 0.196850 0.472378 0.207874 0.470979 0.215748 0.466783 0.224409 0.467483 0.227559 0.466783 0.233071 0.468182 0.236220 0.468531 0.248819 0.467483 0.302362 0.467483 0.367717 0.468531 0.375591 0.468531 0.392913 0.465734 0.418110 0.466434 0.423622 0.465734 0.427559 0.465734 0.444882 0.467133 0.462992 0.468881 0.467717 0.471678 0.470079 0.488112 0.470079 0.493706 0.468504 0.497552 0.465354 0.510140 0.464567 0.512937 0.459843 0.514336 0.451181 0.514336 0.435433 0.512937 0.424409 0.512587 0.411811 0.511538 0.403937 0.511888 0.400000 0.510839 0.396063 0.508392 0.361417 0.508741 0.349606 0.508042 0.346457 0.507692 0.331496 0.508392 0.327559 0.508392 0.317323 0.506993 0.307087 0.507343 0.301575 0.506294 0.299213 0.507343 0.296063 0.506294 0.283465 0.507692 0.280315 0.506643 0.274803 0.507343 0.270079 0.506294 0.267717 0.508042 0.265354 0.508042 0.262205 0.506294 0.259055 0.506643 0.255906 0.503147 0.251969 0.504895 0.248031 0.504196 0.243307 0.505944 0.240945 0.503147 0.231496 0.503497 0.228346 0.505245 0.225197 0.503497 0.215748 0.505245 0.207874 0.503497 0.203150 0.501049 0.201575 0.500000 0.197638 0.501748 0.193701 0.502448 0.188189 0.497203 0.181890 0.501049 0.177953 0.500699 0.175591 0.497203 0.174016 0.498601 0.169291 0.496503 0.166142 0.499650 0.162992 0.499650 0.161417 0.497203 0.159055 0.495804 0.155118
0 0.588811 0.255118 0.587063 0.255118 0.579371 0.263780 0.577622 0.279528 0.575175 0.281890 0.573077 0.286614 0.572028 0.293701 0.572727 0.299213 0.572028 0.308661 0.570979 0.314173 0.570979 0.326772 0.572028 0.329921 0.571678 0.335433 0.572378 0.338583 0.570979 0.345669 0.571329 0.373228 0.568881 0.400000 0.568182 0.423622 0.566783 0.440945 0.567133 0.463780 0.567832 0.469291 0.570280 0.474803 0.579371 0.479528 0.588112 0.479528 0.595455 0.475591 0.598951 0.470079 0.600350 0.462205 0.599301 0.430709 0.597902 0.420472 0.596503 0.397638 0.596154 0.359843 0.595105 0.356693 0.594755 0.329921 0.593706 0.323622 0.592657 0.262992
