5 0.254333 0.368293 0.250667 0.378049 0.250000 0.404878 0.243000 0.417073 0.241333 0.424390 0.240667 0.433333 0.243000 0.439837 0.252000 0.452033 0.263000 0.456098 0.269000 0.452846 0.272333 0.443902 0.274000 0.432520 0.274000 0.426829 0.271000 0.415447 0.268333 0.411382 0.264000 0.411382 0.262000 0.408130 0.263667 0.394309 0.263667 0.384553 0.261667 0.372358 0.258667 0.368293
5 0.646333 0.378862 0.643667 0.369106 0.643333 0.364228 0.641333 0.360976 0.624333 0.354472 0.619667 0.354472 0.615667 0.359350 0.603667 0.359350 0.600333 0.361789 0.583000 0.361789 0.580000 0.364228 0.579000 0.367480 0.579333 0.384553 0.583000 0.417073 0.587000 0.434146 0.592000 0.438211 0.599667 0.437398 0.602333 0.434959 0.617000 0.430081 0.632667 0.430081 0.639667 0.426829 0.646333 0.419512 0.646333 0.409756 0.647333 0.405691 0.647333 0.391870
3 0.283667 0.201626 0.281667 0.212195 0.281333 0.241463 0.282000 0.267480 0.283000 0.277236 0.283000 0.295122 0.282333 0.297561 0.282333 0.309756 0.281667 0.313008 0.281667 0.353659 0.283667 0.373171 0.282667 0.376423 0.280333 0.414634 0.280000 0.432520 0.280667 0.442276 0.284333 0.451220 0.288000 0.465041 0.290000 0.468293 0.294000 0.470732 0.302000 0.468293 0.306333 0.460976 0.325000 0.456911 0.330000 0.453659 0.331667 0.451220 0.333667 0.441463 0.334000 0.430081 0.331667 0.415447 0.327667 0.405691 0.321000 0.372358 0.319333 0.329268 0.317333 0.314634 0.313000 0.295122 0.312333 0.287805 0.306000 0.258537 0.303667 0.239837 0.298333 0.224390 0.295333 0.211382 0.291333 0.202439 0.287333 0.200000
3 0.251333 0.221951 0.243000 0.230081 0.242000 0.232520 0.242667 0.237398 0.240000 0.247154 0.240333 0.252846 0.239333 0.262602 0.240000 0.267480 0.239667 0.275610 0.238333 0.285366 0.237667 0.309756 0.236667 0.315447 0.236333 0.338211 0.235000 0.345528 0.236333 0.356911 0.235667 0.360163 0.234667 0.414634 0.235667 0.428455 0.237667 0.435772 0.248000 0.451220 0.251667 0.464228 0.257667 0.465854 0.263667 0.462602 0.269000 0.467480 0.279000 0.468293 0.281000 0.465854 0.282000 0.460163 0.282000 0.453659 0.281000 0.447154 0.276667 0.439837 0.275667 0.430894 0.276333 0.423577 0.279333 0.415447 0.280000 0.398374 0.278333 0.388618 0.276667 0.369106 0.276667 0.345528 0.275333 0.338211 0.276333 0.326829 0.275667 0.322764 0.276000 0.317073 0.274000 0.307317 0.272667 0.285366 0.270667 0.276423 0.270667 0.255285 0.265667 0.239837 0.262333 0.235772 0.263000 0.233333 0.262667 0.230894 0.256000 0.223577
2 0.327333 0.202439 0.327333 0.322764 0.328100 0.330976 0.328667 0.344715 0.334000 0.455285 0.347667 0.461789 0.359667 0.443902 0.360000 0.411382 0.349933 0.322683 0.348000 0.282927 0.337000 0.215447
3 0.762333 0.251220 0.760333 0.249593 0.756667 0.250407 0.744333 0.259350 0.731000 0.286992 0.727333 0.298374 0.725333 0.310569 0.718000 0.330894 0.712333 0.353659 0.709000 0.371545 0.706000 0.376423 0.700333 0.392683 0.699000 0.399187 0.698000 0.411382 0.698667 0.417886 0.701000 0.425203 0.706000 0.432520 0.718333 0.440650 0.721000 0.443902 0.726333 0.445528 0.732000 0.443902 0.738000 0.434146 0.739333 0.424390 0.739000 0.413008 0.739667 0.404878 0.741333 0.395935 0.743000 0.373171 0.745667 0.362602 0.745667 0.356911 0.749333 0.334146 0.749667 0.321951 0.752667 0.306504 0.757000 0.295122 0.762000 0.277236 0.762667 0.267480 0.763667 0.264228 0.763667 0.254472
0 0.520667 0.456911 0.517667 0.458537 0.515667 0.461789 0.514667 0.474797 0.515667 0.486992 0.515333 0.495122 0.518667 0.520325 0.519000 0.544715 0.520333 0.558537 0.519667 0.568293 0.522000 0.590244 0.521667 0.604878 0.523000 0.608943 0.529333 0.611382 0.531000 0.615447 0.531667 0.625203 0.533333 0.625203 0.534333 0.622764 0.535667 0.613008 0.534667 0.605691 0.535667 0.598374 0.536667 0.596748 0.537333 0.589431 0.537333 0.569106 0.538333 0.549593 0.538000 0.533333 0.539000 0.517886 0.540000 0.465041 0.539333 0.460976 0.536667 0.456911
2 0.628740 0.207260 0.616833 0.263813 0.615893 0.315024 0.617147 0.381512 0.619653 0.425081 0.627487 0.444951 0.638767 0.444951 0.651930 0.431959 0.656003 0.396805 0.646917 0.357057 0.644410 0.289805 0.641903 0.248528 0.637513 0.216431
2 0.593647 0.202675 0.586123 0.288276 0.585497 0.356293 0.581737 0.420496 0.585497 0.441894 0.609000 0.451065 0.618087 0.448008 0.620280 0.431959 0.617460 0.368520 0.614013 0.321902 0.613387 0.248528 0.604613 0.195033
2 0.349010 0.219179 0.347757 0.293317 0.354963 0.368220 0.360917 0.442350 0.364050 0.458398 0.374077 0.459163 0.383477 0.447699 0.389747 0.429358 0.386000 0.405691 0.382537 0.352935 0.372510 0.292553 0.361543 0.221472
0 0.529333 0.233333 0.528667 0.234146 0.527000 0.247967 0.530333 0.252033 0.528333 0.262602 0.529667 0.269106 0.528333 0.276423 0.523667 0.290244 0.523667 0.301626 0.521667 0.319512 0.523000 0.334146 0.522333 0.338211 0.523333 0.340650 0.523000 0.347154 0.523667 0.349593 0.522000 0.366667 0.522667 0.416260 0.524000 0.426016 0.527000 0.433333 0.534000 0.435772 0.544667 0.434959 0.547333 0.432520 0.548333 0.427642 0.549667 0.404878 0.549000 0.360976 0.548000 0.356911 0.548333 0.347154 0.549333 0.342276 0.548000 0.270732 0.545333 0.255285 0.542000 0.246341 0.536333 0.235772
0 0.504667 0.166667 0.501000 0.167480 0.498000 0.178049 0.498000 0.181301 0.496000 0.184553 0.496333 0.188618 0.491667 0.196748 0.489000 0.208130 0.489333 0.213008 0.488000 0.223577 0.488000 0.247967 0.485333 0.273984 0.485667 0.279675 0.484333 0.298374 0.483667 0.360163 0.482667 0.377236 0.480667 0.386992 0.481000 0.393496 0.480000 0.400813 0.480667 0.408943 0.480333 0.421951 0.481000 0.426829 0.483000 0.430081 0.487667 0.432520 0.512667 0.433333 0.516667 0.431707 0.519000 0.426016 0.519333 0.391057 0.518667 0.382927 0.518333 0.335772 0.517000 0.298374 0.516000 0.291870 0.516667 0.287805 0.516000 0.283740 0.516333 0.269106 0.515667 0.260976 0.516000 0.254472 0.515333 0.252033 0.515667 0.246341 0.515000 0.244715 0.516333 0.239024 0.514333 0.228455 0.516000 0.225203 0.516000 0.222764 0.513333 0.213008 0.515000 0.209756 0.513333 0.204878 0.514333 0.202439 0.513333 0.197561 0.514000 0.192683 0.511333 0.186179 0.509667 0.178049
0 0.447667 0.183740 0.443667 0.192683 0.442333 0.200000 0.439333 0.208130 0.437667 0.227642 0.438000 0.269106 0.437333 0.309756 0.441333 0.369919 0.442000 0.422764 0.444667 0.428455 0.451667 0.430894 0.460667 0.430894 0.466000 0.427642 0.478333 0.427642 0.479333 0.422764 0.479333 0.408943 0.477667 0.394309 0.478000 0.387805 0.475333 0.355285 0.474000 0.349593 0.473667 0.341463 0.472000 0.330894 0.468333 0.256098 0.467000 0.250407 0.466667 0.239837 0.464667 0.229268 0.465000 0.223577 0.464333 0.216260 0.462667 0.213008 0.463667 0.208130 0.461667 0.204878 0.462667 0.200813 0.460667 0.197561 0.462333 0.192683 0.459667 0.186992 0.456333 0.183740 0.453333 0.183740 0.451333 0.186992
0 0.404667 0.184553 0.404333 0.186992 0.405000 0.189431 0.404000 0.193496 0.409000 0.214634 0.408667 0.224390 0.410667 0.243089 0.411000 0.264228 0.412000 0.267480 0.412000 0.279675 0.411000 0.284553 0.411333 0.295935 0.412667 0.300000 0.413000 0.326016 0.414333 0.330894 0.414333 0.340650 0.413333 0.347967 0.414333 0.363415 0.414000 0.385366 0.415000 0.395122 0.415333 0.412195 0.416000 0.416260 0.419333 0.423577 0.423000 0.421951 0.433333 0.424390 0.438667 0.423577 0.440333 0.404065 0.440000 0.391870 0.439000 0.387805 0.436000 0.352846 0.436333 0.348780 0.434667 0.326829 0.434333 0.309756 0.433000 0.295935 0.433000 0.273984 0.432333 0.266667 0.430000 0.258537 0.429667 0.251220 0.430333 0.246341 0.429333 0.238211 0.426000 0.227642 0.425333 0.220325 0.421667 0.205691 0.421333 0.200000 0.419333 0.193496 0.415333 0.187805 0.409333 0.184553
0 0.474667 0.468293 0.472667 0.469919 0.471333 0.473984 0.471333 0.491870 0.472667 0.512195 0.473667 0.517073 0.474333 0.546341 0.475667 0.552033 0.475333 0.556911 0.476667 0.573984 0.479333 0.588618 0.480667 0.591870 0.481667 0.607317 0.482667 0.609756 0.487000 0.612195 0.486667 0.607317 0.487667 0.600813 0.489667 0.596748 0.489333 0.591870 0.490667 0.588618 0.492000 0.569106 0.492333 0.504065 0.491000 0.478049 0.490000 0.471545 0.488333 0.469919
0 0.496333 0.467480 0.493667 0.470732 0.493333 0.476423 0.494333 0.499187 0.496333 0.517886 0.497000 0.538211 0.499000 0.552033 0.499000 0.565854 0.500333 0.582927 0.499667 0.596748 0.502667 0.622764 0.501333 0.627642 0.504667 0.643902 0.505667 0.645528 0.509667 0.645528 0.511667 0.642276 0.512667 0.635772 0.514667 0.600000 0.515000 0.543902 0.512000 0.481301 0.511000 0.474797 0.509000 0.470732 0.501667 0.467480
3 0.604000 0.479675 0.600333 0.488618 0.600000 0.501626 0.601000 0.509756 0.605000 0.526016 0.607667 0.541463 0.609667 0.563415 0.615000 0.591057 0.618333 0.619512 0.620667 0.627642 0.622000 0.639024 0.624333 0.648780 0.626333 0.678049 0.629667 0.692683 0.634667 0.704878 0.642000 0.717073 0.645333 0.715447 0.646667 0.713008 0.647000 0.704878 0.645667 0.700000 0.646000 0.697561 0.645000 0.693496 0.644000 0.680488 0.641667 0.669919 0.640667 0.660163 0.640000 0.606504 0.638333 0.591057 0.636000 0.522764 0.635000 0.512195 0.632333 0.501626 0.629333 0.495122 0.616000 0.478049 0.607667 0.477236
2 0.378667 0.500813 0.361333 0.500000 0.348667 0.525203 0.356000 0.581301 0.356900 0.591626 0.356000 0.603252 0.350667 0.697561 0.357667 0.717073 0.365667 0.697561 0.382333 0.581301 0.385667 0.533333
1 0.580333 0.173984 0.576333 0.174797 0.572667 0.184553 0.573333 0.189431 0.565333 0.228455 0.563000 0.243089 0.563000 0.247967 0.561667 0.253659 0.559667 0.273984 0.555667 0.291057 0.555667 0.298374 0.553333 0.317886 0.551667 0.347154 0.551667 0.398374 0.550000 0.421951 0.550000 0.432520 0.551333 0.439837 0.556000 0.447154 0.563667 0.449593 0.574000 0.448780 0.579667 0.446341 0.582333 0.440650 0.581667 0.435772 0.582000 0.430894 0.580333 0.426829 0.578667 0.412195 0.578333 0.384553 0.577667 0.381301 0.578000 0.365854 0.581000 0.354472 0.582333 0.331707 0.582000 0.301626 0.583667 0.271545 0.582667 0.257724 0.584000 0.237398 0.582667 0.231707 0.582000 0.206504 0.580000 0.197561 0.579667 0.190244 0.581333 0.186179
1 0.439000 0.449593 0.423333 0.455285 0.415333 0.463415 0.414000 0.469919 0.419667 0.573984 0.422333 0.584553 0.423333 0.612195 0.428333 0.615447 0.427000 0.620325 0.429333 0.623577 0.426333 0.626016 0.427333 0.628455 0.436667 0.626829 0.439667 0.611382 0.443667 0.556911 0.443667 0.532520 0.441667 0.521951 0.444000 0.501626 0.443667 0.456911
1 0.375550 0.213374 0.374610 0.280634 0.378997 0.350943 0.386830 0.446480 0.405007 0.436545 0.410960 0.427374 0.411900 0.392976 0.408767 0.354764 0.407513 0.312732 0.399993 0.266870 0.393097 0.222545 0.380563 0.201146
0 0.445600 0.450951 0.455000 0.451585 0.463880 0.447764 0.469887 0.462415 0.469363 0.494260 0.469103 0.538846 0.470407 0.595528 0.471713 0.634374 0.471190 0.658577 0.468840 0.677049 0.461530 0.656033 0.455783 0.612089 0.448733 0.531203 0.446383 0.487886
5 0.709667 0.400813 0.708000 0.407317 0.707000 0.417886 0.707000 0.427642 0.708333 0.431707 0.712333 0.436585 0.723333 0.443902 0.729333 0.443902 0.731333 0.439837 0.731333 0.417886 0.728667 0.407317 0.724667 0.401626 0.719667 0.399187 0.716000 0.395122 0.712667 0.395122
5 0.381333 0.504065 0.378000 0.500813 0.372667 0.500813 0.368000 0.503252 0.365667 0.507317 0.358667 0.510569 0.357000 0.514634 0.354667 0.514634 0.352000 0.521951 0.351000 0.532520 0.352000 0.557724 0.353000 0.568293 0.357000 0.584553 0.360000 0.588618 0.365333 0.587805 0.374333 0.575610 0.379667 0.565854 0.382333 0.558537 0.386000 0.543089 0.386000 0.532520 0.384333 0.517073
5 0.332000 0.418699 0.330000 0.413008 0.326333 0.413008 0.320667 0.418699 0.315333 0.430081 0.310000 0.430081 0.306000 0.432520 0.304333 0.438211 0.304000 0.449593 0.304667 0.456911 0.306000 0.459350 0.311000 0.459350 0.316333 0.456911 0.325000 0.456098 0.331333 0.452033 0.333667 0.439837 0.333667 0.430081
