1 0.555921 0.430000 0.551316 0.438333 0.550000 0.445833 0.548355 0.476667 0.549013 0.494167 0.551645 0.514167 0.552303 0.527500 0.557237 0.575833 0.559211 0.581667 0.559868 0.605000 0.561842 0.613333 0.564803 0.651667 0.565789 0.654167 0.565789 0.658333 0.567105 0.662500 0.567434 0.667500 0.568750 0.670833 0.568750 0.674167 0.571711 0.674167 0.572368 0.677500 0.575000 0.677500 0.575000 0.682500 0.576645 0.683333 0.576974 0.680833 0.575987 0.678333 0.579605 0.674167 0.581250 0.659167 0.581250 0.646667 0.582566 0.635833 0.582895 0.618333 0.582237 0.607500 0.582895 0.602500 0.582237 0.586667 0.581579 0.584167 0.582566 0.570833 0.581579 0.552500 0.581908 0.540000 0.581250 0.536667 0.581908 0.517500 0.580921 0.513333 0.581579 0.507500 0.581579 0.469167 0.578618 0.451667 0.576316 0.445833 0.561184 0.430000
0 0.563316 0.185583 0.569322 0.249083 0.572454 0.302667 0.577678 0.342358 0.579243 0.382050 0.575066 0.405867 0.559661 0.403883 0.545819 0.399917 0.541905 0.366175 0.546082 0.311933 0.551566 0.233875 0.551303 0.180292 0.551566 0.151183
0 0.518924 0.141917 0.506651 0.165075 0.501951 0.223950 0.499079 0.279517 0.498556 0.319867 0.500905 0.352283 0.502211 0.394625 0.511089 0.401242 0.534592 0.405208 0.543730 0.399250 0.543730 0.367500 0.543730 0.335750 0.539816 0.294067 0.537204 0.229900 0.530937 0.176983 0.528586 0.157133
1 0.397500 0.178967 0.405855 0.208075 0.414734 0.257683 0.422306 0.297375 0.426484 0.326483 0.430141 0.359558 0.432490 0.394625 0.426224 0.411825 0.414993 0.414467 0.400632 0.415133 0.394628 0.410500 0.395671 0.358900 0.394105 0.302667 0.389928 0.216008 0.388882 0.164408 0.392276 0.155808
0 0.439280 0.155150 0.447115 0.212042 0.453905 0.268933 0.455993 0.313917 0.457819 0.366175 0.458865 0.396608 0.458082 0.405867 0.444763 0.413808 0.435885 0.409175 0.430661 0.401242 0.427007 0.375442 0.427007 0.349642 0.428836 0.309950 0.431447 0.249750 0.432490 0.210717 0.432490 0.173675 0.433273 0.160442
0 0.486543 0.133983 0.488895 0.189550 0.493332 0.240483 0.496467 0.288117 0.500122 0.329133 0.501151 0.372167 0.498296 0.407192 0.477664 0.410500 0.463303 0.408517 0.459125 0.385358 0.456776 0.346992 0.458342 0.313258 0.461737 0.266283 0.464872 0.210058 0.468003 0.150517 0.471398 0.126700 0.475316 0.115458
0 0.381875 0.298167 0.377303 0.326667 0.370066 0.347500 0.365789 0.351667 0.364145 0.356667 0.364145 0.368333 0.366776 0.417500 0.367763 0.422500 0.370066 0.425833 0.374342 0.426667 0.381250 0.423333 0.393421 0.410000 0.394408 0.405833 0.390789 0.378333 0.389474 0.355000 0.385428 0.298333
0 0.440461 0.439167 0.438816 0.442500 0.438158 0.450833 0.441118 0.468333 0.442105 0.482500 0.443092 0.486667 0.443750 0.505000 0.446711 0.525000 0.453289 0.552500 0.452961 0.557500 0.455921 0.568333 0.457237 0.577500 0.460526 0.584167 0.458882 0.586667 0.458882 0.589167 0.460197 0.591667 0.458882 0.595000 0.459539 0.604167 0.462171 0.610000 0.467763 0.610833 0.470395 0.609167 0.471053 0.606667 0.469737 0.603333 0.471382 0.600833 0.472039 0.596667 0.470724 0.586667 0.473355 0.580000 0.473026 0.575000 0.473684 0.571667 0.472368 0.569167 0.473355 0.564167 0.471711 0.560833 0.470395 0.554167 0.471053 0.545000 0.469737 0.529167 0.469079 0.505000 0.469737 0.474167 0.467434 0.442500 0.464145 0.436667 0.456908 0.435000 0.446053 0.435833
0 0.470724 0.440833 0.469737 0.443333 0.470724 0.497500 0.475987 0.530833 0.477961 0.550000 0.480921 0.564167 0.481908 0.573333 0.484539 0.582500 0.486842 0.604167 0.489803 0.610833 0.496711 0.610000 0.498684 0.605000 0.499671 0.583333 0.499342 0.572500 0.498026 0.564167 0.498355 0.559167 0.495066 0.523333 0.494079 0.481667 0.492434 0.470833 0.492434 0.465833 0.491447 0.460833 0.489474 0.456667 0.478289 0.442500 0.475000 0.440000
0 0.494408 0.436667 0.492763 0.447500 0.493421 0.461667 0.495395 0.476667 0.496382 0.496667 0.499671 0.515000 0.500000 0.525833 0.500987 0.531667 0.501645 0.555000 0.503947 0.567500 0.503947 0.572500 0.505921 0.585000 0.505592 0.587500 0.507895 0.596667 0.507895 0.600833 0.509868 0.604167 0.509211 0.605833 0.509539 0.608333 0.517105 0.606667 0.518421 0.593333 0.518750 0.571667 0.517763 0.549167 0.517763 0.495833 0.516776 0.481667 0.514803 0.470833 0.515789 0.465000 0.512171 0.446667 0.512171 0.442500 0.509211 0.436667
0 0.534211 0.434167 0.529276 0.437500 0.525000 0.446667 0.521711 0.462500 0.520066 0.474167 0.520724 0.506667 0.523026 0.521667 0.524342 0.542500 0.526645 0.557500 0.527632 0.577500 0.529934 0.594167 0.529934 0.605000 0.532237 0.635833 0.533882 0.643333 0.536513 0.665833 0.539145 0.676667 0.541118 0.694167 0.543421 0.700000 0.545395 0.700833 0.548684 0.691667 0.548684 0.688333 0.547368 0.685833 0.547368 0.678333 0.548026 0.675000 0.548026 0.661667 0.549013 0.655000 0.548684 0.641667 0.547697 0.638333 0.547039 0.629167 0.546053 0.571667 0.544737 0.551667 0.547368 0.498333 0.546382 0.473333 0.546382 0.449167 0.545395 0.440833 0.541776 0.435000
2 0.657845 0.196167 0.652099 0.269592 0.651056 0.303333 0.649737 0.366833 0.648444 0.399250 0.647664 0.431667 0.666461 0.441592 0.677168 0.438942 0.680826 0.426375 0.683174 0.403225 0.681086 0.376758 0.678214 0.337733 0.678214 0.288775 0.677691 0.256367 0.674036 0.231225 0.667507 0.201458 0.663066 0.192192
2 0.643484 0.166392 0.644003 0.224608 0.648184 0.288775 0.650000 0.344333 0.650789 0.379417 0.650273 0.409833 0.645572 0.425050 0.631730 0.423733 0.619980 0.414467 0.613454 0.406533 0.610059 0.381392 0.608490 0.347650 0.612148 0.321858 0.616326 0.294733 0.617632 0.244458 0.622332 0.190875 0.629905 0.158458 0.633559 0.143900
2 0.374780 0.174992 0.382092 0.217992 0.387839 0.253058 0.392276 0.289442 0.400895 0.333100 0.402984 0.352950 0.405072 0.384042 0.403243 0.407850 0.396977 0.415792 0.386793 0.422408 0.377655 0.425050 0.368513 0.425050 0.364859 0.403883 0.363293 0.356250 0.364336 0.323842 0.365118 0.274883 0.362770 0.212042 0.364336 0.177642
2 0.341878 0.210058 0.352845 0.247100 0.355980 0.296058 0.360941 0.336408 0.364336 0.376100 0.366164 0.419758 0.365901 0.440267 0.357806 0.442917 0.344490 0.450192 0.337961 0.437625 0.332217 0.423733 0.332740 0.390650 0.336655 0.353608 0.334829 0.305317 0.336135 0.263642 0.337961 0.229900
2 0.351359 0.476100 0.360063 0.469483 0.368766 0.471142 0.373770 0.484367 0.373990 0.513033 0.372901 0.547217 0.373990 0.590767 0.377470 0.637075 0.377688 0.677867 0.378342 0.712600 0.377253 0.743467 0.375513 0.742917 0.369638 0.727483 0.364414 0.693850 0.360497 0.658017 0.353750 0.621633 0.347441 0.587458 0.342655 0.566508 0.337214 0.535083 0.335253 0.497600 0.341349 0.486025
2 0.388003 0.450300 0.377559 0.455817 0.372336 0.470700 0.370375 0.498817 0.372553 0.519208 0.375164 0.550083 0.384520 0.637733 0.392789 0.674117 0.398882 0.699475 0.404539 0.720425 0.410635 0.732550 0.413247 0.722633 0.417816 0.664192 0.411941 0.587017 0.409763 0.538508 0.410635 0.506533 0.406934 0.478967 0.402799 0.464633 0.396053 0.455817
3 0.251316 0.199167 0.245724 0.208333 0.243092 0.216667 0.244079 0.220833 0.242763 0.233333 0.244079 0.236667 0.243092 0.240000 0.241776 0.254167 0.242105 0.291667 0.241118 0.310000 0.239474 0.315833 0.238816 0.325833 0.235197 0.345833 0.234211 0.366667 0.230263 0.380000 0.230592 0.386667 0.227961 0.393333 0.227961 0.414167 0.228947 0.420833 0.231250 0.424167 0.231250 0.430833 0.232237 0.433333 0.236842 0.436667 0.250000 0.436667 0.259868 0.440833 0.276645 0.439167 0.279276 0.435833 0.280263 0.428333 0.280263 0.396667 0.277961 0.385000 0.275329 0.380000 0.273026 0.370833 0.272039 0.357500 0.272697 0.330000 0.267105 0.322500 0.269408 0.317500 0.267434 0.314167 0.266447 0.307500 0.267105 0.304167 0.266118 0.292500 0.266776 0.288333 0.266776 0.279167 0.266118 0.276667 0.266776 0.269167 0.264474 0.260000 0.266118 0.255833 0.264803 0.251667 0.264803 0.239167 0.264145 0.235833 0.261184 0.234167 0.258882 0.229167 0.258882 0.225000 0.257895 0.221667 0.258882 0.216667 0.257895 0.205833 0.256579 0.202500 0.253289 0.199167
3 0.281250 0.206667 0.280263 0.208333 0.281579 0.220000 0.280592 0.223333 0.280921 0.232500 0.278618 0.235833 0.276974 0.241667 0.277961 0.247500 0.281908 0.250000 0.282895 0.252500 0.282566 0.256667 0.283553 0.260000 0.283882 0.271667 0.284868 0.275833 0.284539 0.289167 0.285526 0.309167 0.284868 0.320833 0.285855 0.328333 0.286184 0.340833 0.284868 0.348333 0.285197 0.357500 0.283882 0.364167 0.283882 0.370833 0.281908 0.384167 0.282566 0.401667 0.282237 0.417500 0.282895 0.424167 0.282237 0.434167 0.283553 0.446667 0.286513 0.454167 0.295395 0.464167 0.302303 0.462500 0.301974 0.458333 0.310526 0.454167 0.326645 0.455833 0.335526 0.438333 0.335855 0.426667 0.333553 0.420000 0.331250 0.395833 0.324342 0.355000 0.322039 0.310833 0.319079 0.290833 0.317763 0.286667 0.317763 0.283333 0.312829 0.275833 0.312171 0.268333 0.312500 0.262500 0.311184 0.250833 0.303289 0.234167 0.298355 0.232500 0.294079 0.208333 0.289145 0.205833 0.287829 0.202500
2 0.599013 0.444167 0.595329 0.446833 0.590789 0.456667 0.588487 0.459167 0.584211 0.471667 0.583553 0.478333 0.583882 0.495833 0.587500 0.520000 0.590132 0.529167 0.592105 0.545833 0.593421 0.565000 0.593092 0.591667 0.593750 0.595833 0.594737 0.639167 0.597039 0.655833 0.599013 0.680833 0.604276 0.700833 0.608882 0.703333 0.611184 0.706667 0.611513 0.704167 0.609539 0.700833 0.611184 0.692500 0.610855 0.680833 0.616118 0.573333 0.615789 0.536667 0.619737 0.490000 0.619408 0.479167 0.617434 0.462500 0.614803 0.454167 0.607566 0.445833
3 0.665461 0.488333 0.659868 0.503333 0.656908 0.525833 0.663487 0.565000 0.666118 0.630833 0.672039 0.666667 0.683882 0.698333 0.688158 0.697500 0.685197 0.642500 0.685592 0.636083 0.686809 0.629417 0.692105 0.633333 0.694013 0.644167 0.694342 0.656083 0.696711 0.670833 0.699013 0.690000 0.703947 0.715833 0.709539 0.720000 0.713158 0.713333 0.713487 0.671667 0.705592 0.564167 0.710526 0.520833 0.710855 0.486667 0.706579 0.480833 0.692763 0.480000
3 0.720066 0.468333 0.716118 0.478333 0.712500 0.502500 0.713487 0.516667 0.715789 0.530000 0.719408 0.541667 0.726316 0.557500 0.730592 0.571667 0.733553 0.585000 0.735855 0.600833 0.739145 0.611667 0.740132 0.620000 0.743421 0.632500 0.748684 0.645833 0.754178 0.663917 0.762434 0.677417 0.775099 0.711000 0.777072 0.698083 0.771875 0.669917 0.766053 0.640500 0.771020 0.651000 0.784178 0.695250 0.785757 0.690000 0.785888 0.678167 0.785066 0.672000 0.784539 0.665833 0.780921 0.643333 0.780921 0.635000 0.778618 0.627500 0.777632 0.618333 0.776316 0.614167 0.775329 0.590000 0.774013 0.582500 0.774342 0.575833 0.773355 0.566667 0.773684 0.557500 0.772697 0.546667 0.772368 0.519167 0.771382 0.502500 0.771711 0.490833 0.769408 0.474167 0.763487 0.455833 0.756579 0.450000 0.748355 0.450000 0.736184 0.460833 0.727961 0.460000 0.724342 0.462500
3 0.752303 0.203333 0.751316 0.207500 0.750987 0.215833 0.747697 0.222500 0.746711 0.232500 0.744079 0.246667 0.742105 0.251667 0.741776 0.255833 0.742434 0.278333 0.741776 0.281667 0.741447 0.342500 0.738487 0.361667 0.737171 0.383333 0.737171 0.402500 0.738487 0.412500 0.741447 0.420000 0.751645 0.434167 0.760855 0.435833 0.769737 0.427500 0.780921 0.421667 0.785526 0.413333 0.788487 0.403333 0.788816 0.392500 0.790132 0.385833 0.790132 0.375833 0.788487 0.354167 0.783882 0.338333 0.781579 0.333333 0.779934 0.322500 0.778289 0.317500 0.775987 0.298333 0.773684 0.289167 0.771382 0.267500 0.771053 0.251667 0.767763 0.246667 0.766776 0.237500 0.765132 0.231667 0.759211 0.220000 0.757566 0.214167 0.756579 0.205833
3 0.704586 0.208075 0.693099 0.266283 0.688398 0.304658 0.684740 0.354267 0.680826 0.393300 0.678214 0.415792 0.681345 0.434975 0.697276 0.444900 0.728349 0.446883 0.735401 0.422408 0.738796 0.388667 0.735921 0.350958 0.737490 0.300025 0.736444 0.255700 0.736444 0.217333 0.731220 0.195500 0.727829 0.184917 0.722082 0.217333 0.715293 0.262975 0.714250 0.268933 0.711115 0.263642 0.709809 0.241150 0.710069 0.215350 0.708766 0.200792
4 0.771901 0.475408 0.785684 0.453817 0.797470 0.454283 0.819595 0.462092 0.825941 0.481383 0.830658 0.505275 0.830658 0.529158 0.827391 0.549375 0.823586 0.570508 0.820865 0.595317 0.818326 0.625175 0.815967 0.649058 0.813793 0.665142 0.809984 0.676625 0.804905 0.683058 0.798016 0.677083 0.791306 0.648142 0.783326 0.599450 0.778431 0.553508 0.774260 0.519050 0.772809 0.493783
3 0.291118 0.485833 0.279605 0.478333 0.273026 0.478333 0.264145 0.465833 0.256250 0.464167 0.250000 0.469167 0.243750 0.486667 0.242105 0.495833 0.239145 0.555000 0.236842 0.568333 0.235526 0.571667 0.232895 0.590000 0.230263 0.619167 0.227303 0.633333 0.224013 0.661667 0.224013 0.702500 0.225329 0.710833 0.227303 0.715833 0.228947 0.717500 0.235855 0.717500 0.240789 0.712500 0.245724 0.694167 0.250987 0.680000 0.257237 0.670833 0.262829 0.657500 0.265132 0.655000 0.274342 0.630833 0.278289 0.612500 0.280263 0.608333 0.281579 0.597500 0.285197 0.580833 0.296053 0.553333 0.300000 0.536667 0.302303 0.522500 0.302632 0.515000 0.300329 0.508333 0.296053 0.503333 0.295395 0.494167
5 0.256579 0.491667 0.257237 0.500833 0.258882 0.505833 0.266118 0.513333 0.276316 0.519167 0.282237 0.520833 0.287500 0.519167 0.291118 0.513333 0.293421 0.506667 0.293092 0.500833 0.276974 0.480000 0.272368 0.475833 0.267763 0.475833 0.259211 0.480000 0.257237 0.485000
5 0.230263 0.375833 0.227961 0.392500 0.227632 0.411667 0.230263 0.428333 0.232566 0.434167 0.240132 0.438333 0.249671 0.437500 0.261842 0.440833 0.273684 0.440000 0.279934 0.435833 0.280592 0.428333 0.280592 0.403333 0.279276 0.398333 0.272368 0.395833 0.268092 0.390833 0.266118 0.385833 0.265132 0.339167 0.264474 0.333333 0.260526 0.322500 0.256250 0.321667 0.253289 0.325833 0.248026 0.345833 0.246711 0.355833 0.245066 0.360000 0.241447 0.365000 0.232566 0.369167
5 0.290461 0.444167 0.291447 0.450833 0.292434 0.452500 0.297697 0.455000 0.302632 0.455000 0.307237 0.450833 0.315132 0.450833 0.323026 0.444167 0.325329 0.439167 0.325329 0.433333 0.323684 0.422500 0.322039 0.418333 0.318092 0.417500 0.312829 0.420833 0.308553 0.420833 0.298026 0.417500 0.293092 0.422500 0.291118 0.427500
5 0.348684 0.480000 0.344079 0.485000 0.338158 0.501667 0.336842 0.509167 0.336842 0.530000 0.341447 0.556667 0.351974 0.570833 0.356250 0.584167 0.358882 0.597500 0.359868 0.620000 0.362171 0.642500 0.363816 0.651667 0.364803 0.654167 0.366776 0.654167 0.368092 0.651667 0.368092 0.644167 0.366447 0.615833 0.364474 0.603333 0.363487 0.587500 0.364474 0.576667 0.363487 0.531667 0.365132 0.505833 0.368750 0.490833 0.368750 0.484167 0.366776 0.481667 0.361842 0.480000
5 0.474013 0.270833 0.471053 0.278333 0.471053 0.295000 0.474013 0.341667 0.474671 0.388333 0.476974 0.399167 0.478289 0.400833 0.482237 0.400833 0.484211 0.397500 0.484539 0.389167 0.480592 0.336667 0.479934 0.306667 0.478947 0.303333 0.476974 0.277500 0.475329 0.271667
5 0.630263 0.298333 0.625658 0.306667 0.623355 0.317500 0.623026 0.373333 0.620395 0.386667 0.620395 0.397500 0.621382 0.403333 0.623026 0.406667 0.630921 0.414167 0.634868 0.420000 0.640461 0.420833 0.646382 0.413333 0.649342 0.404167 0.650000 0.398333 0.649342 0.361667 0.650000 0.357500 0.648026 0.351667 0.644079 0.349167 0.641776 0.345000 0.638487 0.310000 0.636513 0.301667 0.634868 0.298333
5 0.700329 0.302500 0.698355 0.308333 0.698026 0.330833 0.696382 0.336667 0.694408 0.352500 0.685197 0.370000 0.680263 0.384167 0.678289 0.405000 0.678289 0.411667 0.679276 0.416667 0.681250 0.420833 0.688816 0.426667 0.700329 0.430833 0.703947 0.434167 0.717105 0.434167 0.719737 0.430000 0.722697 0.428333 0.725329 0.420833 0.723684 0.407500 0.717763 0.395833 0.717763 0.385000 0.719079 0.375000 0.718421 0.340833 0.717434 0.333333 0.716118 0.331667 0.705263 0.330000 0.703618 0.323333 0.703618 0.310000 0.701645 0.302500
5 0.684539 0.505000 0.680921 0.510833 0.680921 0.515833 0.683224 0.528333 0.683553 0.535000 0.684868 0.541667 0.687171 0.547500 0.688487 0.560000 0.690461 0.567500 0.691118 0.575833 0.693750 0.584167 0.696711 0.610000 0.700987 0.615000 0.701974 0.611667 0.701974 0.605000 0.700987 0.595833 0.699342 0.590833 0.697368 0.572500 0.695724 0.567500 0.694079 0.547500 0.693092 0.544167 0.693092 0.531667 0.691447 0.520833 0.691447 0.515833 0.688487 0.505833
5 0.758882 0.469167 0.757566 0.466667 0.753289 0.464167 0.742105 0.464167 0.736513 0.466667 0.732566 0.470833 0.727632 0.471667 0.721053 0.479167 0.718421 0.485833 0.718092 0.494167 0.719408 0.498333 0.724342 0.500833 0.731908 0.502500 0.740789 0.501667 0.745395 0.493333 0.756579 0.480000 0.758553 0.474167
5 0.787171 0.392500 0.779934 0.380000 0.775329 0.380000 0.770066 0.384167 0.759868 0.385833 0.757237 0.389167 0.751316 0.392500 0.747039 0.400000 0.745724 0.404167 0.745066 0.413333 0.746711 0.418333 0.750000 0.420833 0.752961 0.420833 0.755263 0.418333 0.763816 0.417500 0.767763 0.426667 0.776316 0.424167 0.780921 0.420833 0.786513 0.409167 0.787500 0.402500
5 0.561842 0.324167 0.556908 0.325833 0.551974 0.333333 0.548355 0.335833 0.545395 0.344167 0.544408 0.356667 0.545066 0.361667 0.545066 0.381667 0.547368 0.390833 0.551974 0.396667 0.556250 0.397500 0.557237 0.392500 0.561842 0.386667 0.564474 0.380833 0.568421 0.361667 0.566776 0.335000 0.564803 0.327500
1 0.422368 0.438333 0.415789 0.441667 0.407895 0.453333 0.405592 0.464167 0.405921 0.479167 0.409539 0.486667 0.410526 0.494167 0.410197 0.498333 0.411842 0.509167 0.411184 0.530833 0.414145 0.552500 0.415132 0.568333 0.414803 0.573333 0.416447 0.580000 0.417434 0.592500 0.419079 0.596667 0.421711 0.615833 0.421711 0.620833 0.425658 0.643333 0.427303 0.669167 0.428947 0.677500 0.428618 0.682500 0.429276 0.685833 0.428618 0.690833 0.429276 0.699167 0.431579 0.707500 0.432895 0.708333 0.434868 0.713333 0.436184 0.713333 0.437500 0.708333 0.439474 0.705833 0.439474 0.701667 0.443750 0.675833 0.445066 0.661667 0.445395 0.643333 0.446053 0.640000 0.446053 0.606667 0.445395 0.602500 0.445724 0.588333 0.444079 0.570000 0.444408 0.558333 0.442434 0.539167 0.442434 0.524167 0.439803 0.477500 0.437500 0.460000 0.434539 0.445000 0.432237 0.440000
1 0.615543 0.118767 0.607970 0.154492 0.603007 0.187567 0.595174 0.247100 0.588122 0.286133 0.582901 0.313258 0.577678 0.343025 0.574806 0.365517 0.575066 0.386683 0.583684 0.408517 0.590214 0.418433 0.598046 0.420425 0.607447 0.414467 0.615020 0.398592 0.616849 0.374117 0.616326 0.343683 0.617109 0.311933 0.617109 0.259008 0.617109 0.198150
