5 0.627931 0.348594 0.623448 0.351807 0.617931 0.362249 0.615862 0.371888 0.611379 0.377510 0.603103 0.399197 0.601724 0.408835 0.602069 0.424096 0.605517 0.436145 0.618966 0.451406 0.622759 0.453815 0.626552 0.453815 0.629310 0.451406 0.631724 0.442570 0.632759 0.433735 0.631034 0.405622 0.631724 0.355823 0.630345 0.350201
5 0.773793 0.378313 0.770690 0.389558 0.766552 0.418474 0.766552 0.433735 0.769655 0.442570 0.782069 0.461044 0.787586 0.460241 0.798966 0.451406 0.803103 0.444980 0.806207 0.444177 0.804483 0.439357 0.804828 0.434538 0.803103 0.419277 0.796897 0.416064 0.787586 0.417671 0.784828 0.415261 0.783448 0.412048 0.781724 0.401606 0.780690 0.380723 0.779310 0.377510 0.776552 0.375904
3 0.201162 0.461631 0.221183 0.473285 0.229669 0.477341 0.242290 0.480892 0.248383 0.494578 0.250997 0.512313 0.249907 0.524482 0.244031 0.540699 0.238593 0.556418 0.229886 0.579735 0.224666 0.605076 0.220097 0.625855 0.216397 0.639542 0.210955 0.649679 0.207255 0.648667 0.202686 0.639036 0.203776 0.617237 0.205734 0.601526 0.205079 0.586321 0.202469 0.585309 0.197245 0.596458 0.190066 0.617743 0.183103 0.631936 0.180490 0.632450 0.178748 0.623831 0.178748 0.607606 0.184841 0.572635 0.187017 0.551855 0.194852 0.501165 0.197028 0.480892
2 0.635741 0.203631 0.626714 0.249173 0.615434 0.318369 0.608666 0.367414 0.603024 0.397197 0.601897 0.427855 0.605283 0.445373 0.617314 0.449751 0.624459 0.457631 0.635366 0.456755 0.637621 0.444498 0.637245 0.403325 0.638748 0.364787 0.639124 0.309606 0.641003 0.246546 0.643638 0.207133
2 0.729700 0.490016 0.739886 0.485149 0.743803 0.493052 0.748503 0.511912 0.750593 0.524080 0.752679 0.552056 0.756338 0.578819 0.762083 0.605582 0.766000 0.628699 0.771221 0.646940 0.771483 0.672490 0.769131 0.683438 0.763910 0.679181 0.758166 0.668843 0.753203 0.653028 0.749286 0.631735 0.745631 0.615920 0.741190 0.601936 0.739362 0.603149 0.740931 0.618964 0.749286 0.651807 0.753203 0.671880 0.755293 0.693173 0.754248 0.696819 0.746152 0.691952 0.738579 0.679791 0.732314 0.662153 0.727352 0.642080 0.722390 0.617751 0.716645 0.595847 0.707507 0.576386 0.703590 0.558747 0.700976 0.539888 0.698366 0.526506 0.701762 0.507655 0.711945 0.503398 0.724217 0.497920
3 0.701169 0.253550 0.690266 0.299976 0.684624 0.342016 0.678621 0.374458 0.674472 0.396321 0.671838 0.416466 0.671462 0.438361 0.677479 0.454129 0.693272 0.461141 0.711697 0.458506 0.720345 0.459382 0.726362 0.440988 0.725986 0.416466 0.721472 0.382305 0.719969 0.339390 0.725234 0.301727 0.727490 0.268442 0.724483 0.248297 0.721097 0.257052 0.717338 0.285084 0.715459 0.292964 0.713200 0.296474 0.708690 0.311357 0.706059 0.319245 0.704176 0.311357 0.703800 0.292088 0.704176 0.269317 0.704552 0.257052 0.704928 0.248297
2 0.613793 0.498795 0.607241 0.499598 0.602069 0.504418 0.598966 0.511647 0.597931 0.517269 0.596552 0.538153 0.596207 0.711647 0.598621 0.740562 0.600000 0.746988 0.603793 0.755823 0.607931 0.755020 0.610690 0.751004 0.614828 0.749398 0.617586 0.734137 0.618966 0.685944 0.622759 0.622490 0.623103 0.596787 0.625172 0.565462 0.627586 0.545382 0.627241 0.518072 0.625172 0.509237 0.620345 0.502008
2 0.647586 0.500402 0.642069 0.501205 0.634483 0.510040 0.631034 0.520482 0.629655 0.531727 0.630000 0.546185 0.632414 0.563855 0.634138 0.588755 0.634138 0.604016 0.635517 0.636948 0.636897 0.643373 0.636897 0.669880 0.637931 0.676305 0.638621 0.701205 0.641724 0.736546 0.643103 0.739759 0.645517 0.741365 0.646897 0.740562 0.651379 0.729317 0.654138 0.717269 0.656207 0.701205 0.657241 0.677912 0.657586 0.628916 0.658621 0.622490 0.658276 0.604819 0.658966 0.583936 0.660345 0.570281 0.663448 0.554217 0.663103 0.529317 0.660690 0.518072 0.654138 0.505221 0.650690 0.501205
3 0.679310 0.502008 0.674828 0.504418 0.670000 0.510040 0.666552 0.517269 0.665517 0.522892 0.665517 0.534940 0.668276 0.554217 0.672414 0.575100 0.674138 0.599197 0.673793 0.604819 0.681034 0.675502 0.685862 0.697189 0.688621 0.700402 0.691724 0.700402 0.696897 0.694779 0.699655 0.683534 0.700000 0.665060 0.697586 0.608032 0.698966 0.547791 0.697931 0.544578 0.697241 0.527711 0.695862 0.517269 0.693103 0.511647 0.686207 0.503614
4 0.791066 0.466900 0.785321 0.469944 0.778534 0.487582 0.776445 0.493663 0.770176 0.489406 0.759731 0.492450 0.751103 0.508273 0.751638 0.528337 0.752679 0.542321 0.756859 0.556924 0.761559 0.575173 0.769917 0.590378 0.776445 0.608627 0.789238 0.630522 0.795769 0.642080 0.800207 0.652418 0.812217 0.653631 0.817962 0.630522 0.823969 0.613486 0.823448 0.601936 0.819790 0.561181 0.811959 0.539888 0.805952 0.498530 0.796810 0.472980
0 0.440690 0.281928 0.437931 0.282731 0.437586 0.287550 0.438621 0.292369 0.436897 0.297992 0.436552 0.309237 0.435517 0.311647 0.431379 0.309237 0.429310 0.313253 0.424138 0.317269 0.422759 0.327711 0.421034 0.376707 0.419310 0.386345 0.419310 0.396787 0.417586 0.412048 0.417931 0.432932 0.418966 0.440964 0.421379 0.448193 0.428276 0.453815 0.443448 0.453815 0.447586 0.444980 0.448966 0.436145 0.450000 0.413655 0.449655 0.400803 0.451724 0.376707 0.451724 0.356627 0.450690 0.348594 0.449310 0.345382 0.449655 0.340562 0.447931 0.330120 0.448621 0.325301 0.447586 0.322088 0.447931 0.316466 0.447241 0.314056 0.448276 0.309237 0.443448 0.305221 0.442414 0.302811 0.443793 0.297992 0.442069 0.297189 0.440345 0.292369 0.442069 0.284337
2 0.354872 0.266586 0.350038 0.288410 0.347469 0.311992 0.347014 0.332410 0.347317 0.359157 0.346714 0.379221 0.349283 0.389076 0.355176 0.391542 0.361976 0.389430 0.366207 0.385912 0.370134 0.381333 0.374366 0.378522 0.376031 0.372884 0.376934 0.360570 0.375576 0.345076 0.372100 0.324313 0.366055 0.294747 0.362279 0.266233 0.359859 0.260948
3 0.228621 0.286747 0.227241 0.289960 0.224138 0.292369 0.213793 0.318876 0.209655 0.364659 0.206897 0.383936 0.206552 0.402410 0.208621 0.418474 0.212414 0.428916 0.226897 0.448193 0.236207 0.451406 0.241724 0.444980 0.250000 0.427309 0.252414 0.407229 0.252759 0.392771 0.249655 0.370281 0.246897 0.357430 0.244828 0.337349 0.242759 0.331727 0.240345 0.318876 0.238621 0.314859 0.239310 0.310040 0.233448 0.297992 0.232759 0.293976 0.230345 0.291566 0.229655 0.287550
1 0.387931 0.489960 0.384138 0.489960 0.375862 0.498795 0.368276 0.517269 0.366207 0.530924 0.366897 0.550201 0.370345 0.568675 0.371724 0.583133 0.372069 0.621687 0.371379 0.624900 0.371379 0.640161 0.372414 0.648996 0.371724 0.662651 0.372759 0.673896 0.372759 0.702811 0.376207 0.731727 0.378621 0.737349 0.384138 0.742972 0.386897 0.742169 0.390000 0.736546 0.391034 0.722892 0.394138 0.705221 0.393448 0.701205 0.394483 0.690763 0.396207 0.683534 0.396897 0.661847 0.397931 0.655422 0.398621 0.600000 0.401034 0.574297 0.401379 0.560643 0.403103 0.550201 0.405172 0.524498 0.404828 0.514056 0.401724 0.501205 0.394483 0.493173
1 0.572759 0.498795 0.562069 0.501205 0.560345 0.505221 0.559310 0.511647 0.558966 0.537349 0.561034 0.607229 0.560345 0.626506 0.560690 0.647390 0.559655 0.666667 0.563103 0.706024 0.564828 0.713253 0.567586 0.716466 0.572759 0.715663 0.573793 0.714056 0.576552 0.693976 0.578621 0.659438 0.580000 0.654618 0.581034 0.644177 0.581034 0.630522 0.582759 0.620080 0.584828 0.583936 0.590000 0.534940 0.590000 0.517269 0.587241 0.508434 0.581379 0.501205
1 0.605862 0.277108 0.595172 0.276305 0.588966 0.281928 0.587586 0.285141 0.584138 0.306024 0.584483 0.310040 0.582759 0.314859 0.581379 0.329317 0.579655 0.335743 0.577241 0.358233 0.573103 0.384739 0.571724 0.410442 0.572069 0.418474 0.574138 0.427309 0.574483 0.432932 0.580000 0.451406 0.587241 0.461847 0.593793 0.462651 0.599310 0.459438 0.602759 0.454618 0.605517 0.445783 0.605517 0.439357 0.603103 0.434538 0.601724 0.427309 0.601034 0.410442 0.603793 0.393574 0.605517 0.389558 0.607586 0.373494 0.608276 0.338153 0.610690 0.304418 0.611724 0.300402 0.610690 0.293976 0.611034 0.283534
1 0.400345 0.254618 0.396897 0.257831 0.395172 0.257831 0.393793 0.255422 0.385172 0.256225 0.383448 0.262651 0.382759 0.269880 0.383448 0.275502 0.382414 0.285944 0.383103 0.290763 0.382414 0.294779 0.382759 0.309237 0.381724 0.314056 0.382069 0.327711 0.380000 0.348594 0.378276 0.388755 0.376552 0.400000 0.375862 0.413655 0.375862 0.435341 0.377931 0.443373 0.384138 0.454618 0.391724 0.461847 0.396897 0.461847 0.404138 0.453012 0.413448 0.428112 0.415172 0.408032 0.415172 0.367871 0.411379 0.330120 0.409655 0.325301 0.408621 0.318072 0.408966 0.306024 0.407931 0.297992 0.406552 0.294779 0.405862 0.267470 0.404483 0.259438
2 0.325862 0.233735 0.324138 0.236145 0.323448 0.242570 0.322759 0.286747 0.321724 0.290763 0.322069 0.297992 0.321034 0.305221 0.321034 0.314859 0.321724 0.318072 0.320345 0.322088 0.320345 0.325301 0.317241 0.329317 0.316207 0.337349 0.314828 0.340562 0.314828 0.342972 0.316897 0.349398 0.314828 0.352610 0.314828 0.361446 0.313793 0.368675 0.309655 0.385542 0.310345 0.404819 0.309655 0.407229 0.309655 0.432129 0.312414 0.443373 0.316207 0.451406 0.323793 0.457028 0.330345 0.457028 0.334483 0.453012 0.336207 0.446586 0.341724 0.434538 0.343448 0.421687 0.343448 0.404016 0.342069 0.369478 0.340690 0.364659 0.340690 0.360643 0.339310 0.357430 0.338966 0.351807 0.339310 0.314859 0.338276 0.300402 0.338276 0.276305 0.336552 0.267470 0.337241 0.262651 0.333448 0.246586 0.328966 0.236145
5 0.325517 0.310843 0.324828 0.313253 0.325517 0.326104 0.324483 0.329317 0.325517 0.342169 0.321724 0.347791 0.319310 0.359839 0.318966 0.375100 0.320000 0.387952 0.317931 0.392771 0.318966 0.396787 0.317586 0.400000 0.319310 0.410442 0.318621 0.420080 0.315862 0.424900 0.312414 0.425703 0.310345 0.428916 0.310000 0.433735 0.318621 0.450602 0.324138 0.455422 0.330000 0.457028 0.334138 0.453012 0.342069 0.432129 0.343448 0.421687 0.343448 0.401606 0.342069 0.369478 0.341379 0.367871 0.339310 0.367871 0.334138 0.371888 0.333448 0.371084 0.330690 0.356627 0.328621 0.352610 0.327586 0.345382 0.325862 0.341365 0.327586 0.331727 0.327586 0.328514 0.326552 0.326104 0.327586 0.314056 0.326552 0.310843
3 0.274483 0.261847 0.271379 0.266667 0.267241 0.268273 0.263793 0.282731 0.263448 0.295582 0.264138 0.306827 0.262759 0.314859 0.263448 0.338153 0.262069 0.360643 0.260345 0.372691 0.257241 0.383936 0.254483 0.414458 0.255517 0.427309 0.255172 0.432932 0.257931 0.444980 0.259655 0.448996 0.263103 0.452209 0.274828 0.451406 0.280690 0.453815 0.286897 0.453815 0.294483 0.446586 0.298621 0.444980 0.303103 0.436948 0.305172 0.428916 0.305517 0.411245 0.304828 0.402410 0.301034 0.388755 0.297586 0.363052 0.296552 0.301205 0.292414 0.275502 0.286897 0.262651
2 0.337241 0.496386 0.329310 0.502811 0.325517 0.512450 0.323793 0.520482 0.323103 0.538956 0.325517 0.601606 0.328621 0.619277 0.328276 0.632932 0.328966 0.646586 0.332759 0.679518 0.334138 0.698795 0.337586 0.710843 0.339655 0.711647 0.344828 0.718072 0.346897 0.718072 0.353103 0.710843 0.355172 0.698795 0.356207 0.673896 0.357241 0.665863 0.357586 0.602410 0.356897 0.599197 0.358276 0.591165 0.358966 0.573494 0.363448 0.547791 0.365172 0.516466 0.362414 0.511647 0.349655 0.513253 0.345517 0.502008 0.341724 0.497189
5 0.259310 0.424900 0.259655 0.435341 0.263448 0.441767 0.264828 0.447390 0.266897 0.450602 0.284483 0.451406 0.296207 0.443373 0.300690 0.437751 0.302414 0.432932 0.302414 0.430522 0.301034 0.427309 0.301724 0.424096 0.296897 0.416064 0.296207 0.410442 0.290690 0.406426 0.274828 0.406426 0.266552 0.408835 0.260345 0.418474
5 0.243793 0.551004 0.245517 0.558233 0.254138 0.573494 0.254828 0.583936 0.252759 0.587952 0.253793 0.595984 0.256552 0.597590 0.260345 0.591968 0.264483 0.580723 0.266552 0.563052 0.269310 0.552610 0.272069 0.549398 0.274138 0.543775 0.279310 0.543775 0.280000 0.548594 0.281724 0.552610 0.281724 0.558233 0.284483 0.560643 0.287931 0.560643 0.295862 0.546185 0.296552 0.541365 0.300345 0.534137 0.300690 0.528514 0.298966 0.518876 0.295517 0.510040 0.280690 0.501205 0.258966 0.497189 0.253793 0.501205 0.251379 0.508434 0.250000 0.523695 0.243793 0.547791
0 0.423448 0.489157 0.415862 0.493173 0.411034 0.502008 0.408621 0.516466 0.408276 0.534137 0.410690 0.564659 0.412414 0.607229 0.414138 0.614458 0.413448 0.636948 0.414483 0.642570 0.414483 0.648996 0.413448 0.657028 0.413448 0.669880 0.414483 0.681124 0.414138 0.696386 0.415172 0.711647 0.415172 0.732530 0.420690 0.740562 0.420000 0.744578 0.422414 0.750201 0.427586 0.752610 0.427241 0.748594 0.435172 0.732530 0.438621 0.716466 0.443103 0.706024 0.442759 0.701205 0.444138 0.697992 0.443448 0.693173 0.445517 0.689157 0.444483 0.685944 0.445172 0.677912 0.447586 0.670683 0.448276 0.624096 0.447586 0.616064 0.447586 0.587952 0.446897 0.584739 0.447586 0.571084 0.444483 0.529317 0.440690 0.510843 0.435862 0.498795 0.433103 0.494779 0.427931 0.489960
0 0.458276 0.497189 0.454138 0.499598 0.451379 0.508434 0.452069 0.539759 0.453448 0.557430 0.457931 0.589558 0.458966 0.614458 0.458621 0.628112 0.459655 0.651406 0.460345 0.653815 0.460000 0.660241 0.461379 0.673896 0.462069 0.701205 0.465172 0.713253 0.465517 0.721285 0.468966 0.726908 0.472069 0.726908 0.473448 0.722088 0.474828 0.721285 0.472759 0.717269 0.472759 0.714859 0.474483 0.713253 0.473793 0.709237 0.474483 0.707631 0.477931 0.709237 0.479310 0.702008 0.478621 0.673896 0.479310 0.671486 0.479310 0.642570 0.480000 0.639357 0.479655 0.583936 0.480345 0.581526 0.482414 0.543775 0.481034 0.533333 0.481379 0.527711 0.480345 0.523695 0.470000 0.501205 0.466207 0.497189
0 0.518276 0.503614 0.509310 0.505221 0.506552 0.510040 0.505862 0.514056 0.494483 0.511647 0.493448 0.513253 0.494483 0.517269 0.491379 0.525301 0.491034 0.538956 0.492069 0.557430 0.497241 0.604819 0.497931 0.621687 0.497241 0.628112 0.498276 0.638554 0.500345 0.646586 0.500000 0.661044 0.501034 0.683534 0.503103 0.705221 0.505862 0.713253 0.510345 0.713253 0.513448 0.710040 0.515172 0.705221 0.516207 0.681124 0.515172 0.645783 0.516897 0.603213 0.520000 0.561446 0.520000 0.546988 0.519310 0.544578 0.521379 0.514056 0.520000 0.506827
0 0.551379 0.497992 0.540345 0.498795 0.529310 0.502008 0.526897 0.505221 0.525517 0.518876 0.526207 0.561446 0.528276 0.579920 0.529655 0.621687 0.531379 0.638554 0.531724 0.651406 0.533793 0.669880 0.537241 0.689157 0.540000 0.694779 0.545517 0.697189 0.546207 0.693173 0.548621 0.692369 0.550000 0.681124 0.550000 0.672289 0.549310 0.669880 0.550345 0.654618 0.549655 0.630522 0.550690 0.610442 0.550000 0.599197 0.551724 0.571888 0.553793 0.556627 0.553793 0.544578 0.555862 0.514859 0.555172 0.502008 0.553448 0.498795
0 0.557586 0.277912 0.549310 0.280321 0.548276 0.282731 0.547241 0.294779 0.548276 0.297992 0.550690 0.299598 0.548276 0.302008 0.549310 0.306827 0.546207 0.312450 0.544138 0.323695 0.545172 0.334137 0.541379 0.346185 0.540345 0.352610 0.538621 0.387149 0.539310 0.393574 0.538621 0.419277 0.540000 0.441767 0.543793 0.448996 0.552759 0.454618 0.558276 0.454618 0.562069 0.452209 0.565862 0.443373 0.568276 0.425703 0.568621 0.391968 0.567931 0.387952 0.567931 0.360643 0.567241 0.357430 0.567586 0.343775 0.566897 0.337349 0.565172 0.333333 0.565862 0.323695 0.565172 0.318072 0.568966 0.309237 0.568966 0.297189 0.567931 0.294779 0.568276 0.290763 0.566897 0.282731
0 0.506207 0.302008 0.502069 0.319679 0.501724 0.341365 0.500345 0.352610 0.500000 0.363855 0.498966 0.373494 0.497586 0.376707 0.495862 0.386345 0.495862 0.395984 0.494138 0.414458 0.494138 0.432129 0.495172 0.450602 0.497931 0.457831 0.505862 0.458635 0.508276 0.461044 0.516897 0.464257 0.523793 0.464257 0.528966 0.461044 0.532069 0.454618 0.534138 0.440964 0.534828 0.428112 0.534483 0.416064 0.535517 0.403213 0.531724 0.347791 0.530345 0.338153 0.530000 0.318072 0.529310 0.315663 0.524138 0.315663 0.523448 0.314056 0.527586 0.312450 0.528276 0.310040 0.518276 0.307631 0.516897 0.306024 0.517931 0.303614 0.517241 0.302008
2 0.665862 0.248996 0.657931 0.248193 0.656897 0.250602 0.655172 0.261847 0.655862 0.270683 0.655517 0.279518 0.649655 0.290763 0.648276 0.306827 0.648621 0.320482 0.647586 0.347791 0.645172 0.379116 0.641034 0.399197 0.639655 0.415261 0.639655 0.436948 0.641034 0.448193 0.645517 0.456225 0.652759 0.461847 0.658276 0.461847 0.662069 0.459438 0.667586 0.451406 0.671379 0.440964 0.670345 0.427309 0.671034 0.405622 0.668621 0.373494 0.667241 0.297992 0.664828 0.286747 0.664828 0.284337 0.666552 0.280321 0.666207 0.275502 0.667586 0.265863 0.666897 0.259438 0.667586 0.253012
0 0.470000 0.281928 0.463448 0.286747 0.458276 0.301205 0.455862 0.317269 0.455517 0.356627 0.452069 0.396787 0.451379 0.428112 0.452069 0.445783 0.454483 0.457028 0.458966 0.461044 0.486897 0.460241 0.490690 0.454618 0.491379 0.440161 0.492414 0.435341 0.491724 0.416867 0.492414 0.403213 0.490690 0.379920 0.487586 0.353414 0.485517 0.317269 0.483448 0.299598 0.481724 0.293173 0.478966 0.287550 0.474828 0.282731
3 0.295517 0.509237 0.284483 0.502008 0.272414 0.501205 0.267586 0.498795 0.258621 0.497992 0.253448 0.502008 0.251379 0.509237 0.250000 0.524498 0.247241 0.537349 0.246897 0.542972 0.243793 0.548594 0.242759 0.557430 0.234828 0.571888 0.232759 0.580723 0.226897 0.595181 0.225517 0.604016 0.225517 0.609639 0.226552 0.614458 0.227241 0.636145 0.230000 0.639357 0.239552 0.629478 0.246793 0.623052 0.248448 0.629960 0.241034 0.655422 0.239310 0.657028 0.241379 0.661847 0.240690 0.665863 0.244138 0.669880 0.248621 0.669076 0.252069 0.670683 0.255517 0.665060 0.261034 0.647390 0.272069 0.619277 0.273448 0.612048 0.284138 0.586345 0.287241 0.583133 0.293448 0.571084 0.295517 0.569478 0.297931 0.560643 0.297931 0.557430 0.300000 0.552610 0.301379 0.542169 0.301379 0.532530 0.299655 0.526908 0.298621 0.518876
4 0.801566 0.262313 0.787279 0.308731 0.782390 0.336763 0.776748 0.358659 0.770359 0.392819 0.765845 0.423478 0.769983 0.444498 0.780897 0.461124 0.800062 0.457631 0.810217 0.454129 0.814728 0.448876 0.817362 0.429606 0.816986 0.404201 0.815103 0.363036 0.815103 0.324498 0.814728 0.292964 0.811345 0.260562
5 0.701034 0.517269 0.700000 0.524498 0.700345 0.537349 0.703103 0.546988 0.704483 0.559839 0.708621 0.576707 0.713448 0.577510 0.716552 0.571084 0.722414 0.587149 0.725862 0.591968 0.727931 0.600000 0.731724 0.604819 0.736897 0.602410 0.742759 0.592771 0.743793 0.587952 0.743793 0.579920 0.742069 0.572691 0.741724 0.563855 0.740000 0.556627 0.737586 0.552610 0.735517 0.545382 0.731034 0.516466 0.729655 0.512450 0.721379 0.504418 0.712759 0.503614 0.705517 0.509237
5 0.673103 0.404819 0.672069 0.415261 0.672414 0.435341 0.675517 0.444177 0.681034 0.451406 0.703448 0.460241 0.709655 0.460241 0.712759 0.456225 0.716897 0.443373 0.717241 0.435341 0.715172 0.425703 0.710000 0.415261 0.707241 0.406426 0.702069 0.400000 0.697241 0.400803 0.692759 0.407229 0.689655 0.414458 0.687586 0.412851 0.684483 0.403213 0.679310 0.397590 0.676897 0.397590 0.674138 0.400803
