2 0.367931 0.532000 0.360690 0.542400 0.358276 0.556000 0.358276 0.564800 0.366207 0.628800 0.369310 0.668800 0.371034 0.675200 0.372069 0.702400 0.373448 0.709600 0.373103 0.712800 0.376207 0.720000 0.377586 0.720000 0.381034 0.713600 0.384828 0.670400 0.385172 0.648800 0.383448 0.632000 0.383448 0.616800 0.382414 0.604800 0.383103 0.568800 0.384138 0.562400 0.384138 0.550400 0.383448 0.546400 0.381034 0.541600 0.372414 0.532800
4 0.185279 0.557272 0.201600 0.471952 0.213348 0.472456 0.232934 0.499208 0.248600 0.510320 0.249038 0.527984 0.239462 0.553232 0.227493 0.597656 0.217921 0.617344 0.204862 0.634512 0.196159 0.640568 0.189631 0.587560
5 0.766552 0.502400 0.766552 0.494400 0.764828 0.485600 0.761379 0.480800 0.753103 0.484800 0.744483 0.485600 0.742759 0.489600 0.743103 0.497600 0.751379 0.509600 0.755172 0.512800 0.763103 0.511200 0.765517 0.507200
6 0.741034 0.532800 0.736552 0.530400 0.735172 0.526400 0.735517 0.520000 0.733103 0.507200 0.728276 0.503200 0.713103 0.506400 0.706897 0.509600 0.697586 0.517600 0.694828 0.523200 0.687931 0.529600 0.678621 0.532000 0.662069 0.531200 0.654138 0.526400 0.642069 0.524000 0.635862 0.520000 0.627931 0.512000 0.616897 0.511200 0.611379 0.514400 0.609655 0.517600 0.608276 0.531200 0.608276 0.544000 0.610000 0.560000 0.613793 0.567200 0.619655 0.572800 0.625172 0.574400 0.631379 0.573600 0.635172 0.570400 0.642414 0.556800 0.648276 0.558400 0.652759 0.566400 0.658276 0.568800 0.661724 0.572800 0.672414 0.574400 0.678276 0.573600 0.680345 0.571200 0.685172 0.569600 0.693103 0.560000 0.701034 0.564800 0.703793 0.564800 0.704828 0.568000 0.707586 0.569600 0.717586 0.569600 0.720690 0.564000 0.725517 0.562400 0.732069 0.556000 0.734828 0.548800 0.738966 0.544800 0.740690 0.540800
3 0.704662 0.299040 0.708579 0.344472 0.710103 0.396976 0.709234 0.428784 0.709234 0.475736 0.705100 0.492392 0.700745 0.495928 0.685079 0.490880 0.672021 0.488864 0.663972 0.487344 0.661359 0.475736 0.662448 0.432824 0.665276 0.404048 0.669628 0.364672 0.671586 0.327816 0.672676 0.302064
5 0.215862 0.494400 0.215172 0.500000 0.215517 0.509600 0.219310 0.521600 0.222069 0.524800 0.226897 0.528000 0.237241 0.528000 0.240000 0.525600 0.242759 0.517600 0.242759 0.513600 0.241379 0.508000 0.237241 0.501600 0.221379 0.484000 0.218621 0.485600
5 0.261379 0.525600 0.260690 0.536000 0.262759 0.542400 0.267241 0.546400 0.274138 0.548800 0.276897 0.553600 0.276552 0.568000 0.277931 0.574400 0.280000 0.576800 0.283448 0.577600 0.287931 0.568000 0.291724 0.545600 0.291724 0.540000 0.289310 0.532800 0.279310 0.524800 0.263448 0.522400
5 0.594483 0.400000 0.592069 0.404000 0.591034 0.409600 0.588276 0.444800 0.588276 0.479200 0.588966 0.490400 0.591034 0.494400 0.595172 0.496800 0.607241 0.496000 0.613103 0.488800 0.613103 0.469600 0.607931 0.444800 0.602069 0.428800 0.600345 0.420000 0.598966 0.404000 0.596897 0.400000
1 0.552414 0.537600 0.548276 0.542400 0.543793 0.555200 0.542759 0.562400 0.542759 0.589600 0.544138 0.606400 0.545862 0.614400 0.545862 0.620800 0.546552 0.623200 0.546897 0.650400 0.552069 0.728000 0.556552 0.741600 0.564483 0.740800 0.567241 0.735200 0.568966 0.728800 0.570690 0.702400 0.570690 0.666400 0.570000 0.660800 0.570690 0.655200 0.570000 0.645600 0.570000 0.626400 0.570690 0.620000 0.568621 0.560000 0.566897 0.551200 0.562069 0.541600 0.557241 0.537600
1 0.406552 0.548000 0.403448 0.548000 0.399655 0.552000 0.395862 0.562400 0.394828 0.572000 0.394828 0.584000 0.397241 0.604000 0.398966 0.634400 0.402069 0.657600 0.402069 0.671200 0.402759 0.673600 0.402069 0.689600 0.399655 0.696800 0.398276 0.711200 0.395517 0.720800 0.394138 0.732000 0.394483 0.740800 0.393448 0.752000 0.395517 0.760000 0.398621 0.767200 0.400690 0.767200 0.404828 0.760800 0.406207 0.754400 0.413448 0.736800 0.420345 0.708800 0.422759 0.686400 0.424828 0.675200 0.424828 0.634400 0.423448 0.622400 0.423448 0.592800 0.421724 0.576000 0.420345 0.568000 0.415172 0.556800 0.411034 0.551200
4 0.736434 0.499464 0.740569 0.485832 0.751014 0.481792 0.759934 0.474728 0.765376 0.467656 0.778652 0.455544 0.781914 0.455544 0.787790 0.465136 0.790617 0.485832 0.793231 0.510568 0.797148 0.533288 0.803241 0.560048 0.806721 0.581248 0.808245 0.599928 0.806503 0.628200 0.798017 0.638800 0.782566 0.636784 0.767986 0.621640 0.757976 0.581248 0.753841 0.568120 0.747748 0.549440 0.739262 0.526224 0.737521 0.509056
3 0.695069 0.574240 0.718617 0.650432 0.742531 0.689248 0.746893 0.633768 0.746669 0.575232 0.735124 0.510064 0.730800 0.494888 0.706207 0.502472 0.691166 0.514600 0.690528 0.535280 0.693159 0.569648
2 0.595172 0.532000 0.586207 0.542400 0.585172 0.548800 0.585172 0.556800 0.589310 0.597600 0.590000 0.670400 0.591034 0.673600 0.592069 0.685600 0.591724 0.692000 0.594828 0.709600 0.598621 0.714400 0.600000 0.714400 0.603103 0.707200 0.604483 0.695200 0.605517 0.656000 0.608276 0.623200 0.610000 0.588800 0.611724 0.578400 0.611724 0.571200 0.607931 0.560000 0.601724 0.533600 0.600345 0.532000
2 0.608724 0.513440 0.603345 0.522960 0.616207 0.588800 0.617586 0.604800 0.620000 0.623200 0.623103 0.638400 0.627931 0.655200 0.634138 0.685600 0.636552 0.690400 0.638621 0.698400 0.642759 0.706400 0.646552 0.705600 0.644483 0.702400 0.646207 0.697600 0.644483 0.693600 0.645862 0.689600 0.645172 0.687200 0.645517 0.680800 0.644483 0.677600 0.644483 0.664800 0.642759 0.653600 0.640000 0.600000 0.640138 0.560400 0.638483 0.519760 0.625483 0.509120 0.615552 0.510080
0 0.451724 0.547200 0.445172 0.546400 0.436897 0.548000 0.433448 0.552800 0.432069 0.560000 0.432069 0.569600 0.434483 0.602400 0.434138 0.655200 0.434483 0.670400 0.435517 0.675200 0.434483 0.681600 0.435862 0.708800 0.435517 0.715200 0.435862 0.720800 0.439655 0.736000 0.444138 0.728800 0.445517 0.715200 0.447931 0.702400 0.448621 0.669600 0.450345 0.655200 0.450345 0.629600 0.453448 0.595200 0.455862 0.580000 0.456552 0.555200 0.454138 0.548800
0 0.462414 0.556000 0.460345 0.560000 0.459655 0.565600 0.462069 0.616000 0.462414 0.659200 0.462241 0.715600 0.467759 0.697760 0.472379 0.676960 0.475172 0.652800 0.475517 0.627200 0.476552 0.618400 0.478621 0.569600 0.475517 0.564000
0 0.506552 0.550400 0.501379 0.560800 0.498276 0.564000 0.492759 0.565600 0.490690 0.571200 0.492414 0.604000 0.493448 0.645600 0.496897 0.672000 0.498966 0.681600 0.505000 0.702080 0.505517 0.680800 0.506897 0.672000 0.507586 0.655200 0.506897 0.639200 0.507586 0.604800 0.510345 0.577600 0.510690 0.564000 0.509655 0.552800
0 0.520345 0.541600 0.517241 0.543200 0.514828 0.548000 0.513793 0.559200 0.514138 0.572000 0.516897 0.599200 0.518276 0.628800 0.518276 0.648000 0.519655 0.671200 0.521034 0.678400 0.520690 0.696000 0.522759 0.709600 0.523103 0.727200 0.524828 0.736800 0.525862 0.738400 0.529310 0.738400 0.531034 0.734400 0.531724 0.728800 0.531379 0.724000 0.533448 0.717600 0.534138 0.708800 0.533448 0.692000 0.534828 0.684800 0.535172 0.674400 0.534483 0.670400 0.535172 0.642400 0.534483 0.640000 0.534138 0.614400 0.534828 0.599200 0.537931 0.567200 0.537931 0.555200 0.535517 0.548000 0.533448 0.545600 0.526897 0.541600
3 0.292690 0.337040 0.289448 0.346160 0.286207 0.327200 0.283103 0.327200 0.279310 0.323200 0.277241 0.333600 0.277241 0.348800 0.276207 0.364000 0.276897 0.380800 0.276207 0.388800 0.274828 0.392800 0.272759 0.408800 0.265862 0.432000 0.264483 0.448800 0.264828 0.470400 0.266207 0.479200 0.275517 0.495200 0.279655 0.496800 0.283448 0.493600 0.288276 0.492800 0.300000 0.496800 0.308621 0.491200 0.310690 0.486400 0.311379 0.481600 0.311724 0.460800 0.308621 0.442400 0.306897 0.420000 0.307586 0.408800 0.306897 0.401600 0.308276 0.367200 0.308276 0.340800 0.306552 0.333600 0.302759 0.325600 0.298276 0.323200 0.297586 0.321600 0.296621 0.323360
3 0.336897 0.388800 0.330690 0.387200 0.327241 0.382400 0.325517 0.382400 0.323448 0.388000 0.321897 0.395280 0.320000 0.408000 0.316897 0.442400 0.315517 0.450400 0.313793 0.454400 0.313793 0.459200 0.312759 0.462400 0.312414 0.484000 0.313103 0.489600 0.315172 0.493600 0.317241 0.495200 0.326552 0.493600 0.331034 0.485600 0.332414 0.479200 0.338276 0.424000 0.338276 0.414400 0.337241 0.410400 0.338276 0.404800 0.338276 0.391200
2 0.348621 0.276800 0.346552 0.278400 0.346207 0.282400 0.344483 0.286400 0.343448 0.324800 0.341724 0.328800 0.343448 0.348800 0.343448 0.356800 0.342069 0.360800 0.342759 0.365600 0.342759 0.382400 0.341724 0.392000 0.341724 0.403200 0.340000 0.409600 0.338621 0.428000 0.336207 0.446400 0.335517 0.473600 0.337586 0.482400 0.341724 0.484800 0.345517 0.493600 0.350690 0.495200 0.360000 0.490400 0.362759 0.479200 0.363793 0.452000 0.362759 0.444000 0.362759 0.429600 0.360690 0.400000 0.361034 0.392800 0.362414 0.388800 0.361724 0.377600 0.363103 0.373600 0.363103 0.368800 0.359655 0.331200 0.360345 0.325600 0.359310 0.322400 0.359655 0.318400 0.358966 0.313600 0.359655 0.310400 0.358276 0.300800 0.354828 0.286400 0.351034 0.277600
2 0.377241 0.296800 0.375862 0.296800 0.375172 0.299200 0.375862 0.305600 0.375172 0.309600 0.372069 0.312800 0.370690 0.316800 0.370345 0.326400 0.371724 0.330400 0.371034 0.340800 0.368966 0.348000 0.367931 0.368000 0.367931 0.389600 0.368621 0.395200 0.367931 0.404800 0.366897 0.407200 0.366897 0.422400 0.365517 0.431200 0.365517 0.450400 0.362759 0.485600 0.363103 0.496000 0.364138 0.500800 0.368621 0.511200 0.373793 0.513600 0.380690 0.505600 0.383103 0.499200 0.384828 0.498400 0.389655 0.484000 0.390000 0.474400 0.389655 0.453600 0.388621 0.440800 0.386897 0.432000 0.387586 0.428000 0.387586 0.422400 0.386552 0.420000 0.387586 0.412800 0.386897 0.400800 0.387931 0.395200 0.385862 0.388000 0.385862 0.361600 0.383103 0.356800 0.382414 0.352800 0.382414 0.345600 0.383448 0.342400 0.383103 0.334400 0.382069 0.328000 0.379310 0.321600 0.378621 0.315200 0.380690 0.311200 0.378966 0.306400 0.379655 0.299200
4 0.247931 0.309600 0.246552 0.310400 0.247586 0.313600 0.246897 0.315200 0.243448 0.316800 0.240690 0.324000 0.237931 0.338400 0.236552 0.340800 0.231034 0.384000 0.227931 0.401600 0.226207 0.419200 0.223448 0.432800 0.222759 0.449600 0.225862 0.463200 0.228621 0.468800 0.245172 0.480800 0.252414 0.481600 0.259310 0.474400 0.261724 0.468000 0.262414 0.463200 0.262414 0.444000 0.257586 0.400000 0.257931 0.387200 0.255517 0.329600 0.252414 0.323200 0.253103 0.319200 0.252759 0.312800 0.251724 0.310400
1 0.403793 0.284000 0.400345 0.293600 0.401379 0.300000 0.400000 0.305600 0.398966 0.325600 0.401034 0.331200 0.399655 0.337600 0.400000 0.342400 0.398966 0.345600 0.398966 0.355200 0.400000 0.364800 0.398966 0.376800 0.400000 0.395200 0.398966 0.416800 0.400690 0.435200 0.400345 0.442400 0.398966 0.447200 0.397931 0.465600 0.395862 0.469600 0.394828 0.476800 0.394828 0.496000 0.398276 0.507200 0.401034 0.511200 0.411379 0.518400 0.415862 0.518400 0.422069 0.508800 0.428621 0.489600 0.428276 0.478400 0.428966 0.476000 0.428966 0.465600 0.427931 0.461600 0.428276 0.459200 0.425862 0.444000 0.425862 0.439200 0.424483 0.435200 0.424138 0.428000 0.426207 0.420800 0.426207 0.416000 0.425517 0.412000 0.425862 0.408000 0.424138 0.404000 0.423793 0.394400 0.425517 0.388800 0.425172 0.377600 0.423448 0.372800 0.422759 0.364800 0.423793 0.357600 0.423103 0.353600 0.423793 0.348800 0.420345 0.337600 0.420690 0.333600 0.419310 0.330400 0.418966 0.318400 0.413793 0.294400 0.410345 0.291200 0.407931 0.284800
1 0.582069 0.283200 0.578966 0.283200 0.575517 0.288000 0.573793 0.294400 0.573793 0.298400 0.571379 0.304000 0.570345 0.310400 0.567586 0.318400 0.566552 0.329600 0.563103 0.344800 0.558621 0.384800 0.558966 0.393600 0.557586 0.411200 0.557586 0.428800 0.556207 0.445600 0.556552 0.459200 0.555862 0.462400 0.556207 0.466400 0.555172 0.470400 0.555172 0.479200 0.557586 0.497600 0.562414 0.514400 0.567241 0.522400 0.571034 0.525600 0.577241 0.524800 0.585172 0.514400 0.587241 0.505600 0.587931 0.491200 0.587586 0.485600 0.586552 0.482400 0.587241 0.458400 0.585862 0.450400 0.585862 0.440000 0.587586 0.428000 0.587586 0.423200 0.586552 0.418400 0.587586 0.408800 0.591724 0.393600 0.591034 0.384800 0.593103 0.366400 0.593103 0.336800 0.593793 0.335200 0.593448 0.329600 0.594138 0.326400 0.593448 0.322400 0.594483 0.317600 0.593103 0.302400
3 0.734476 0.301560 0.746662 0.356088 0.751883 0.400008 0.754279 0.437368 0.754279 0.460088 0.749707 0.474224 0.738610 0.483816 0.725555 0.483312 0.713586 0.468664 0.711410 0.456552 0.712062 0.416160 0.714672 0.387888 0.715328 0.359112 0.719679 0.318224 0.724031 0.299040
0 0.459862 0.282640 0.458655 0.311760 0.459310 0.352080 0.459862 0.358880 0.461379 0.379200 0.461034 0.381600 0.461379 0.387200 0.460690 0.388800 0.461034 0.392000 0.459310 0.395200 0.458966 0.404000 0.458276 0.412800 0.458966 0.416000 0.458621 0.421600 0.459310 0.429600 0.458621 0.438400 0.456897 0.460800 0.456897 0.504000 0.459310 0.515200 0.462759 0.519200 0.476552 0.521600 0.482069 0.520800 0.485172 0.518400 0.486897 0.511200 0.487586 0.500000 0.487241 0.465600 0.485517 0.455200 0.483103 0.428800 0.480345 0.415200 0.480000 0.408000 0.478276 0.396000 0.475931 0.362880 0.476310 0.357040 0.475241 0.336160 0.469897 0.309520
0 0.516172 0.268400 0.509276 0.290720 0.505759 0.318640 0.504138 0.331760 0.504138 0.345600 0.503793 0.350400 0.503793 0.351600 0.503690 0.352320 0.503690 0.353200 0.503207 0.355120 0.502759 0.357600 0.502345 0.361280 0.501724 0.365600 0.501552 0.368240 0.501310 0.371120 0.501034 0.373600 0.500345 0.383200 0.496897 0.403200 0.495172 0.425600 0.495172 0.435200 0.492759 0.447200 0.492414 0.459200 0.491724 0.461600 0.491724 0.510400 0.493448 0.516000 0.496552 0.518400 0.503103 0.516000 0.508966 0.520000 0.518276 0.519200 0.521379 0.515200 0.524138 0.507200 0.524483 0.488800 0.523448 0.471200 0.524138 0.468800 0.524138 0.460000 0.521724 0.435200 0.520345 0.400000 0.519655 0.389600 0.518483 0.374320 0.517552 0.355520 0.517103 0.340480 0.517552 0.306640
0 0.543103 0.326400 0.540000 0.326400 0.537241 0.329600 0.536552 0.333600 0.531034 0.415200 0.531379 0.436000 0.525172 0.477600 0.525172 0.497600 0.526552 0.508800 0.530690 0.515200 0.535517 0.517600 0.540690 0.517600 0.549655 0.513600 0.553103 0.506400 0.554483 0.492800 0.551034 0.357600 0.549310 0.342400 0.547586 0.337600 0.548276 0.329600
0 0.435172 0.320000 0.433448 0.325600 0.434828 0.332000 0.431724 0.348000 0.432414 0.365600 0.428966 0.488800 0.430000 0.501600 0.432759 0.510400 0.438621 0.516000 0.443448 0.516000 0.452759 0.507200 0.454138 0.498400 0.453793 0.475200 0.448966 0.435200 0.445172 0.335200 0.442759 0.324800 0.438966 0.320000
2 0.248821 0.514360 0.244903 0.536064 0.242072 0.557272 0.237503 0.593112 0.233803 0.634008 0.230976 0.663792 0.229886 0.681464 0.233152 0.696608 0.244031 0.681968 0.250552 0.659760 0.251414 0.657200 0.252310 0.662240 0.244686 0.690552 0.244248 0.709232 0.250559 0.716800 0.260793 0.689040 0.273628 0.647128 0.283417 0.612800 0.289948 0.584528 0.293210 0.549192 0.293866 0.530512 0.280807 0.519408 0.268838 0.517888 0.251431 0.508296
2 0.598224 0.304192 0.606317 0.354472 0.614414 0.400512 0.615717 0.481696 0.609972 0.505928 0.596134 0.511376 0.589345 0.501080 0.586734 0.441712 0.590652 0.404752
2 0.637393 0.360528 0.625379 0.385368 0.621986 0.415656 0.620941 0.442312 0.627207 0.476848 0.638176 0.484120 0.656193 0.487144 0.664810 0.481696 0.663245 0.445952 0.656717 0.410208 0.649145 0.373856
2 0.343103 0.525600 0.338276 0.528000 0.335517 0.532000 0.328621 0.549600 0.328621 0.561600 0.331034 0.588000 0.331724 0.614400 0.336897 0.676000 0.337241 0.693600 0.337931 0.696800 0.337241 0.699200 0.337931 0.704800 0.337241 0.710400 0.337931 0.712800 0.337241 0.714400 0.336897 0.726400 0.337586 0.728800 0.337241 0.732800 0.338276 0.734400 0.342414 0.729600 0.342069 0.724800 0.343448 0.721600 0.343103 0.716800 0.344483 0.710400 0.346897 0.704800 0.346552 0.698400 0.349310 0.696000 0.353448 0.685600 0.354828 0.669600 0.355172 0.645600 0.356552 0.627200 0.354828 0.590400 0.355172 0.574400 0.357586 0.546400 0.356897 0.536800 0.354483 0.531200
