2 0.658035 0.141061 0.658298 0.195417 0.650726 0.245243 0.646025 0.281487 0.646025 0.363026 0.648112 0.402504 0.644196 0.426452 0.633228 0.427739 0.623568 0.411565 0.613123 0.410270 0.605811 0.391504 0.605551 0.342965 0.612077 0.299609 0.617561 0.253017 0.623568 0.219365 0.631400 0.187652 0.639498 0.156591 0.649681 0.137817
2 0.330175 0.158261 0.327018 0.161739 0.327018 0.166087 0.324912 0.170435 0.323860 0.177391 0.324211 0.181739 0.322807 0.186087 0.323158 0.188696 0.321053 0.199130 0.321053 0.201739 0.322456 0.205217 0.320702 0.226957 0.321404 0.236522 0.321053 0.248696 0.321754 0.252174 0.321053 0.280870 0.323158 0.311304 0.325263 0.325217 0.327018 0.330435 0.327368 0.337391 0.327018 0.353913 0.325263 0.370435 0.326316 0.397391 0.327368 0.404348 0.329123 0.408696 0.334386 0.416522 0.346316 0.418261 0.351579 0.412174 0.364561 0.402609 0.367719 0.396522 0.368070 0.392174 0.364211 0.387826 0.366316 0.374783 0.366667 0.356522 0.364912 0.340870 0.362807 0.330435 0.360351 0.323478 0.358947 0.299130 0.355088 0.291304 0.355439 0.278261 0.354386 0.275652 0.355088 0.267826 0.351228 0.260000 0.351228 0.253043 0.347018 0.241739 0.346667 0.232174 0.343860 0.210435 0.343158 0.192174 0.342456 0.189565 0.342807 0.184348 0.340351 0.173043 0.340351 0.169565 0.337544 0.160870 0.334035 0.158261
1 0.415088 0.460000 0.412632 0.462609 0.409474 0.469565 0.407719 0.480000 0.407368 0.495652 0.409825 0.501739 0.409825 0.509565 0.407368 0.519130 0.405965 0.538261 0.405263 0.572174 0.405965 0.593043 0.405614 0.621739 0.407719 0.627826 0.407719 0.638261 0.406667 0.641739 0.406667 0.668696 0.408070 0.693043 0.407719 0.698261 0.410877 0.715652 0.409474 0.719130 0.410175 0.730435 0.411228 0.737391 0.412632 0.740870 0.412281 0.744348 0.414737 0.749565 0.420000 0.750435 0.422105 0.745217 0.422105 0.740000 0.424211 0.736522 0.423509 0.731304 0.425263 0.722609 0.424561 0.713913 0.424912 0.709565 0.426316 0.706087 0.425614 0.700870 0.428070 0.689565 0.429123 0.674783 0.429123 0.656522 0.428070 0.646087 0.430526 0.640000 0.430526 0.632174 0.431930 0.620000 0.432632 0.592174 0.433333 0.588696 0.432982 0.581739 0.434035 0.576522 0.434035 0.563478 0.433333 0.560000 0.434386 0.533043 0.433684 0.529565 0.432632 0.495652 0.430877 0.484348 0.428421 0.475652 0.424211 0.466087 0.419649 0.460000
1 0.569474 0.456522 0.563860 0.459130 0.559298 0.467826 0.557895 0.481739 0.558596 0.487826 0.557544 0.502609 0.559298 0.521739 0.560702 0.561739 0.563509 0.607826 0.564211 0.644348 0.567719 0.700870 0.569825 0.714783 0.569825 0.721739 0.571930 0.738261 0.575789 0.746087 0.580351 0.743478 0.583509 0.736522 0.582456 0.732174 0.584211 0.728696 0.585614 0.721739 0.583509 0.716522 0.584912 0.713913 0.584561 0.709565 0.586667 0.700870 0.587018 0.650435 0.585965 0.638261 0.586667 0.617391 0.585965 0.606957 0.586316 0.580870 0.585614 0.560870 0.587018 0.519130 0.586316 0.513913 0.587018 0.480870 0.585965 0.471304 0.583860 0.466087 0.576491 0.457391
0 0.439811 0.118087 0.434067 0.174383 0.429105 0.218391 0.425972 0.266930 0.423361 0.328409 0.424404 0.410591 0.434849 0.428070 0.453653 0.424183 0.458351 0.390530 0.458874 0.339409 0.455481 0.274696 0.451561 0.216452 0.451561 0.175035 0.447646 0.127148
0 0.464358 0.120670 0.459396 0.161443 0.459133 0.221626 0.460179 0.287635 0.460179 0.342000 0.458614 0.378235 0.457305 0.412539 0.468796 0.424835 0.494126 0.426122 0.497782 0.394417 0.496477 0.357530 0.494386 0.319991 0.492298 0.270165 0.490211 0.218391 0.481853 0.160148 0.475586 0.131670 0.472453 0.116791
0 0.546011 0.149470 0.548361 0.205774 0.549667 0.286661 0.549407 0.345557 0.550453 0.398617 0.540267 0.412861 0.508411 0.419974 0.499270 0.406391 0.497965 0.349435 0.505014 0.294435 0.510239 0.238130 0.536351 0.146878
1 0.614168 0.120991 0.614951 0.165000 0.614428 0.212243 0.613646 0.256252 0.615211 0.300252 0.616779 0.344261 0.616779 0.374026 0.616779 0.394087 0.613646 0.419330 0.606856 0.427096 0.597456 0.427739 0.587270 0.410913 0.578916 0.390852 0.580744 0.360443 0.585442 0.333904 0.588316 0.281487 0.589361 0.251070 0.594842 0.201887 0.597193 0.152061 0.604246 0.109348
1 0.420702 0.142609 0.411579 0.143478 0.407719 0.146087 0.403158 0.158261 0.401053 0.168696 0.401404 0.173913 0.400000 0.177391 0.399649 0.190435 0.395439 0.231304 0.395088 0.247826 0.394035 0.254783 0.394035 0.265217 0.395439 0.267826 0.392982 0.270435 0.394737 0.275652 0.392632 0.286087 0.390877 0.337391 0.390526 0.397391 0.396491 0.412174 0.402807 0.420870 0.409474 0.420870 0.413333 0.417391 0.422105 0.396522 0.423860 0.381739 0.425614 0.348696 0.425263 0.336522 0.424561 0.333913 0.425263 0.330435 0.425614 0.313043 0.425263 0.306087 0.424211 0.302609 0.425614 0.290435 0.423860 0.271304 0.424912 0.263478 0.423860 0.240870 0.426316 0.217391 0.427719 0.186957 0.427018 0.182609 0.427368 0.168696 0.426667 0.155652 0.423860 0.149565 0.423860 0.146087
2 0.361996 0.152383 0.357818 0.179565 0.354684 0.219687 0.361474 0.296696 0.362256 0.353643 0.361996 0.390530 0.364867 0.412539 0.370091 0.424183 0.378968 0.422243 0.389414 0.406061 0.403253 0.387296 0.410565 0.344583 0.398291 0.270165 0.387323 0.193157 0.371396 0.147209
4 0.782632 0.155739 0.779358 0.198913 0.771211 0.283557 0.769330 0.328600 0.770898 0.353452 0.784060 0.380635 0.799414 0.363548 0.804740 0.355783 0.811947 0.352678 0.815081 0.341800 0.817274 0.332487 0.813200 0.296765 0.808186 0.247061 0.800979 0.189591 0.796905 0.142226 0.793772 0.145330 0.792832 0.160087 0.792519 0.171730 0.791891 0.188817 0.791579 0.194252 0.788446 0.205122 0.787505 0.209009 0.785937 0.195809 0.787818 0.175617 0.788446 0.159304 0.790639 0.139896 0.789228 0.132522 0.786070 0.133565
2 0.679189 0.159826 0.681537 0.202539 0.681277 0.273722 0.676839 0.324200 0.675270 0.373383 0.676839 0.419330 0.671614 0.428391 0.661172 0.427739 0.656730 0.420626 0.651509 0.419330 0.642632 0.414800 0.643937 0.378557 0.647593 0.324200 0.651249 0.271783 0.659081 0.225835 0.667961 0.188296 0.669786 0.164357
0 0.563860 0.183478 0.556140 0.229565 0.558596 0.238261 0.555789 0.252174 0.551228 0.381739 0.557544 0.400000 0.569474 0.405217 0.576491 0.400870 0.579298 0.381739 0.577193 0.272174 0.578246 0.192174 0.575439 0.184348
0 0.532632 0.450435 0.524912 0.458261 0.523860 0.494783 0.532982 0.598261 0.532982 0.639130 0.534175 0.645304 0.537193 0.668696 0.537895 0.695652 0.545965 0.713913 0.552632 0.705217 0.551228 0.700870 0.553333 0.690435 0.553333 0.669565 0.553333 0.657391 0.552632 0.638261 0.551579 0.630435 0.554035 0.623478 0.550877 0.552174 0.554737 0.520000 0.555088 0.471304 0.549474 0.455652
0 0.489825 0.480870 0.488772 0.482609 0.489123 0.486087 0.488070 0.488696 0.488421 0.499130 0.489474 0.501739 0.490175 0.514783 0.491228 0.518261 0.491930 0.536522 0.494737 0.560000 0.498596 0.606087 0.497895 0.610435 0.497895 0.630435 0.498947 0.638261 0.498246 0.643478 0.501053 0.666957 0.503509 0.678261 0.503158 0.681739 0.504912 0.693043 0.504561 0.697391 0.505614 0.700870 0.505263 0.706087 0.509474 0.707826 0.511579 0.705217 0.511579 0.693043 0.514386 0.682609 0.513684 0.677391 0.515088 0.673043 0.513684 0.661739 0.515789 0.651304 0.514035 0.644348 0.514737 0.637391 0.513333 0.626957 0.514737 0.622609 0.513684 0.620000 0.512982 0.611304 0.513684 0.605217 0.512281 0.586087 0.512281 0.563478 0.511579 0.560870 0.512281 0.501739 0.513333 0.498261 0.512632 0.494783 0.512982 0.489565 0.511579 0.486087 0.512281 0.481739 0.509825 0.479130 0.501053 0.478261
0 0.464912 0.468696 0.462807 0.473043 0.462807 0.482609 0.464211 0.491304 0.464211 0.502609 0.468421 0.543478 0.469474 0.588696 0.471579 0.607826 0.471228 0.612174 0.472632 0.623478 0.472632 0.635652 0.473684 0.649565 0.474737 0.653913 0.474386 0.659130 0.477193 0.672174 0.480351 0.674783 0.483509 0.674783 0.484561 0.661739 0.485614 0.660000 0.484912 0.646087 0.485965 0.633913 0.485614 0.614783 0.486667 0.580870 0.485965 0.575652 0.485614 0.541739 0.487018 0.521739 0.486316 0.500000 0.484912 0.491304 0.482456 0.486087 0.477544 0.481739 0.472982 0.473043 0.468421 0.468696
0 0.438947 0.463478 0.435789 0.470435 0.434737 0.483478 0.435439 0.486087 0.435439 0.499130 0.436140 0.501739 0.436842 0.525217 0.438596 0.545217 0.438947 0.572174 0.440702 0.584348 0.442105 0.638261 0.444561 0.653043 0.443860 0.659130 0.445263 0.663478 0.445614 0.669565 0.447719 0.672174 0.449825 0.690435 0.450526 0.697391 0.451228 0.705217 0.454737 0.709565 0.455789 0.706957 0.457544 0.690435 0.458596 0.674783 0.458947 0.664348 0.459649 0.659130 0.458596 0.649565 0.460702 0.639130 0.460351 0.597391 0.461053 0.591304 0.460000 0.570435 0.460000 0.549565 0.461053 0.513043 0.460351 0.485217 0.458596 0.469565 0.454737 0.466957
3 0.275789 0.466087 0.241053 0.440870 0.235439 0.442609 0.227719 0.460000 0.223860 0.482609 0.221754 0.528696 0.213333 0.599130 0.222105 0.626087 0.217895 0.658261 0.219649 0.671304 0.224912 0.669565 0.256491 0.607826 0.265965 0.558261 0.278596 0.516522 0.280702 0.485217
3 0.334737 0.480870 0.323509 0.474783 0.310175 0.475652 0.299649 0.469565 0.290526 0.469565 0.285263 0.477391 0.283860 0.482609 0.282105 0.513913 0.282807 0.553043 0.281754 0.573913 0.267719 0.676522 0.269474 0.691304 0.275439 0.692174 0.291579 0.621739 0.295088 0.613043 0.295088 0.605217 0.302456 0.592174 0.305965 0.599130 0.307018 0.611304 0.303860 0.634783 0.303509 0.659130 0.301053 0.673913 0.298596 0.678261 0.298596 0.689565 0.293684 0.697391 0.294035 0.708696 0.291579 0.710435 0.290526 0.717391 0.298596 0.725217 0.307368 0.704348 0.311228 0.689565 0.311930 0.678261 0.319649 0.649565 0.326316 0.603478 0.328070 0.575652 0.330175 0.565217 0.329474 0.560000 0.336491 0.534783 0.336140 0.500870 0.337544 0.489565
2 0.357544 0.471304 0.350526 0.472174 0.343860 0.478261 0.341053 0.487826 0.340000 0.514783 0.341053 0.518261 0.340351 0.529565 0.341404 0.536522 0.340702 0.546087 0.340702 0.586087 0.339298 0.607826 0.341053 0.612174 0.340351 0.621739 0.338246 0.625217 0.337193 0.633913 0.335789 0.682609 0.334386 0.689565 0.334737 0.711304 0.333684 0.720000 0.334386 0.737391 0.337895 0.748696 0.340702 0.743478 0.342456 0.736522 0.343860 0.725217 0.348070 0.706087 0.348070 0.701739 0.351579 0.686087 0.352281 0.677391 0.357544 0.653913 0.360351 0.626087 0.366316 0.589565 0.368070 0.568696 0.371228 0.557391 0.375439 0.531304 0.375439 0.495652 0.374386 0.486087 0.370175 0.480000
2 0.392982 0.470435 0.387719 0.470435 0.383158 0.473043 0.379649 0.477391 0.377193 0.484348 0.377193 0.494783 0.378947 0.501739 0.378596 0.506957 0.379298 0.508696 0.378246 0.520000 0.378246 0.542609 0.378947 0.550435 0.378596 0.578261 0.380351 0.612174 0.381053 0.645217 0.380351 0.738261 0.381053 0.743478 0.384211 0.749565 0.386667 0.748696 0.389123 0.744348 0.391228 0.721739 0.390877 0.716522 0.393684 0.705217 0.394035 0.693043 0.396140 0.681739 0.395789 0.677391 0.396491 0.672174 0.395789 0.669565 0.396842 0.666087 0.396491 0.661739 0.398596 0.654783 0.399298 0.643478 0.400351 0.639130 0.400702 0.626957 0.401754 0.623478 0.402807 0.579130 0.402456 0.564348 0.404912 0.531304 0.404561 0.516522 0.405263 0.513043 0.404561 0.509565 0.405263 0.506957 0.404912 0.502609 0.406667 0.498261 0.404912 0.487826 0.401053 0.479130 0.396842 0.473043
2 0.607018 0.468696 0.602105 0.470435 0.595789 0.476522 0.591228 0.485217 0.588421 0.497391 0.588421 0.506957 0.593333 0.560000 0.594035 0.637391 0.595789 0.647826 0.594386 0.666957 0.596491 0.698261 0.598947 0.708696 0.599649 0.715652 0.599298 0.723478 0.603509 0.747826 0.606667 0.755652 0.609123 0.768696 0.611930 0.772174 0.614035 0.768696 0.612632 0.761739 0.615088 0.752174 0.615439 0.735652 0.614035 0.731304 0.614035 0.704348 0.612632 0.700000 0.613684 0.675652 0.612632 0.669565 0.612632 0.661739 0.614737 0.644348 0.613684 0.637391 0.616140 0.615652 0.615789 0.599130 0.617193 0.592174 0.617544 0.572174 0.616842 0.567826 0.617895 0.560000 0.617544 0.552174 0.618947 0.530435 0.618246 0.519130 0.619649 0.514783 0.620000 0.489565 0.618596 0.480870 0.615789 0.473043 0.611930 0.469565
2 0.634035 0.478261 0.624912 0.485217 0.623158 0.489565 0.622456 0.518261 0.621053 0.537391 0.625965 0.566957 0.625965 0.575652 0.628421 0.605217 0.629825 0.612174 0.630877 0.639130 0.632281 0.642609 0.634035 0.664348 0.638246 0.677391 0.640000 0.686957 0.641404 0.706087 0.643860 0.720870 0.645614 0.741739 0.650175 0.755652 0.653684 0.761739 0.655088 0.761739 0.657193 0.753043 0.657895 0.742609 0.655439 0.650435 0.654035 0.637391 0.654035 0.626087 0.654737 0.623478 0.654035 0.558261 0.654737 0.541739 0.656491 0.529565 0.656842 0.512174 0.656140 0.496522 0.651930 0.486087 0.646316 0.480870 0.641053 0.478261
3 0.661053 0.487826 0.657895 0.494783 0.658947 0.517391 0.657895 0.541739 0.663509 0.577391 0.665263 0.611304 0.666316 0.619130 0.666316 0.632174 0.669825 0.646087 0.672281 0.674783 0.675789 0.690435 0.677193 0.700870 0.683860 0.723478 0.692281 0.742609 0.696491 0.749565 0.698246 0.749565 0.699649 0.745217 0.699649 0.733913 0.698246 0.720870 0.688772 0.677391 0.687018 0.658261 0.686316 0.638261 0.684912 0.626957 0.685614 0.615652 0.688772 0.607826 0.690526 0.606957 0.692982 0.609565 0.695088 0.615652 0.696140 0.635652 0.700000 0.647826 0.700351 0.655652 0.704561 0.686087 0.706667 0.690435 0.708421 0.700870 0.710877 0.706087 0.712281 0.720870 0.713333 0.724348 0.716491 0.726957 0.720351 0.726087 0.721053 0.723478 0.720351 0.704348 0.718596 0.693043 0.718596 0.668696 0.715088 0.642609 0.715088 0.633913 0.711228 0.597391 0.710175 0.563478 0.711579 0.539130 0.711579 0.520000 0.709825 0.501739 0.710526 0.499130 0.709825 0.493913 0.705965 0.488696 0.696842 0.481739 0.688772 0.482609 0.681404 0.488696 0.675088 0.485217 0.665263 0.485217
3 0.721404 0.480870 0.715439 0.493913 0.713684 0.506087 0.713684 0.523478 0.716842 0.550435 0.725965 0.596522 0.726667 0.620000 0.731579 0.644348 0.742807 0.680000 0.755088 0.706087 0.764526 0.702435 0.760000 0.652174 0.771965 0.705565 0.776140 0.695652 0.776140 0.684348 0.774035 0.664348 0.773684 0.626957 0.770175 0.593043 0.769825 0.578261 0.771579 0.528696 0.770526 0.512174 0.767368 0.492174 0.762456 0.479130 0.753333 0.472174 0.747719 0.473913 0.741053 0.480870 0.730526 0.476522
4 0.808421 0.475652 0.805263 0.478261 0.796842 0.492174 0.787018 0.495652 0.782105 0.500000 0.778596 0.509565 0.774737 0.525217 0.773684 0.536522 0.771930 0.544348 0.770877 0.560870 0.772632 0.573043 0.775088 0.582609 0.780702 0.595652 0.784561 0.607826 0.795789 0.627826 0.799298 0.640000 0.807018 0.651304 0.811579 0.653043 0.816842 0.649565 0.815684 0.622435 0.828421 0.640000 0.829474 0.636522 0.829474 0.619130 0.830526 0.610435 0.830526 0.591304 0.829123 0.572174 0.830175 0.553913 0.830175 0.521739 0.828421 0.505217 0.825263 0.494783 0.819298 0.483478 0.815088 0.478261
4 0.217193 0.166087 0.215439 0.169565 0.215789 0.180000 0.212281 0.185217 0.211579 0.191304 0.207719 0.204348 0.196140 0.235652 0.192632 0.253913 0.191930 0.273043 0.192982 0.283478 0.196140 0.291304 0.204561 0.293913 0.207018 0.297391 0.212281 0.313043 0.217895 0.320000 0.222456 0.320870 0.225263 0.319130 0.229474 0.313043 0.233333 0.304348 0.236842 0.282609 0.237895 0.270435 0.237544 0.245217 0.238246 0.233043 0.237544 0.225217 0.238947 0.203478 0.237895 0.198261 0.237544 0.189565 0.238246 0.184348 0.233684 0.178261 0.223860 0.180000 0.219298 0.173913 0.221053 0.169565
4 0.169881 0.444635 0.161004 0.462104 0.151863 0.508704 0.148470 0.539113 0.144291 0.596070 0.148730 0.615478 0.156565 0.599948 0.167533 0.588948 0.171972 0.601887 0.171709 0.618713 0.173800 0.632957 0.167270 0.649783 0.175105 0.653017 0.192077 0.647835 0.202523 0.621948 0.209312 0.599304 0.216365 0.565652 0.217147 0.528765 0.209835 0.502226 0.191818 0.478287 0.178498 0.452400
3 0.241874 0.111609 0.240842 0.159478 0.239526 0.222278 0.239004 0.261104 0.234042 0.306400 0.226470 0.331643 0.220204 0.351052 0.220204 0.367878 0.223856 0.395713 0.232214 0.406713 0.244488 0.419652 0.250232 0.420304 0.263551 0.417713 0.270600 0.404122 0.274779 0.388591 0.274256 0.355583 0.276084 0.310287 0.276344 0.268217 0.274516 0.223565 0.272428 0.186678 0.268512 0.157557 0.267204 0.142678 0.262242 0.120670 0.257804 0.116791 0.256761 0.120670 0.256239 0.150443 0.258849 0.167913 0.260677 0.184096 0.257544 0.191209 0.254411 0.190565 0.253614 0.173130 0.252070 0.155652 0.250232 0.138791 0.248404 0.117435 0.244225 0.104496
3 0.301151 0.160791 0.311074 0.206739 0.316558 0.246217 0.324393 0.312226 0.327786 0.342643 0.330660 0.367878 0.330919 0.387939 0.327526 0.408009 0.323611 0.413183 0.312379 0.419652 0.304807 0.410591 0.300109 0.409948 0.289140 0.425478 0.284961 0.427417 0.275561 0.399591 0.275821 0.358826 0.276344 0.309635 0.278435 0.252043 0.278435 0.204157 0.277126 0.163383 0.289663 0.197678 0.295407 0.200922 0.299586 0.198974 0.297235 0.161443
3 0.728021 0.168887 0.726193 0.201887 0.724625 0.271130 0.723842 0.300252 0.724884 0.334557 0.727758 0.377913 0.728021 0.403148 0.723842 0.430983 0.720968 0.440035 0.715225 0.439391 0.703996 0.429687 0.680495 0.430330 0.676316 0.419330 0.675011 0.366261 0.685456 0.311261 0.689112 0.262070 0.691723 0.225183 0.698512 0.179235 0.706607 0.157235 0.718098 0.148174
3 0.742516 0.184357 0.737256 0.218957 0.735081 0.253565 0.733267 0.285017 0.732544 0.310191 0.732000 0.333557 0.728916 0.373557 0.726375 0.398270 0.726919 0.414896 0.731091 0.430183 0.739796 0.435574 0.752853 0.435574 0.763189 0.426139 0.766814 0.431530 0.774432 0.413548 0.776789 0.394678 0.778239 0.383443 0.778239 0.366817 0.774975 0.347043 0.767723 0.315583 0.763733 0.293557 0.759926 0.263896 0.759561 0.233339 0.756481 0.196939 0.753035 0.190643 0.751221 0.224348 0.751765 0.243226 0.749951 0.258061 0.747775 0.258061 0.745600 0.246374 0.745600 0.226148 0.745418 0.204130 0.745600 0.193791 0.743968 0.184800 0.741789 0.185252
