5 0.313862 0.407718 0.313862 0.442418 0.311983 0.465218 0.309348 0.484055 0.300324 0.488018 0.290924 0.478109 0.284531 0.476127 0.276634 0.477118 0.266483 0.467200 0.262345 0.449355 0.267234 0.437464 0.276259 0.440436 0.281900 0.446382 0.292803 0.451336 0.298069 0.453318 0.299572 0.442418 0.302959 0.423582 0.306341 0.415655
0 0.531845 0.544545 0.503641 0.537936 0.501448 0.566018 0.503955 0.594109 0.508341 0.648636 0.508969 0.695718 0.508341 0.722155 0.510534 0.762636 0.515234 0.765936 0.524638 0.744464 0.525890 0.695718 0.529338 0.632936 0.530897 0.595727
0 0.561614 0.561891 0.544066 0.543718 0.534976 0.551973 0.532469 0.575109 0.531845 0.605673 0.532783 0.649455 0.532783 0.699855 0.537172 0.751900 0.542810 0.784118 0.549703 0.794027 0.554717 0.773373 0.554717 0.729591 0.555031 0.682500 0.560345 0.635455 0.563493 0.584191
1 0.579786 0.556936 0.567566 0.564364 0.564121 0.580891 0.562552 0.610627 0.567252 0.654418 0.570386 0.715545 0.574459 0.757682 0.579472 0.794027 0.586055 0.830382 0.587934 0.839464 0.594514 0.808073 0.598276 0.760155 0.599528 0.713891 0.597648 0.673418 0.599528 0.635418 0.598900 0.601545 0.595769 0.580891 0.590441 0.567673 0.584172 0.558582
5 0.656848 0.550955 0.651362 0.543382 0.645879 0.543382 0.638828 0.543382 0.632824 0.553709 0.634652 0.563355 0.640397 0.581245 0.643269 0.600527 0.644052 0.639764 0.667552 0.805636 0.655541 0.644582 0.655279 0.624618 0.656848 0.609473 0.662331 0.606718 0.663897 0.617736 0.669379 0.608791 0.666769 0.597773 0.664421 0.575055 0.658934 0.550273
0 0.431559 0.228291 0.427797 0.283800 0.428928 0.353200 0.428548 0.405736 0.427045 0.494955 0.437952 0.512800 0.449607 0.506855 0.454872 0.490991 0.455248 0.445391 0.455248 0.387891 0.454872 0.306600 0.447352 0.247127 0.438703 0.199536
0 0.469914 0.216391 0.463145 0.277855 0.460134 0.341300 0.457503 0.443409 0.454872 0.502891 0.459007 0.517764 0.484955 0.514782 0.494355 0.508836 0.499993 0.490000 0.497362 0.447373 0.492097 0.387891 0.490969 0.321473 0.486083 0.255055 0.480441 0.221345
0 0.527069 0.262982 0.515793 0.327364 0.505634 0.413673 0.495483 0.467200 0.506010 0.519745 0.530076 0.524700 0.542486 0.520736 0.543238 0.466209 0.540607 0.383927 0.543238 0.296691 0.536845 0.242164
0 0.562414 0.269927 0.554141 0.304618 0.547752 0.371045 0.543614 0.426555 0.542486 0.503882 0.553390 0.528664 0.572945 0.532627 0.579714 0.500909 0.580466 0.439445 0.576703 0.366082 0.575576 0.291736 0.573321 0.257036
1 0.590241 0.249109 0.586103 0.303627 0.581593 0.380955 0.580090 0.451336 0.577831 0.490991 0.582345 0.518755 0.594752 0.533618 0.607162 0.527673 0.613931 0.515773 0.613931 0.437464 0.613555 0.358155 0.612052 0.290745 0.604531 0.247127 0.601145 0.226309
5 0.679566 0.422909 0.683483 0.436682 0.685586 0.457364 0.685048 0.496573 0.682959 0.507591 0.672252 0.515845 0.663114 0.518600 0.651362 0.504836 0.649272 0.499327 0.649014 0.469036 0.649014 0.458709 0.655541 0.463527 0.665986 0.467655 0.670686 0.468345 0.670686 0.451827 0.673821 0.442873 0.677476 0.433236
1 0.434872 0.557936 0.439007 0.575145 0.441183 0.587764 0.440531 0.603255 0.440748 0.630218 0.440097 0.674964 0.438572 0.742664 0.436179 0.797164 0.426603 0.825845 0.419207 0.831009 0.415941 0.805191 0.415941 0.763318 0.414200 0.713409 0.405062 0.667509 0.404407 0.620464 0.400710 0.594655 0.402231 0.565391 0.412459 0.554491 0.420728 0.548755 0.424210 0.547036
3 0.277762 0.239191 0.275131 0.281818 0.268362 0.350227 0.262345 0.406727 0.258962 0.447373 0.263100 0.469182 0.274379 0.487027 0.293931 0.492973 0.304086 0.490991 0.310479 0.486036 0.313486 0.440436 0.315741 0.373027 0.314990 0.290745 0.315741 0.241173 0.311231 0.212427 0.305214 0.222336 0.299197 0.249109 0.293555 0.262982 0.287917 0.236218 0.279269 0.214409
5 0.319128 0.410691 0.316117 0.413673 0.313862 0.430518 0.311607 0.452327 0.310479 0.476127 0.311983 0.489009 0.317245 0.494955 0.326272 0.494955 0.333038 0.490991 0.337176 0.487027 0.340183 0.482073 0.337928 0.470173 0.331910 0.457291 0.326648 0.427545 0.326648 0.410691
2 0.313486 0.407718 0.314238 0.447373 0.311607 0.472155 0.312359 0.491982 0.320631 0.503882 0.337176 0.504873 0.346576 0.494955 0.352969 0.461255 0.352969 0.425564 0.349583 0.365091 0.349207 0.292727 0.345072 0.243155 0.335672 0.200527 0.332662 0.189627 0.320631 0.191609 0.313486 0.237209
1 0.393955 0.223327 0.387938 0.286773 0.386810 0.363109 0.386059 0.434491 0.386059 0.479100 0.391324 0.513791 0.407869 0.517764 0.422534 0.506855 0.427045 0.470173 0.422159 0.410691 0.421783 0.337336 0.418772 0.265955 0.407493 0.209455 0.402228 0.195573
0 0.458517 0.543718 0.448179 0.543718 0.440655 0.555273 0.439310 0.574818 0.441910 0.603200 0.445359 0.639545 0.448803 0.675064 0.451938 0.715545 0.455386 0.756855 0.462279 0.782464 0.467293 0.785764 0.473872 0.760982 0.475441 0.733718 0.473245 0.699027 0.471993 0.637891 0.471993 0.601545 0.471052 0.562718 0.469172 0.551973 0.463845 0.547018 0.459772 0.545364
2 0.372855 0.530973 0.362845 0.521791 0.350441 0.518927 0.341955 0.524082 0.336514 0.542445 0.331510 0.560227 0.329552 0.593500 0.327810 0.626773 0.324766 0.664636 0.321066 0.710536 0.317148 0.762745 0.312579 0.812082 0.317148 0.823555 0.332597 0.793718 0.345221 0.735782 0.356317 0.646282 0.368286 0.594655 0.374379 0.571700 0.376555 0.540727
2 0.385041 0.527527 0.398752 0.547036 0.407455 0.575145 0.403321 0.603827 0.400272 0.630791 0.399838 0.668655 0.394400 0.727173 0.390700 0.776509 0.384390 0.812082 0.375031 0.825845 0.367852 0.782245 0.366545 0.724309 0.366328 0.665218 0.366979 0.614727 0.367197 0.580309 0.367852 0.543591 0.378731 0.533264
2 0.622090 0.542064 0.611748 0.537109 0.601407 0.549500 0.597962 0.564364 0.596083 0.580064 0.595455 0.605673 0.597962 0.649455 0.600783 0.688282 0.607362 0.738682 0.612376 0.775855 0.619269 0.812200 0.625852 0.831200 0.633997 0.808073 0.637759 0.763464 0.635876 0.708936 0.635252 0.657718 0.633683 0.629627 0.628045 0.585018 0.627103 0.557764
2 0.658752 0.549500 0.638383 0.531327 0.625852 0.552800 0.623655 0.575936 0.633372 0.622200 0.636503 0.669282 0.642772 0.708936 0.650607 0.762636 0.659379 0.800636 0.671286 0.815509 0.674421 0.800636 0.670034 0.749418 0.669093 0.691591 0.669407 0.612282 0.664079 0.577582
2 0.661286 0.237036 0.651624 0.270082 0.647186 0.323091 0.645359 0.380227 0.647707 0.444936 0.647707 0.481427 0.649014 0.505518 0.671993 0.523418 0.685310 0.512409 0.685572 0.497264 0.686355 0.453200 0.678259 0.405009 0.677997 0.355445 0.673559 0.284536 0.667814 0.252182
2 0.624459 0.256045 0.615434 0.316518 0.612428 0.378973 0.611300 0.438455 0.613931 0.515818 0.633859 0.528664 0.647397 0.527673 0.649276 0.495945 0.645517 0.401773 0.641003 0.332382 0.636493 0.265955 0.635366 0.244145
2 0.358610 0.179709 0.347703 0.240182 0.349207 0.334364 0.355224 0.425564 0.348455 0.496945 0.356728 0.522718 0.379666 0.510818 0.391700 0.503882 0.389445 0.448364 0.387938 0.380955 0.383052 0.301645 0.375155 0.205491 0.367259 0.182682
4 0.182628 0.483064 0.171724 0.472155 0.159693 0.480091 0.143900 0.498927 0.137883 0.507845 0.129986 0.536591 0.124345 0.574264 0.123217 0.604009 0.129234 0.616891 0.143521 0.609955 0.139762 0.636718 0.140138 0.656545 0.158562 0.660509 0.175107 0.650600 0.194286 0.624827 0.202934 0.578227 0.199928 0.534609 0.192031 0.521727
3 0.740728 0.210345 0.726062 0.236118 0.721172 0.275773 0.721172 0.314436 0.724183 0.348145 0.729445 0.371936 0.730948 0.397709 0.739600 0.464127 0.742231 0.473055 0.759152 0.471064 0.777952 0.451236 0.784721 0.432409 0.784721 0.408609 0.783593 0.364991 0.773441 0.340209 0.764417 0.326327 0.758024 0.294609 0.753886 0.274782 0.750503 0.238100 0.747872 0.212327 0.745990 0.212327 0.742607 0.229182 0.742231 0.248018 0.742231 0.268836 0.740352 0.271809 0.738093 0.269827 0.736590 0.257927 0.736214 0.243055 0.739221 0.225218
5 0.690272 0.528927 0.694972 0.542009 0.693928 0.558527 0.691317 0.566791 0.685048 0.569545 0.680610 0.585382 0.680348 0.601900 0.675386 0.604655 0.669379 0.595018 0.667031 0.597082 0.663376 0.581245 0.661548 0.561282 0.659979 0.542700 0.662862 0.537909 0.669103 0.539273 0.676431 0.533064 0.687659 0.533745
5 0.731269 0.513091 0.740931 0.495200 0.750852 0.488309 0.758686 0.484182 0.770700 0.480736 0.772790 0.483491 0.770793 0.503909 0.764793 0.517727 0.758414 0.533091 0.755034 0.537909 0.751376 0.541318 0.741714 0.531682 0.734662 0.521355
5 0.685572 0.419473 0.683483 0.421536 0.683741 0.435300 0.686614 0.449073 0.685831 0.471100 0.686355 0.489000 0.688703 0.497945 0.696538 0.500700 0.705155 0.504145 0.715862 0.497945 0.725524 0.483491 0.734403 0.476609 0.728917 0.457336 0.728134 0.431173 0.721607 0.411209 0.714555 0.428418 0.714034 0.437364 0.714828 0.400182 0.707766 0.369900 0.697583 0.365082 0.695755 0.399500 0.693403 0.418782
5 0.225834 0.472355 0.217824 0.474345 0.210572 0.473155 0.216162 0.494664 0.222962 0.507418 0.229159 0.514191 0.239738 0.521764 0.254093 0.517773 0.260741 0.508609 0.256362 0.496264 0.247897 0.486700 0.240041 0.481918 0.230066 0.476345
3 0.219103 0.457291 0.244672 0.476127 0.261217 0.484055 0.266483 0.497936 0.266483 0.540564 0.259338 0.578227 0.252193 0.620855 0.246552 0.665473 0.235272 0.695209 0.223993 0.714045 0.214214 0.714045 0.207448 0.701155 0.215345 0.673400 0.224369 0.648618 0.223993 0.628791 0.214966 0.648618 0.204438 0.681327 0.194286 0.708100 0.188645 0.695209 0.190524 0.656545 0.200679 0.611936 0.202183 0.558400 0.201431 0.511809 0.208200 0.470173
3 0.717428 0.524109 0.711683 0.503455 0.696538 0.514473 0.679566 0.527555 0.661286 0.535809 0.658934 0.543382 0.661807 0.573673 0.669121 0.612918 0.678259 0.641827 0.685624 0.706609 0.695414 0.752191 0.702934 0.786882 0.710455 0.788882 0.711579 0.774973 0.708576 0.734355 0.703693 0.699664 0.711214 0.688782 0.715703 0.702618 0.722493 0.734355 0.727379 0.758173 0.733383 0.774973 0.738266 0.762100 0.739024 0.739309 0.737900 0.706609 0.733017 0.674873 0.727745 0.628273 0.722859 0.586618 0.722103 0.556882 0.721738 0.534091
3 0.727376 0.508345 0.721362 0.525191 0.723241 0.557909 0.731514 0.592609 0.740914 0.630273 0.748434 0.662000 0.759717 0.698682 0.767990 0.718509 0.781524 0.726436 0.791679 0.722473 0.785662 0.698682 0.775510 0.675882 0.768741 0.649109 0.768741 0.628291 0.773252 0.628291 0.780397 0.644155 0.792807 0.683809 0.799200 0.702645 0.805590 0.726436 0.809728 0.711564 0.808600 0.669927 0.802959 0.639200 0.796566 0.622345 0.788293 0.610445 0.784910 0.579718 0.783407 0.541055 0.783407 0.508345 0.776638 0.483555 0.773628 0.472655 0.757834 0.481573 0.745803 0.490500 0.734897 0.499418
4 0.813110 0.488518 0.792431 0.501400 0.785662 0.526182 0.784534 0.560882 0.786038 0.583682 0.790548 0.608464 0.796941 0.624327 0.810479 0.641182 0.825897 0.656055 0.832666 0.651091 0.840562 0.640191 0.840186 0.626309 0.834545 0.618382 0.834545 0.618382 0.839434 0.615409 0.842441 0.615409 0.846955 0.611445 0.846203 0.592609 0.840938 0.570800 0.839434 0.547000 0.837552 0.523209 0.824769 0.487527 0.815369 0.483555
3 0.334993 0.532691 0.337821 0.551045 0.327810 0.611864 0.319759 0.675545 0.314538 0.719145 0.303221 0.757582 0.292993 0.775364 0.288641 0.773645 0.286031 0.769055 0.284941 0.751273 0.287334 0.726600 0.292124 0.697345 0.293645 0.676118 0.293210 0.662345 0.292341 0.657755 0.286466 0.668082 0.281679 0.679555 0.276455 0.701927 0.271886 0.724882 0.267969 0.743236 0.261007 0.769055 0.259048 0.769055 0.256872 0.766182 0.254041 0.753564 0.252083 0.739791 0.252517 0.719145 0.257090 0.689882 0.260134 0.652591 0.267317 0.608991 0.268186 0.567691 0.266445 0.542445 0.268186 0.510891 0.273845 0.499418 0.284290 0.503436 0.295169 0.505727 0.303438 0.515482 0.310403 0.521218 0.318455 0.522364 0.325852 0.522936
5 0.320193 0.521218 0.308445 0.523509 0.296910 0.511464 0.278848 0.514909 0.280372 0.548182 0.290600 0.560800 0.297562 0.572273 0.308007 0.577436 0.328028 0.574573 0.337821 0.559655 0.336731 0.533264 0.324983 0.526955
3 0.233393 0.147000 0.234145 0.206482 0.228879 0.268936 0.217976 0.335355 0.208952 0.344273 0.206317 0.376000 0.207069 0.421600 0.216472 0.446382 0.233017 0.457291 0.245424 0.461255 0.254072 0.450345 0.262345 0.401773 0.267986 0.350227 0.275507 0.284791 0.273628 0.238200 0.264603 0.194582 0.263852 0.195573 0.257834 0.219364 0.255955 0.261991 0.254072 0.279836 0.246176 0.262982 0.248434 0.211436 0.242793 0.187645 0.239410 0.161864
4 0.195790 0.109327 0.191276 0.172773 0.175862 0.275873 0.182252 0.298673 0.196166 0.320482 0.213462 0.324445 0.228128 0.303627 0.234145 0.268936 0.234897 0.219364 0.231138 0.138073 0.224369 0.100409 0.215721 0.101400 0.209328 0.142045 0.208200 0.150964 0.204062 0.114282
3 0.676803 0.272500 0.686203 0.229873 0.692221 0.243755 0.701621 0.258627 0.716662 0.240782 0.721172 0.237809 0.721548 0.260609 0.720421 0.319091 0.726062 0.358745 0.732079 0.400382 0.735838 0.434091 0.737717 0.466809 0.734710 0.488618 0.727566 0.494564 0.717414 0.494564 0.708390 0.499518 0.700493 0.504473 0.691466 0.501500 0.688083 0.498527 0.685828 0.490600 0.685076 0.458873 0.684324 0.430127 0.682066 0.400382 0.677931 0.343882 0.677555 0.302245
4 0.783217 0.134009 0.763290 0.151855 0.757648 0.167718 0.755014 0.205391 0.754638 0.232155 0.754262 0.273791 0.757648 0.288664 0.769679 0.314436 0.782841 0.319391 0.799762 0.302536 0.805779 0.278745 0.807283 0.250000 0.792617 0.207373 0.789234 0.170691
0 0.503014 0.547018 0.496121 0.538755 0.488286 0.537109 0.482648 0.537936 0.475752 0.542064 0.471679 0.556109 0.471052 0.579236 0.472307 0.610627 0.475128 0.637891 0.477634 0.673418 0.482962 0.720500 0.488600 0.757682 0.492676 0.777509 0.496434 0.771727 0.503014 0.744464 0.503014 0.694073 0.502076 0.622200 0.501762 0.589982
