1 0.582212 0.077821 0.571768 0.106991 0.568111 0.145436 0.567330 0.181889 0.568896 0.249504 0.569680 0.319769 0.571508 0.359538 0.573596 0.379427 0.578559 0.394009 0.588481 0.399308 0.600232 0.374786 0.602582 0.352248 0.602582 0.321752 0.600232 0.277342 0.594226 0.226299 0.592919 0.143444 0.586391 0.097709
0 0.552444 0.097709 0.542522 0.133504 0.538606 0.195145 0.541215 0.293915 0.539909 0.347607 0.540172 0.382077 0.544350 0.394009 0.558710 0.394009 0.565502 0.385393 0.570461 0.358214 0.568896 0.319769 0.568111 0.264085 0.567852 0.213043 0.568636 0.157368 0.562367 0.118256
0 0.525808 0.089094 0.518761 0.119581 0.514061 0.152726 0.507532 0.205094 0.504919 0.241547 0.503354 0.302530 0.501525 0.352248 0.499434 0.378761 0.500481 0.406607 0.510404 0.414556 0.538350 0.405897 0.538865 0.354897 0.540172 0.315786 0.539909 0.242872 0.539909 0.178581 0.537822 0.117590
0 0.470189 0.091744 0.462879 0.144111 0.462094 0.234256 0.463138 0.304521 0.459222 0.358880 0.459222 0.378103 0.460266 0.401966 0.471495 0.417205 0.486640 0.416547 0.498131 0.412573 0.499175 0.384726 0.498653 0.343632 0.492384 0.299880 0.491340 0.243538 0.487684 0.174598 0.480896 0.122231
0 0.433630 0.126214 0.431020 0.187855 0.428407 0.238897 0.429966 0.292564 0.429976 0.351581 0.429976 0.375444 0.437286 0.398650 0.446949 0.397325 0.456609 0.393342 0.459222 0.370145 0.460266 0.325068 0.459481 0.270051 0.456350 0.215701 0.451909 0.172615 0.440158 0.128863
0 0.494684 0.441137 0.512700 0.439812 0.519764 0.443761 0.519751 0.488863 0.524192 0.578350 0.524451 0.619453 0.526801 0.669829 0.527064 0.694350 0.525495 0.709598 0.521579 0.708940 0.511919 0.687060 0.506694 0.631385 0.501734 0.546530 0.497293 0.484889
0 0.493562 0.441538 0.471886 0.448162 0.468492 0.473350 0.471364 0.538316 0.471626 0.597308 0.483114 0.672880 0.487293 0.703368 0.500872 0.725906 0.503485 0.709333 0.503485 0.654983 0.499828 0.571462 0.496434 0.495889
1 0.412795 0.142735 0.407407 0.144444 0.407071 0.148718 0.406061 0.151282 0.405051 0.154701 0.400673 0.152991 0.398653 0.168376 0.400000 0.174359 0.398990 0.182051 0.398653 0.206838 0.396970 0.232479 0.398990 0.236752 0.397980 0.247863 0.396633 0.253846 0.396970 0.264103 0.399327 0.267521 0.397980 0.273504 0.397306 0.284615 0.397980 0.298291 0.397643 0.321368 0.399663 0.347863 0.398990 0.352991 0.399663 0.364957 0.398653 0.368376 0.397643 0.382906 0.400000 0.396581 0.402020 0.398291 0.404040 0.403419 0.407407 0.405983 0.413468 0.405128 0.421212 0.395726 0.426599 0.376923 0.425253 0.371795 0.427609 0.361538 0.428620 0.341880 0.428283 0.328205 0.426936 0.318803 0.427273 0.306838 0.425926 0.303419 0.425589 0.291453 0.424242 0.282906 0.424579 0.278632 0.422896 0.270085 0.424242 0.263248 0.422896 0.259829 0.421549 0.245299 0.421549 0.235043 0.422222 0.232479 0.421549 0.229060 0.421549 0.219658 0.422559 0.216239 0.421549 0.212821 0.421886 0.207692 0.420539 0.191453 0.421212 0.187179 0.420875 0.176923 0.418519 0.168376 0.418182 0.163248 0.418182 0.155556 0.418182 0.152991 0.416498 0.148718 0.417172 0.146154 0.414141 0.144444
1 0.556566 0.433333 0.552189 0.437607 0.547811 0.447009 0.546465 0.458974 0.546801 0.478632 0.547811 0.494017 0.549832 0.501709 0.554545 0.552137 0.554882 0.574359 0.556566 0.583761 0.556566 0.596581 0.557912 0.608547 0.559259 0.611966 0.558923 0.632479 0.559259 0.639316 0.560943 0.643590 0.560606 0.658974 0.560943 0.667521 0.562626 0.676923 0.562290 0.690598 0.562963 0.693162 0.562963 0.705983 0.564310 0.710256 0.564310 0.713675 0.565993 0.717094 0.566330 0.721368 0.571044 0.722222 0.577441 0.717094 0.582492 0.705983 0.582155 0.700855 0.584175 0.691453 0.582828 0.682051 0.585185 0.670940 0.586195 0.655556 0.585859 0.611966 0.584175 0.604274 0.583838 0.590598 0.581818 0.584615 0.582828 0.578632 0.581481 0.567521 0.581818 0.555556 0.581145 0.547863 0.579125 0.537607 0.576768 0.517949 0.578451 0.514530 0.577441 0.503419 0.577778 0.496581 0.577104 0.494872 0.577104 0.488889 0.576094 0.486325 0.577104 0.482051 0.575758 0.477778 0.574411 0.460684 0.572391 0.451282 0.568687 0.441880 0.560943 0.434188
2 0.610101 0.410256 0.605724 0.415385 0.603030 0.423077 0.605387 0.458120 0.608418 0.470085 0.610774 0.492308 0.613131 0.502564 0.614141 0.512821 0.615825 0.518803 0.618182 0.545299 0.624242 0.578632 0.624916 0.588034 0.627609 0.600000 0.627609 0.604274 0.630640 0.623077 0.630640 0.628205 0.632997 0.639316 0.638721 0.654701 0.638384 0.658974 0.642761 0.669231 0.646128 0.667521 0.648822 0.657265 0.645791 0.655556 0.641751 0.649573 0.643771 0.642735 0.646801 0.639316 0.647475 0.626496 0.645455 0.619658 0.645455 0.614530 0.647811 0.608547 0.647811 0.599145 0.642761 0.552137 0.642761 0.540171 0.638721 0.502564 0.637710 0.458120 0.634343 0.449573 0.632660 0.421368 0.628956 0.414530 0.622559 0.407692 0.617172 0.406838
2 0.373064 0.147009 0.369697 0.152991 0.368350 0.168376 0.369697 0.174359 0.369697 0.194872 0.370707 0.211111 0.370370 0.234188 0.371044 0.236752 0.370707 0.254701 0.369360 0.262393 0.370370 0.268376 0.368350 0.282051 0.369024 0.308547 0.368350 0.323077 0.369360 0.333333 0.369360 0.346154 0.368350 0.357265 0.368350 0.393162 0.369024 0.397436 0.371044 0.398291 0.373401 0.402564 0.380471 0.404274 0.385185 0.398291 0.386869 0.394017 0.389226 0.392308 0.391919 0.383761 0.396296 0.377778 0.396970 0.352991 0.395960 0.349573 0.396970 0.347009 0.396970 0.336752 0.396296 0.334188 0.396970 0.325641 0.395960 0.318803 0.395960 0.291453 0.394613 0.273504 0.395286 0.264957 0.394276 0.254701 0.394613 0.231624 0.393939 0.220513 0.394613 0.213675 0.393939 0.200855 0.391582 0.188889 0.392256 0.184615 0.391246 0.182051 0.391246 0.177778 0.384848 0.158120 0.385522 0.153846 0.378114 0.147009
5 0.337710 0.336752 0.336700 0.340171 0.336364 0.385470 0.337710 0.388889 0.352862 0.397436 0.357576 0.394872 0.359596 0.388889 0.359259 0.369231 0.358249 0.366667 0.349832 0.360684 0.347475 0.352991 0.346465 0.342735 0.344444 0.337607 0.342424 0.335043
3 0.698764 0.378453 0.692017 0.386735 0.687013 0.401103 0.685492 0.417120 0.688754 0.457436 0.692017 0.482299 0.697892 0.506051 0.705508 0.533120 0.712475 0.565162 0.721394 0.600513 0.729448 0.618188 0.741852 0.639735 0.754471 0.640838 0.755125 0.626479 0.745768 0.596094 0.738370 0.560188 0.729010 0.518761 0.736626 0.536991 0.742939 0.553009 0.745768 0.570128 0.750990 0.594436 0.756431 0.608248 0.761434 0.619846 0.764916 0.614872 0.765569 0.587812 0.761434 0.560744 0.754471 0.533120 0.748815 0.502744 0.747508 0.462419 0.742721 0.428171 0.740327 0.391709 0.736192 0.376239 0.725529 0.365752 0.715737 0.373479
3 0.688320 0.409385 0.690061 0.428718 0.688754 0.472915 0.690061 0.495009 0.690061 0.513786 0.692236 0.544171 0.696370 0.573444 0.698764 0.591675 0.701158 0.608795 0.703552 0.627581 0.704859 0.648017 0.704421 0.656308 0.698764 0.651889 0.692455 0.630342 0.687882 0.620949 0.680919 0.595538 0.677438 0.568479 0.674828 0.537538 0.672434 0.527598 0.671347 0.544718 0.672869 0.563504 0.675263 0.585598 0.679832 0.622607 0.682226 0.648017 0.682444 0.670667 0.678525 0.677299 0.667428 0.649675 0.661990 0.616530 0.656764 0.585598 0.654374 0.538650 0.642838 0.477333 0.639357 0.462419 0.635222 0.443632 0.634354 0.427060 0.635657 0.415462 0.646104 0.408838 0.653936 0.407179 0.662640 0.404966 0.677438 0.401103 0.685492 0.401103
5 0.707970 0.260299 0.709926 0.266376 0.711017 0.284598 0.710145 0.297863 0.709492 0.311120 0.709057 0.327692 0.707970 0.345368 0.703835 0.349786 0.699047 0.354205 0.691431 0.354205 0.687296 0.355863 0.675111 0.360282 0.667276 0.358068 0.663141 0.354205 0.658572 0.345368 0.660313 0.327692 0.659226 0.307803 0.667710 0.307803 0.674892 0.309462 0.683162 0.310564 0.687949 0.306701 0.694259 0.281838 0.701660 0.279077 0.702310 0.263615
5 0.711886 0.269137 0.711232 0.285154 0.710364 0.298966 0.710145 0.311667 0.709926 0.321060 0.714061 0.321615 0.717980 0.314983 0.722768 0.300068 0.727118 0.291231 0.722330 0.273000 0.718414 0.265265 0.714714 0.265265
2 0.644886 0.072521 0.640966 0.096385 0.637313 0.140128 0.634441 0.181231 0.632872 0.231607 0.630522 0.276017 0.628172 0.313803 0.629741 0.350923 0.634441 0.366829 0.643842 0.371470 0.654808 0.370812 0.657939 0.358880 0.658724 0.347607 0.657418 0.313803 0.655852 0.279991 0.652980 0.228291 0.653239 0.177248 0.650889 0.125547 0.650630 0.088427
3 0.744374 0.109641 0.738370 0.107650 0.731320 0.136821 0.725835 0.162667 0.722441 0.189179 0.719306 0.213709 0.716434 0.232932 0.715128 0.244863 0.713040 0.262094 0.711993 0.267402 0.711471 0.273368 0.710949 0.281983 0.710428 0.287949 0.709643 0.295906 0.709384 0.308496 0.710168 0.321752 0.711212 0.337000 0.715128 0.347607 0.726094 0.349598 0.733670 0.348274 0.741242 0.341641 0.746465 0.345615 0.749859 0.346282 0.754815 0.329744 0.756387 0.295239 0.755343 0.271376 0.752731 0.226966 0.751165 0.181231 0.751165 0.140128
3 0.688754 0.108316 0.678569 0.136821 0.674391 0.167974 0.671781 0.202436 0.669953 0.232932 0.666818 0.268060 0.663946 0.287949 0.660030 0.305846 0.658987 0.313137 0.658987 0.327060 0.658987 0.340316 0.658987 0.358880 0.663946 0.370145 0.681704 0.368154 0.685098 0.360205 0.689276 0.366829 0.695542 0.370145 0.702593 0.352915 0.708599 0.337667 0.708599 0.311154 0.710842 0.264701 0.711044 0.236239 0.709643 0.194487 0.707818 0.153385 0.701811 0.117590 0.694498 0.096385 0.693976 0.148752 0.690067 0.142137 0.689017 0.113615
5 0.657158 0.302530 0.657680 0.327718 0.657939 0.346949 0.655067 0.355564 0.648017 0.357547 0.641229 0.360205 0.634441 0.352248 0.634178 0.335017 0.637313 0.327718 0.643316 0.327060 0.644364 0.315786 0.650889 0.302530
3 0.292734 0.165667 0.287838 0.183615 0.288199 0.235171 0.284391 0.295932 0.285842 0.346573 0.286387 0.372812 0.287475 0.391222 0.289650 0.396744 0.306333 0.396744 0.317034 0.397667 0.330091 0.394444 0.334987 0.393983 0.336256 0.380171 0.336980 0.355778 0.336980 0.333222 0.336980 0.311590 0.336438 0.294556 0.333717 0.277983 0.330091 0.256803 0.326643 0.236094 0.323744 0.217222 0.320296 0.196504 0.311229 0.166581 0.307603 0.155538 0.304882 0.168889 0.303434 0.178556 0.299805 0.179009 0.295636 0.175786
3 0.263902 0.186376 0.271879 0.231487 0.278956 0.271111 0.284209 0.319402 0.286751 0.382940 0.282761 0.391222 0.274963 0.394444 0.267710 0.397205 0.259185 0.398590 0.253384 0.399504 0.249576 0.396744 0.242502 0.378333 0.238152 0.357154 0.240872 0.323556 0.243411 0.300538 0.243771 0.274299 0.241414 0.241615 0.240690 0.215376 0.241596 0.190521 0.246492 0.185915 0.251205 0.201111 0.253384 0.218137 0.255377 0.239316 0.257916 0.229188 0.257552 0.212154 0.257192 0.194205 0.259367 0.182692
5 0.306411 0.430863 0.302754 0.442795 0.301185 0.454060 0.301185 0.470632 0.303013 0.481906 0.308236 0.485880 0.315549 0.479256 0.319465 0.475274 0.322862 0.465991 0.327559 0.466658 0.333566 0.477923 0.334609 0.477923 0.339572 0.477923 0.343488 0.477923 0.348710 0.479915 0.350801 0.462017 0.351061 0.435504 0.346101 0.432188 0.335135 0.428872 0.326256 0.434838 0.320505 0.428889 0.312424 0.427521
5 0.269330 0.419598 0.264367 0.424897 0.262801 0.435504 0.263061 0.448761 0.265933 0.456718 0.279512 0.462684 0.289697 0.471957 0.296485 0.476598 0.298054 0.474615 0.299360 0.469974 0.302492 0.453402 0.299360 0.434838 0.299360 0.434838 0.291003 0.434179 0.281862 0.431530
3 0.301185 0.433513 0.302492 0.460692 0.298313 0.513718 0.292832 0.546863 0.282646 0.602547 0.276902 0.629726 0.264889 0.664197 0.253401 0.681427 0.249744 0.680761 0.245828 0.667504 0.250529 0.646299 0.259929 0.615137 0.266458 0.582658 0.267239 0.563436 0.267239 0.558795 0.257057 0.591274 0.251572 0.616470 0.245306 0.643641 0.235643 0.662863 0.233556 0.663530 0.233556 0.642316 0.235643 0.615137 0.242155 0.566752 0.247657 0.504444 0.252094 0.463342 0.255751 0.431530 0.260710 0.413632 0.265933 0.408325 0.272724 0.422248 0.276902 0.426222 0.288653 0.423573 0.295441 0.424897
2 0.333717 0.145872 0.338431 0.186376 0.340246 0.229650 0.339882 0.260026 0.338067 0.289034 0.337889 0.321256 0.336980 0.358077 0.336256 0.387538 0.337525 0.395829 0.342421 0.402726 0.353121 0.412393 0.361279 0.404573 0.364906 0.385239 0.365451 0.359000 0.364906 0.309744 0.364007 0.242051 0.357653 0.191444 0.350761 0.166581 0.339519 0.138966
2 0.381354 0.440145 0.382660 0.442795 0.388141 0.458701 0.384226 0.485880 0.381354 0.514385 0.379003 0.544214 0.374825 0.580009 0.370387 0.625744 0.364902 0.667504 0.359418 0.685402 0.354195 0.697333 0.353152 0.696009 0.347407 0.627068 0.352630 0.560120 0.351061 0.507752 0.351323 0.473949 0.354717 0.438154 0.370646 0.436829
2 0.384226 0.441137 0.396239 0.413957 0.404855 0.439154 0.411906 0.456385 0.413993 0.480906 0.412165 0.523333 0.408771 0.552496 0.408512 0.596248 0.407990 0.636684 0.403027 0.678444 0.398064 0.698333 0.393889 0.704957 0.390754 0.696342 0.387098 0.640000 0.386054 0.582325 0.384226 0.518692 0.383182 0.493504
0 0.525589 0.449573 0.523906 0.451282 0.521886 0.458120 0.521212 0.475214 0.521886 0.478632 0.521549 0.482051 0.523569 0.487179 0.522896 0.504274 0.524916 0.529915 0.524579 0.533333 0.525589 0.537607 0.525253 0.541880 0.526599 0.549573 0.526263 0.565812 0.527609 0.583761 0.527609 0.598291 0.529293 0.615385 0.528956 0.621368 0.530640 0.630769 0.530303 0.635897 0.532323 0.646154 0.532323 0.665812 0.535017 0.684615 0.540741 0.709402 0.544444 0.716239 0.546128 0.716239 0.548822 0.712821 0.552525 0.715385 0.553872 0.713675 0.553535 0.708547 0.557239 0.702564 0.557576 0.700000 0.555556 0.688889 0.554882 0.669231 0.553872 0.665812 0.553199 0.653846 0.552189 0.650427 0.552189 0.642735 0.553199 0.640171 0.553199 0.636752 0.552525 0.635043 0.552525 0.627350 0.551178 0.616239 0.551515 0.605983 0.550842 0.593162 0.549158 0.583761 0.550168 0.579487 0.549832 0.562393 0.548822 0.552991 0.549158 0.547863 0.546465 0.526496 0.546801 0.511966 0.545791 0.502564 0.546128 0.497436 0.545118 0.494017 0.545455 0.488889 0.544781 0.487179 0.545455 0.482051 0.544444 0.478632 0.544781 0.474359 0.544108 0.471795 0.544781 0.464957 0.543098 0.456410 0.540741 0.452137
2 0.617468 0.118915 0.607805 0.146761 0.602582 0.187197 0.599189 0.219675 0.597620 0.261436 0.596838 0.297889 0.597360 0.326393 0.599710 0.348932 0.608327 0.364846 0.615114 0.374786 0.619556 0.377436 0.627128 0.373462 0.630263 0.362188 0.632091 0.338991 0.630263 0.296564 0.625040 0.253479 0.622949 0.181889 0.621906 0.133504 0.620340 0.114940
1 0.425744 0.436496 0.418172 0.439812 0.413471 0.457043 0.412428 0.484222 0.411384 0.515376 0.410340 0.547863 0.411384 0.578350 0.416865 0.624085 0.418694 0.650607 0.422350 0.677778 0.428357 0.705624 0.434101 0.729487 0.440367 0.745393 0.448202 0.724846 0.448465 0.694350 0.445067 0.638675 0.445593 0.573709 0.446636 0.525983 0.444286 0.474940 0.440367 0.442462 0.434101 0.431855
5 0.301347 0.231624 0.298990 0.253846 0.299663 0.271795 0.301684 0.276068 0.301347 0.290598 0.286869 0.306838 0.285522 0.336752 0.288889 0.370940 0.293603 0.382906 0.302357 0.389744 0.324916 0.392308 0.334680 0.387179 0.336364 0.375214 0.336027 0.352991 0.337374 0.335043 0.335690 0.307692 0.326599 0.290598 0.318519 0.289744 0.310774 0.282051 0.308418 0.270940 0.307071 0.239316 0.305724 0.232479
5 0.284175 0.344444 0.282492 0.337607 0.278788 0.336752 0.273737 0.345299 0.272391 0.349573 0.269360 0.351282 0.260269 0.342735 0.255219 0.341880 0.253535 0.345299 0.251852 0.352991 0.250505 0.367521 0.250842 0.372650 0.249832 0.376923 0.252525 0.382051 0.257239 0.385470 0.275421 0.385470 0.280135 0.382906 0.284512 0.373504 0.285185 0.369231
0 0.445330 0.451077 0.467266 0.445778 0.468047 0.484889 0.470397 0.521342 0.471704 0.565094 0.473269 0.608846 0.474838 0.636684 0.474838 0.673145 0.474838 0.698991 0.471966 0.723521 0.467788 0.726171 0.457340 0.696342 0.455253 0.646624 0.450552 0.585641 0.447943 0.535932 0.446636 0.499470 0.445067 0.465667
5 0.355764 0.436829 0.353152 0.456051 0.352367 0.471957 0.358636 0.478590 0.365946 0.471299 0.374562 0.464667 0.377438 0.455393 0.377175 0.446111 0.372997 0.440145 0.366468 0.437496
3 0.352108 0.434838 0.352108 0.456718 0.349758 0.488530 0.348189 0.519684 0.344795 0.568744 0.342444 0.604538 0.334872 0.658231 0.330694 0.692034 0.325993 0.715897 0.317636 0.717889 0.313468 0.670171 0.320771 0.623094 0.323643 0.582000 0.317899 0.583983 0.313721 0.595915 0.310064 0.626410 0.305364 0.655573 0.301970 0.680103 0.298054 0.696675 0.291003 0.703299 0.283690 0.690043 0.286040 0.660214 0.292569 0.621103 0.297010 0.584650 0.301970 0.523667 0.300663 0.490521 0.301710 0.449427 0.302754 0.431530 0.320512 0.415615 0.330172 0.418274 0.340094 0.428872
5 0.687879 0.409402 0.686195 0.405983 0.671717 0.404274 0.660269 0.409402 0.646465 0.409402 0.636364 0.418803 0.634007 0.423932 0.633670 0.433333 0.637374 0.457265 0.638384 0.458974 0.648485 0.458974 0.657239 0.494017 0.661279 0.501709 0.662626 0.502564 0.666330 0.500000 0.673737 0.500855 0.675084 0.500000 0.681818 0.480342 0.686869 0.474359 0.689226 0.467521 0.689562 0.454701
5 0.723569 0.308547 0.723569 0.312821 0.726263 0.326496 0.731987 0.335897 0.735354 0.338462 0.744444 0.340171 0.747475 0.337607 0.748148 0.335043 0.748148 0.317949 0.746465 0.312821 0.744444 0.310256 0.733670 0.305128 0.724916 0.305128
2 0.587542 0.413675 0.579798 0.423077 0.576431 0.432479 0.574747 0.444444 0.574747 0.452991 0.578114 0.478632 0.581145 0.511966 0.581818 0.529060 0.584848 0.553846 0.584512 0.566667 0.585185 0.576923 0.586532 0.582051 0.586195 0.598291 0.586869 0.606838 0.591246 0.623077 0.589562 0.627350 0.590909 0.635897 0.592256 0.639316 0.591582 0.642735 0.593603 0.645299 0.600673 0.664957 0.607071 0.666667 0.608418 0.659829 0.608418 0.648718 0.606734 0.629060 0.605051 0.584615 0.604377 0.516239 0.603704 0.510256 0.604714 0.495726 0.604714 0.461538 0.603367 0.450427 0.603030 0.434188 0.600673 0.422222 0.592593 0.413675
