5 0.274107 0.515970 0.278641 0.523222 0.279548 0.532289 0.279730 0.546800 0.276826 0.559852 0.269756 0.570733 0.264859 0.570007 0.259600 0.559126 0.254885 0.554778 0.249989 0.557681 0.242189 0.559126 0.239652 0.554415 0.240196 0.535919 0.235663 0.529756 0.231311 0.526489 0.233485 0.503637 0.238381 0.498926 0.248719 0.506904 0.258511 0.510170 0.266126 0.513067
2 0.675593 0.542444 0.663081 0.526852 0.656189 0.525400 0.648937 0.532289 0.643678 0.543170 0.640230 0.550785 0.637693 0.558044 0.638237 0.568200 0.643678 0.590681 0.646033 0.604467 0.652744 0.632756 0.658548 0.659956 0.663985 0.687519 0.668337 0.708193 0.671241 0.723785 0.676863 0.747726 0.681215 0.768756 0.688104 0.773111 0.690100 0.761867 0.687559 0.743370 0.684115 0.684978 0.682663 0.650889 0.680489 0.602289 0.680670 0.579437 0.679400 0.557319
2 0.634067 0.544622 0.624274 0.535919 0.616111 0.539185 0.610674 0.548978 0.607407 0.562756 0.605415 0.574363 0.605415 0.593585 0.607407 0.628763 0.610856 0.661044 0.613574 0.690059 0.619196 0.732126 0.622641 0.762956 0.624637 0.780726 0.628081 0.783993 0.632252 0.766585 0.635878 0.745911 0.638237 0.711815 0.638237 0.669748 0.640411 0.630941 0.641500 0.596489 0.640593 0.577630 0.639867 0.555141
2 0.407030 0.563119 0.403037 0.548615 0.400319 0.540630 0.395059 0.531200 0.390707 0.527215 0.384000 0.534104 0.376926 0.547163 0.372937 0.556230 0.371122 0.576904 0.369674 0.604830 0.368585 0.640370 0.368222 0.674096 0.368404 0.699489 0.368767 0.730311 0.368767 0.762956 0.369674 0.795237 0.375293 0.801763 0.384541 0.790881 0.392159 0.769481 0.393789 0.720156 0.396511 0.661044 0.400137 0.627674
2 0.370759 0.550059 0.374748 0.571459 0.372756 0.600474 0.365319 0.631304 0.358974 0.664667 0.352444 0.701296 0.343922 0.738296 0.335400 0.763319 0.331411 0.766222 0.325607 0.761867 0.323248 0.753163 0.323974 0.729230 0.325063 0.692956 0.332496 0.644719 0.333222 0.621511 0.333222 0.596489 0.336848 0.564933 0.337937 0.538822 0.344467 0.531926 0.351356 0.528304 0.359519 0.536281
2 0.336730 0.279415 0.332289 0.305526 0.328111 0.321719 0.323933 0.349919 0.321322 0.378644 0.320537 0.404237 0.320537 0.431393 0.319493 0.455415 0.319756 0.474215 0.321581 0.489881 0.328111 0.498237 0.337252 0.495630 0.350570 0.480481 0.356052 0.453844 0.351615 0.414681 0.350570 0.358274 0.344563 0.308659 0.344041 0.283593
2 0.359185 0.282022 0.355007 0.306570 0.351352 0.344170 0.350307 0.387000 0.352137 0.430867 0.352137 0.461681 0.354485 0.490926 0.358663 0.510252 0.367281 0.503985 0.384515 0.473696 0.386344 0.434000 0.381381 0.396400 0.377989 0.357230 0.375374 0.320148 0.369630 0.287244 0.363885 0.273667
2 0.601774 0.262178 0.600730 0.304481 0.600993 0.362978 0.605704 0.422519 0.605963 0.460667 0.608563 0.487274 0.612481 0.495104 0.622926 0.493015 0.633111 0.472126 0.635722 0.450193 0.634156 0.414156 0.637026 0.369763 0.626581 0.324852 0.623448 0.285681 0.615352 0.260615 0.607781 0.245993
2 0.631281 0.264793 0.632067 0.299785 0.636504 0.332681 0.635722 0.371852 0.635981 0.394830 0.634415 0.418333 0.632067 0.438178 0.634156 0.461163 0.643556 0.471607 0.652433 0.477348 0.664967 0.481526 0.671756 0.471081 0.676719 0.449667 0.675937 0.424600 0.672804 0.386474 0.665230 0.341037 0.656611 0.302919 0.651389 0.279933 0.645122 0.266881 0.635459 0.253822
0 0.503319 0.555504 0.488811 0.553689 0.481378 0.553689 0.475393 0.555141 0.473581 0.566022 0.471948 0.601926 0.472311 0.645081 0.474304 0.686430 0.475211 0.721970 0.475211 0.751348 0.475937 0.777459 0.478837 0.781815 0.490263 0.767667 0.494615 0.732489 0.500963 0.673733 0.502774 0.630215 0.503500 0.606637
0 0.571504 0.573637 0.557178 0.557681 0.546478 0.553326 0.539044 0.558044 0.537593 0.573274 0.534874 0.601926 0.534874 0.649437 0.537774 0.688244 0.539770 0.717259 0.540674 0.741919 0.542489 0.772022 0.545933 0.780363 0.548837 0.782541 0.552826 0.778548 0.557178 0.763319 0.560259 0.735756 0.560441 0.706741 0.563707 0.669385 0.567696 0.630215 0.569689 0.605919 0.569689 0.589230
1 0.604507 0.562393 0.595078 0.554415 0.590726 0.550422 0.586374 0.544622 0.576219 0.551148 0.574585 0.561304 0.573678 0.580163 0.573137 0.602652 0.573678 0.641822 0.574767 0.677726 0.576581 0.712178 0.578393 0.739741 0.581296 0.773837 0.582926 0.793422 0.587100 0.795956 0.591633 0.777459 0.597978 0.744096 0.600156 0.708919 0.602511 0.670837 0.608133 0.623326 0.606322 0.588867
3 0.732170 0.516333 0.721289 0.505089 0.714037 0.510896 0.695178 0.514519 0.687019 0.513067 0.679222 0.517037 0.679219 0.549696 0.679763 0.571096 0.686111 0.599748 0.689737 0.624052 0.691911 0.647985 0.694089 0.678452 0.697170 0.700941 0.706781 0.738296 0.715307 0.754615 0.720744 0.757519 0.726548 0.750259 0.726730 0.737207 0.723467 0.703111 0.716211 0.665030 0.714400 0.638193 0.717300 0.634207 0.722015 0.642911 0.724011 0.661044 0.725096 0.682074 0.728544 0.710726 0.732715 0.728504 0.737067 0.743370 0.743233 0.745911 0.748493 0.741556 0.751574 0.732489 0.753930 0.716170 0.753567 0.704200 0.751393 0.685704 0.747222 0.644719 0.741963 0.610267 0.740874 0.582341 0.740874 0.558044 0.740511 0.537733 0.734167 0.523222
3 0.785444 0.476741 0.771356 0.481089 0.760526 0.488674 0.747530 0.499504 0.735619 0.510333 0.735619 0.525489 0.742659 0.559067 0.751863 0.589385 0.774063 0.647867 0.786519 0.671689 0.794641 0.694437 0.801137 0.710674 0.806011 0.709593 0.806011 0.693348 0.805470 0.680356 0.800056 0.657615 0.793015 0.637037 0.792474 0.617541 0.793015 0.618630 0.797348 0.619711 0.797889 0.619711 0.801137 0.625126 0.806552 0.641370 0.809800 0.658696 0.810885 0.676022 0.810885 0.695519 0.811426 0.697681 0.817381 0.692267 0.818463 0.681437 0.818463 0.661948 0.816841 0.625126 0.810885 0.572059 0.802219 0.528741 0.796263 0.500585 0.791933 0.481089
5 0.289337 0.523585 0.285893 0.524674 0.281904 0.531200 0.279004 0.540993 0.277915 0.552963 0.276644 0.566385 0.276644 0.575815 0.280996 0.580526 0.283900 0.585607 0.283537 0.600474 0.284804 0.614985 0.289700 0.620422 0.299856 0.616793 0.302941 0.613533 0.305478 0.617156 0.308922 0.614259 0.314544 0.609904 0.318715 0.604830 0.321619 0.595037 0.328326 0.595037 0.330867 0.593222 0.333767 0.584519 0.335944 0.573274 0.337211 0.548615 0.337211 0.536644 0.331593 0.532289 0.323430 0.528304 0.316359 0.525763 0.307293 0.528667 0.302033 0.527215 0.299311 0.523585 0.295141 0.522859
3 0.338844 0.537370 0.337574 0.561667 0.333404 0.599022 0.328870 0.621874 0.321800 0.669022 0.314726 0.707104 0.293330 0.747000 0.288796 0.754615 0.284804 0.758600 0.280996 0.739015 0.282811 0.713993 0.289341 0.677363 0.296411 0.647985 0.297681 0.631304 0.294056 0.639644 0.288252 0.657415 0.279548 0.686067 0.272837 0.710370 0.259781 0.748444 0.255974 0.743733 0.255248 0.725963 0.259419 0.693319 0.266670 0.663578 0.269937 0.637830 0.274652 0.619696 0.277007 0.599385 0.277552 0.577630 0.277370 0.553326 0.281359 0.535193 0.285711 0.523585 0.298407 0.520689 0.305115 0.523222 0.310919 0.524674 0.320167 0.527941 0.324700 0.528304 0.332496 0.534467 0.338296 0.534815 0.335778 0.533778
3 0.280633 0.530837 0.276100 0.518874 0.269937 0.505452 0.256333 0.502548 0.245274 0.495659 0.235844 0.488770 0.228952 0.497111 0.223511 0.511978 0.220430 0.529393 0.216985 0.550785 0.213178 0.589593 0.210274 0.629126 0.210819 0.651615 0.210093 0.675185 0.212633 0.696948 0.215352 0.698763 0.219522 0.681356 0.222063 0.654874 0.226596 0.645807 0.228952 0.663941 0.224963 0.680993 0.222426 0.690422 0.220974 0.704200 0.221337 0.713267 0.224237 0.713630 0.229315 0.707830 0.234756 0.695133 0.241830 0.673007 0.253796 0.637104 0.264315 0.600837 0.274833 0.568919
4 0.203037 0.456519 0.200844 0.454681 0.190689 0.445252 0.180715 0.455037 0.174552 0.481156 0.163307 0.511259 0.160044 0.539548 0.156600 0.573274 0.156600 0.594311 0.161856 0.608452 0.183800 0.608089 0.203022 0.568919 0.221519 0.520326 0.228407 0.494207 0.222970 0.472089 0.217893 0.458667 0.206648 0.456852
4 0.213474 0.292993 0.219481 0.351489 0.221570 0.398489 0.218437 0.418333 0.208252 0.419904 0.195459 0.410504 0.189193 0.393267 0.178744 0.379689 0.178222 0.349400 0.188407 0.307615 0.192848 0.285681 0.200681 0.282548
3 0.246641 0.253304 0.237759 0.275756 0.233059 0.301874 0.229404 0.349400 0.223922 0.376556 0.217915 0.423037 0.218700 0.444970 0.225489 0.460119 0.236715 0.466904 0.241156 0.461681 0.248730 0.468474 0.254211 0.466904 0.260219 0.459593 0.264656 0.449667 0.264919 0.428778 0.265700 0.389089 0.264133 0.346785 0.257085 0.304481 0.258389 0.269489 0.253952 0.251733 0.250819 0.262704 0.249511 0.284111 0.249511 0.297170 0.247163 0.318585 0.245333 0.339474 0.245074 0.345741 0.242985 0.335815 0.242985 0.329548 0.243767 0.317015 0.244030 0.294563
3 0.282937 0.265837 0.276148 0.266881 0.271185 0.273667 0.265963 0.295081 0.267530 0.333726 0.269359 0.367674 0.266485 0.412067 0.265700 0.427733 0.266485 0.449667 0.269096 0.476830 0.275104 0.490407 0.283459 0.483096 0.289726 0.482052 0.299911 0.487274 0.303826 0.483615 0.313489 0.472652 0.318711 0.463252 0.319233 0.437659 0.319233 0.404756 0.316622 0.362452 0.309048 0.323807 0.300956 0.289859 0.297037 0.267400 0.292859 0.255393 0.284763 0.258526 0.280585 0.278889
1 0.387126 0.273148 0.382426 0.288289 0.378511 0.320674 0.376681 0.352533 0.377726 0.387519 0.378770 0.428259 0.377989 0.462207 0.378511 0.481007 0.383470 0.508163 0.393915 0.514956 0.406189 0.510252 0.414022 0.501370 0.414285 0.487274 0.414285 0.446015 0.405407 0.380733 0.400704 0.331119 0.390522 0.284111
0 0.417941 0.283593 0.418463 0.333207 0.416111 0.377600 0.414022 0.422511 0.412978 0.467948 0.413241 0.504504 0.422119 0.522785 0.441963 0.519133 0.447185 0.510252 0.448493 0.484659 0.448493 0.447059 0.444052 0.394830 0.437004 0.337385 0.432304 0.297170 0.425774 0.282022
0 0.457370 0.266881 0.454496 0.309704 0.451626 0.335815 0.447448 0.380207 0.446404 0.424600 0.448230 0.470037 0.450319 0.496674 0.453974 0.515474 0.466248 0.521222 0.482959 0.518089 0.493667 0.512341 0.492100 0.472652 0.489230 0.410504 0.480870 0.343652 0.473559 0.301348 0.464159 0.267926
0 0.501241 0.259044 0.500456 0.314926 0.497063 0.361933 0.494711 0.404756 0.493407 0.445489 0.492622 0.470563 0.493930 0.497193 0.495496 0.507637 0.500719 0.509733 0.511685 0.511822 0.526048 0.510778 0.534141 0.501896 0.535448 0.477348 0.533619 0.434000 0.529441 0.384911 0.523174 0.331119 0.516907 0.295607 0.510904 0.267400 0.506985 0.251215
0 0.549811 0.284111 0.558948 0.334252 0.559993 0.369244 0.565741 0.421467 0.570963 0.459074 0.569133 0.485185 0.562867 0.509733 0.545893 0.504504 0.540148 0.502941 0.534663 0.487793 0.532315 0.451756 0.531530 0.406844 0.534663 0.348356 0.539626 0.297696 0.540411 0.275237
3 0.684815 0.250170 0.688730 0.267926 0.688207 0.290904 0.682726 0.323281 0.678548 0.350444 0.675152 0.372896 0.674370 0.392741 0.673585 0.420948 0.674630 0.446533 0.680374 0.465341 0.693430 0.468474 0.706226 0.464815 0.709622 0.466385 0.717456 0.470563 0.724504 0.468993 0.729467 0.458548 0.733907 0.435570 0.733385 0.389089 0.725289 0.356185 0.724504 0.303963 0.725026 0.272104 0.721633 0.254867 0.715626 0.253304 0.710404 0.267926 0.708578 0.294037 0.708315 0.304481 0.702833 0.301874 0.702570 0.291422 0.702570 0.269489 0.702570 0.248600 0.698130 0.245467 0.692126 0.243378 0.685337 0.241289
3 0.738344 0.242333 0.737300 0.277844 0.734167 0.317015 0.733122 0.365067 0.732600 0.389607 0.733644 0.417815 0.736256 0.444444 0.743830 0.451237 0.755319 0.449667 0.778559 0.448622 0.782215 0.442881 0.787178 0.424600 0.789004 0.399007 0.780126 0.367674 0.774904 0.329548 0.773074 0.286200 0.766026 0.257481 0.762893 0.247037 0.756363 0.261659 0.755581 0.275237 0.756885 0.296652 0.757930 0.315970 0.755581 0.316496 0.751663 0.301874 0.751141 0.286726 0.750878 0.272104 0.748267 0.254867 0.744352 0.247037 0.742000 0.242859
4 0.777252 0.255911 0.773596 0.278889 0.772815 0.302919 0.775163 0.329030 0.780911 0.376030 0.780648 0.390652 0.781170 0.414681 0.781956 0.432437 0.787178 0.446533 0.793967 0.458030 0.799448 0.452281 0.807807 0.449148 0.830785 0.440793 0.834963 0.424081 0.828174 0.372896 0.820341 0.321193 0.815119 0.287770 0.811722 0.255393 0.807807 0.249644 0.803367 0.256956 0.799189 0.265311 0.796837 0.283593 0.796578 0.288815 0.794489 0.287770 0.791615 0.287770 0.789526 0.287770 0.785611 0.272104 0.784044 0.259044
5 0.348637 0.530481 0.339570 0.540630 0.337574 0.545348 0.336489 0.559126 0.335219 0.581978 0.335219 0.601563 0.335944 0.616067 0.337030 0.638919 0.339389 0.659593 0.342652 0.662496 0.348274 0.656689 0.353896 0.637467 0.355530 0.601200 0.360063 0.575452 0.367496 0.567474 0.373119 0.557319 0.369493 0.548615 0.363326 0.540630 0.352081 0.532289
1 0.588196 0.253822 0.597337 0.285156 0.598904 0.322763 0.603081 0.392222 0.607519 0.434000 0.609074 0.458519 0.602037 0.488837 0.595248 0.503985 0.585322 0.498763 0.576444 0.488837 0.570963 0.460119 0.568874 0.418859 0.566785 0.361407 0.571485 0.299785 0.575400 0.261133 0.579056 0.253304
1 0.440756 0.559489 0.438219 0.540630 0.432233 0.537370 0.424074 0.533378 0.417004 0.542444 0.410111 0.552237 0.404852 0.569281 0.402133 0.593585 0.401226 0.626585 0.400500 0.666481 0.400500 0.693681 0.399956 0.730311 0.400500 0.755341 0.403400 0.784719 0.405759 0.788704 0.411744 0.785807 0.417004 0.783630 0.424074 0.768393 0.431148 0.738659 0.435137 0.641822 0.438219 0.616793
0 0.471948 0.554415 0.462519 0.550785 0.447648 0.547163 0.441481 0.552963 0.438400 0.570733 0.438944 0.596126 0.440937 0.646896 0.442752 0.694407 0.442933 0.728867 0.444385 0.758600 0.448193 0.774200 0.459256 0.769481 0.465600 0.748807 0.468504 0.704563 0.469952 0.655600 0.470315 0.625141
0 0.536867 0.558763 0.524537 0.548615 0.507852 0.544985 0.503681 0.556230 0.502052 0.567111 0.504226 0.603741 0.506222 0.635289 0.508578 0.677000 0.511300 0.711815 0.510756 0.740830 0.510393 0.766948 0.512385 0.785807 0.516196 0.785081 0.521274 0.775289 0.523448 0.760778 0.525989 0.721607 0.526530 0.676274 0.531244 0.644719 0.532696 0.624415 0.534148 0.597207 0.535419 0.572548
