2 0.622379 0.520287 0.609140 0.496470 0.595179 0.495122 0.589558 0.515339 0.586656 0.540957 0.590102 0.575113 0.591733 0.605226 0.594635 0.663643 0.595358 0.708591 0.594635 0.749487 0.601161 0.743643 0.603702 0.699148 0.615305 0.607922 0.617846 0.571522 0.622923 0.547252
4 0.243653 0.481304 0.216884 0.443557 0.206004 0.455417 0.190554 0.518513 0.176193 0.587009 0.173147 0.615591 0.187509 0.605339 0.199912 0.590243 0.200565 0.593478 0.192295 0.618826 0.185333 0.638235 0.186639 0.647409 0.195340 0.646330 0.202958 0.656574 0.219933 0.628530 0.235818 0.590243 0.247133 0.557348 0.256709 0.517974 0.249526 0.499643
3 0.289565 0.520130 0.275639 0.507730 0.258232 0.508270 0.253225 0.547096 0.248874 0.580530 0.241474 0.616130 0.233207 0.661965 0.236470 0.683000 0.245611 0.690548 0.256274 0.659809 0.268025 0.622600 0.259319 0.664661 0.253007 0.695400 0.258232 0.710504 0.267589 0.702409 0.278684 0.679226 0.294137 0.626374 0.299358 0.569209 0.300663 0.545478 0.293267 0.522287
3 0.358330 0.513661 0.360723 0.546017 0.348319 0.615591 0.343316 0.656574 0.330260 0.708887 0.324382 0.721287 0.316116 0.714278 0.313502 0.693783 0.318291 0.661965 0.322642 0.625835 0.315681 0.629070 0.307846 0.657652 0.299793 0.685696 0.286954 0.708348 0.278684 0.701870 0.281951 0.671670 0.290435 0.635000 0.297618 0.592939 0.301316 0.554104 0.301968 0.520670 0.304800 0.499643 0.310674 0.499104 0.318509 0.505574 0.326775 0.505035 0.333958 0.506113 0.344839 0.508809 0.350495 0.506113 0.354849 0.505574
0 0.475625 0.190374 0.466537 0.250165 0.463716 0.302200 0.459014 0.376748 0.459018 0.434174 0.484084 0.453626 0.496305 0.449748 0.498811 0.428000 0.496930 0.359661 0.491291 0.270357 0.485025 0.209009
0 0.430814 0.196583 0.425488 0.260261 0.422979 0.384513 0.427681 0.442757 0.448674 0.449748 0.457449 0.433435 0.456509 0.386843 0.454000 0.329374 0.447421 0.235409 0.438646 0.202791
3 0.310081 0.294104 0.322618 0.343287 0.325751 0.373704 0.321049 0.402826 0.301726 0.402826 0.288930 0.407357 0.285014 0.407357 0.279793 0.386000 0.288407 0.335522 0.294154 0.305104
3 0.752881 0.294435 0.739561 0.328078 0.734600 0.351383 0.729898 0.368852 0.725723 0.400565 0.734077 0.416096 0.754705 0.433565 0.765151 0.421270 0.777688 0.411565 0.788130 0.417391 0.786302 0.366261 0.789958 0.328730 0.791526 0.300252 0.783432 0.286017 0.774032 0.281487 0.764368 0.302200
5 0.701863 0.370539 0.691839 0.369757 0.681498 0.384513 0.671158 0.396939 0.670218 0.409365 0.672723 0.431887 0.673035 0.448191 0.671782 0.459843 0.675856 0.469157 0.686512 0.478478 0.699358 0.478478 0.703432 0.453626 0.705625 0.421791 0.708446 0.387617
3 0.708133 0.257157 0.691211 0.303748 0.677425 0.359661 0.672723 0.393835 0.669902 0.434991 0.671158 0.473817 0.679618 0.492461 0.694656 0.494791 0.710639 0.496339 0.719726 0.476930 0.723172 0.438878 0.722232 0.393052 0.721607 0.357330 0.729754 0.300643 0.728814 0.282009 0.716905 0.290548 0.710951 0.311513 0.711579 0.266478
1 0.611305 0.195026 0.598144 0.257930 0.592189 0.295209 0.580284 0.349565 0.578091 0.376748 0.577775 0.415574 0.579656 0.444313 0.591249 0.455183 0.600965 0.459843 0.605351 0.441200 0.608484 0.396165 0.609740 0.348017 0.618512 0.294435 0.618825 0.239296 0.615379 0.202017
0 0.550912 0.476452 0.537421 0.460809 0.528716 0.461348 0.525670 0.479148 0.525018 0.509348 0.525018 0.550330 0.527193 0.611809 0.528063 0.657652 0.526758 0.705652 0.529151 0.749330 0.530456 0.754183 0.533723 0.738548 0.538944 0.679226 0.543295 0.625296 0.546779 0.560583 0.548737 0.517974
0 0.523495 0.471061 0.514572 0.463504 0.507172 0.465122 0.501733 0.483461 0.500211 0.527687 0.503039 0.582148 0.510004 0.654417 0.512179 0.703487 0.513267 0.734235 0.516312 0.712661 0.518923 0.647948 0.521754 0.579452 0.525235 0.506652
1 0.388825 0.186487 0.388196 0.248617 0.387256 0.330930 0.387884 0.389174 0.391642 0.425670 0.395716 0.449748 0.402923 0.455957 0.414832 0.447417 0.421098 0.411696 0.421414 0.361217 0.415772 0.283557 0.401670 0.202791 0.392898 0.175617
4 0.789175 0.446452 0.771126 0.447574 0.749467 0.476643 0.744954 0.501252 0.744502 0.533678 0.754881 0.560513 0.769772 0.597417 0.784663 0.622017 0.803161 0.627609 0.809930 0.617548 0.805870 0.598539 0.798649 0.579530 0.793688 0.564991 0.795039 0.560513 0.807674 0.584000 0.807674 0.584000 0.811284 0.585122 0.815344 0.580643 0.816249 0.576174 0.813993 0.548217 0.810382 0.520261 0.800912 0.499043 0.791439 0.463217
3 0.740067 0.515339 0.737530 0.508600 0.728825 0.511296 0.715586 0.519835 0.705975 0.525226 0.702530 0.531974 0.694733 0.551748 0.693828 0.582304 0.699449 0.598930 0.714681 0.631287 0.733723 0.676226 0.741154 0.692861 0.751491 0.706791 0.756207 0.702296 0.758747 0.675783 0.753488 0.658252 0.746414 0.638930 0.742607 0.625896 0.742968 0.613765 0.745144 0.616461 0.747684 0.622304 0.752035 0.633087 0.755846 0.644774 0.762916 0.664548 0.770172 0.680278 0.772165 0.680278 0.776337 0.666339 0.776516 0.648817 0.773435 0.625443 0.769446 0.608817 0.764547 0.589496 0.756751 0.565678 0.748589 0.546800 0.743333 0.530174
1 0.580291 0.494783 0.566144 0.472678 0.556354 0.470522 0.551782 0.506652 0.548954 0.546017 0.548302 0.616670 0.550695 0.688930 0.554611 0.732070 0.557660 0.769287 0.559400 0.786539 0.567670 0.743939 0.573109 0.673287 0.577025 0.606957 0.584860 0.533617 0.585512 0.513122 0.585512 0.503957
1 0.440804 0.465661 0.449944 0.491009 0.449726 0.523904 0.447551 0.575678 0.445154 0.626913 0.441239 0.684617 0.439933 0.723983 0.437758 0.750948 0.434709 0.759035 0.426007 0.723983 0.419912 0.669513 0.417954 0.615043 0.417954 0.557887 0.418389 0.520670 0.419260 0.493165 0.422088 0.475374 0.435144 0.464043
2 0.658933 0.212887 0.649221 0.268026 0.648909 0.329374 0.642642 0.377522 0.641074 0.419461 0.641074 0.443530 0.640761 0.466835 0.653295 0.478478 0.659874 0.484696 0.668337 0.478478 0.669589 0.467609 0.670218 0.429557 0.674916 0.375191 0.672411 0.303748 0.670530 0.247061 0.667084 0.213670
0 0.496295 0.467826 0.483018 0.476452 0.479754 0.496948 0.478232 0.523904 0.479102 0.587009 0.484109 0.662504 0.486502 0.698096 0.491070 0.733148 0.492158 0.735313 0.495642 0.677609 0.496512 0.610191 0.501733 0.545478 0.501733 0.503417 0.499993 0.467287
0 0.518867 0.194252 0.515733 0.248617 0.506018 0.330930 0.501944 0.392278 0.498811 0.441200 0.506958 0.459061 0.516986 0.462948 0.529207 0.460617 0.539235 0.450522 0.539235 0.414800 0.539235 0.340252 0.539860 0.273461 0.538919 0.208235 0.533281 0.184930
0 0.569628 0.189591 0.557095 0.243957 0.548635 0.295209 0.545502 0.356557 0.540491 0.400783 0.540800 0.434217 0.547695 0.448974 0.557723 0.445087 0.567123 0.438878 0.569944 0.414026 0.572449 0.363548 0.573077 0.310739 0.573404 0.255565 0.572137 0.209009
0 0.476709 0.469443 0.463000 0.457574 0.451684 0.466748 0.446460 0.490470 0.450596 0.542261 0.452561 0.628000 0.457789 0.685130 0.461477 0.727757 0.463435 0.743400 0.465175 0.742861 0.467786 0.736930 0.470832 0.730452 0.473446 0.661965 0.472793 0.581070 0.478014 0.492087
2 0.416214 0.501261 0.410989 0.486696 0.404028 0.472678 0.387270 0.480765 0.385312 0.502339 0.385747 0.544939 0.387926 0.587009 0.390972 0.636078 0.392495 0.681922 0.395975 0.715896 0.402940 0.763887 0.407726 0.754183 0.413386 0.694322 0.413821 0.613965 0.416867 0.541165
2 0.322705 0.239296 0.322393 0.306078 0.322705 0.372087 0.326467 0.423339 0.328347 0.468383 0.344014 0.474600 0.357800 0.465278 0.361874 0.431887 0.361874 0.397713 0.349340 0.341800 0.347147 0.279678 0.334298 0.232304 0.328347 0.223765
2 0.360309 0.212113 0.353102 0.249391 0.354982 0.334817 0.355923 0.381409 0.359056 0.429557 0.367204 0.461391 0.374095 0.462174 0.387256 0.448974 0.389765 0.421009 0.388509 0.361217 0.383811 0.285113 0.373470 0.233078
2 0.638881 0.209783 0.629793 0.248617 0.625719 0.291322 0.621646 0.333261 0.616319 0.365878 0.610365 0.392278 0.609112 0.440426 0.612558 0.450522 0.623839 0.462174 0.632614 0.466052 0.638568 0.458287 0.641386 0.441983 0.641702 0.406261 0.650474 0.355000 0.648909 0.309183 0.648281 0.242400 0.647028 0.198913
3 0.263670 0.268287 0.272386 0.322783 0.278912 0.378870 0.282807 0.424696 0.282168 0.463504 0.268460 0.476452 0.243653 0.472678 0.233439 0.433826 0.237333 0.390696 0.233425 0.327070 0.229723 0.273139 0.243653 0.268826 0.250179 0.281765 0.252354 0.315200 0.253225 0.341087 0.258014 0.336774 0.256926 0.298487 0.258667 0.261817
