3 0.715521 0.467877 0.703990 0.480008 0.682228 0.506708 0.672000 0.526615 0.670041 0.541177 0.672434 0.568846 0.683100 0.588262 0.692672 0.608654 0.698548 0.623700 0.709866 0.644569 0.713345 0.636323 0.708341 0.604285 0.717479 0.626608 0.721831 0.629038 0.727924 0.610592 0.725097 0.594085 0.722269 0.559138 0.719003 0.523215 0.717262 0.497969
3 0.735107 0.411562 0.722269 0.415931 0.714652 0.430008 0.716393 0.454285 0.719876 0.487292 0.723572 0.522246 0.729666 0.571269 0.735324 0.597969 0.743810 0.623215 0.750776 0.632438 0.762090 0.628069 0.758172 0.594085 0.749903 0.558162 0.744028 0.539231 0.743376 0.500885 0.752297 0.517877 0.757955 0.548938 0.761438 0.582923 0.766007 0.603308 0.774493 0.611077 0.781238 0.590692 0.777976 0.559623 0.774276 0.532438 0.770576 0.508169 0.768183 0.464477 0.761655 0.426615 0.754910 0.421277 0.741414 0.436923
2 0.617459 0.457946 0.606090 0.467608 0.604462 0.502638 0.608797 0.542500 0.614752 0.612562 0.616931 0.687462 0.620724 0.717615 0.632621 0.691077 0.635328 0.643969 0.636410 0.569077 0.636410 0.496600 0.627748 0.463985
2 0.636410 0.482108 0.649407 0.459154 0.662945 0.474862 0.668900 0.495392 0.669441 0.528008 0.671607 0.577531 0.672148 0.637923 0.671066 0.677785 0.667817 0.707985 0.663486 0.707985 0.658610 0.676577 0.653738 0.643969 0.646159 0.608938 0.643993 0.565454 0.639117 0.519554
6 0.422528 0.344400 0.420362 0.377015 0.431731 0.420500 0.447976 0.420500 0.460972 0.404800 0.486421 0.409631 0.521076 0.406008 0.557897 0.416877 0.580638 0.407215 0.591469 0.387885 0.588221 0.346823 0.580097 0.319038 0.567100 0.321454 0.560062 0.355277 0.558438 0.355277 0.553024 0.341985 0.549234 0.315415 0.542734 0.306962 0.531907 0.334738 0.524324 0.340777 0.517828 0.343192 0.506997 0.317831 0.503748 0.305754 0.497252 0.315415 0.490752 0.339569 0.488586 0.346823 0.481007 0.341985 0.473969 0.335946 0.464221 0.341985 0.461514 0.352862 0.456100 0.343192 0.447976 0.332323 0.439855 0.332323 0.431190 0.335946
0 0.478300 0.454323 0.484797 0.503846 0.485338 0.564246 0.492921 0.607731 0.496169 0.674162 0.502124 0.697115 0.507538 0.717646 0.510248 0.716438 0.511872 0.666915 0.510248 0.618600 0.505914 0.560623 0.505914 0.515923 0.505372 0.488146 0.503748 0.453115 0.490210 0.444662
4 0.781979 0.290062 0.795907 0.337146 0.804610 0.372585 0.802434 0.390546 0.779369 0.390062 0.765007 0.390546 0.756738 0.368700 0.762614 0.308023 0.772621 0.288115
3 0.719524 0.301223 0.730624 0.370646 0.728883 0.380838 0.712128 0.384723 0.696897 0.377438 0.683403 0.374523 0.691890 0.324523 0.699072 0.292000 0.711038 0.284723
1 0.612245 0.217346 0.603628 0.231323 0.596838 0.260454 0.595272 0.309962 0.593445 0.343754 0.603369 0.357146 0.613290 0.364723 0.622169 0.357731 0.622690 0.349577 0.621124 0.288408 0.617469 0.235985
0 0.503207 0.448285 0.523783 0.448285 0.528114 0.468815 0.527572 0.526800 0.529200 0.576323 0.529741 0.635508 0.527572 0.665708 0.525948 0.677785 0.518369 0.635508 0.506997 0.582362
2 0.637924 0.226469 0.647717 0.261423 0.651631 0.358992 0.656421 0.420638 0.655331 0.442000 0.638138 0.446846 0.622690 0.428408 0.625738 0.350254 0.629655 0.269185
0 0.552483 0.459154 0.571976 0.467608 0.576307 0.473654 0.575224 0.508677 0.574141 0.569077 0.573059 0.613769 0.571434 0.660877 0.567645 0.688662 0.560603 0.688662 0.554648 0.654838 0.551941 0.594438 0.550859 0.535254
2 0.382459 0.221200 0.388414 0.270723 0.386790 0.340777 0.388955 0.409631 0.382459 0.439831 0.372710 0.460362 0.362424 0.460362 0.350510 0.435000 0.350510 0.386677 0.353217 0.322662 0.361883 0.267100
2 0.378128 0.479692 0.393828 0.444662 0.410614 0.454323 0.418197 0.465192 0.416031 0.500223 0.413321 0.543708 0.415490 0.590815 0.413862 0.643969 0.411155 0.675369 0.403034 0.685031 0.393828 0.672954 0.385707 0.633092 0.379752 0.553369
2 0.419279 0.462777 0.443645 0.454323 0.447434 0.478485 0.451224 0.507469 0.448517 0.556992 0.446893 0.619808 0.449059 0.678992 0.444728 0.694700 0.435524 0.686238 0.426859 0.665708 0.423069 0.642754 0.417114 0.589608 0.413862 0.547331 0.414948 0.501431
1 0.579014 0.460362 0.595241 0.454308 0.604462 0.486938 0.606090 0.529215 0.606631 0.592023 0.605003 0.645177 0.603921 0.701946 0.600672 0.730938 0.589845 0.718854 0.584969 0.685031 0.580097 0.617392 0.574683 0.544915
0 0.530283 0.461569 0.527572 0.503846 0.529200 0.550954 0.530824 0.592023 0.531366 0.634300 0.533531 0.668123 0.536779 0.687454 0.545983 0.674162 0.548693 0.653631 0.547607 0.621015 0.547066 0.554577 0.550317 0.496600 0.549234 0.463985 0.533531 0.449492
0 0.581179 0.199454 0.592010 0.276762 0.595259 0.366146 0.592552 0.407215 0.574141 0.412046 0.568186 0.398762 0.560062 0.357692 0.563852 0.270723 0.563852 0.227238 0.568728 0.186169
1 0.439314 0.180131 0.455017 0.253808 0.459890 0.309377 0.462055 0.372185 0.457183 0.421708 0.442021 0.436208 0.429024 0.433792 0.412238 0.412046 0.414948 0.333531 0.419821 0.251392 0.430107 0.183754
