0 0.449753 0.112982 0.444800 0.172182 0.439300 0.233364 0.435900 0.276818 0.435130 0.318155 0.433823 0.353055 0.436957 0.387236 0.450013 0.388591 0.462547 0.383673 0.464113 0.345927 0.462287 0.289664 0.460720 0.220591 0.458630 0.162118 0.457063 0.128718
1 0.573000 0.429091 0.569000 0.430909 0.566000 0.438182 0.559000 0.460909 0.558333 0.465455 0.556333 0.470000 0.555333 0.480000 0.555667 0.568182 0.553667 0.635455 0.554333 0.653636 0.553333 0.657273 0.553000 0.666364 0.554333 0.671818 0.556333 0.689091 0.556667 0.691818 0.559000 0.693636 0.560333 0.697273 0.569000 0.690000 0.569000 0.685455 0.573000 0.675455 0.575000 0.665455 0.579000 0.631818 0.579000 0.619091 0.582000 0.570000 0.584000 0.550909 0.584667 0.515455 0.584000 0.500000 0.581667 0.475455 0.581000 0.454545 0.578000 0.438182
3 0.692603 0.182127 0.696520 0.223436 0.692340 0.266882 0.692080 0.311036 0.696520 0.316655 0.700960 0.293227 0.704093 0.268300 0.708270 0.227709 0.715320 0.204918 0.721850 0.211255 0.725767 0.237609 0.722893 0.259045 0.719237 0.286745 0.714277 0.322427 0.712710 0.356609 0.714800 0.375836 0.717933 0.410027 0.717150 0.427118 0.711663 0.444918 0.707487 0.449909 0.701220 0.456318 0.693907 0.440645 0.687640 0.437082 0.679807 0.448482 0.676413 0.451327 0.670930 0.443500 0.665967 0.435664 0.662573 0.421418 0.662573 0.396418 0.664923 0.372991 0.671190 0.342364 0.675630 0.279700 0.677980 0.239100 0.681113 0.212036 0.683987 0.190673
4 0.811433 0.559545 0.811170 0.533909 0.803573 0.503245 0.792633 0.490427 0.785037 0.497600 0.777213 0.514627 0.767287 0.522527 0.760220 0.539655 0.758413 0.555955 0.757887 0.588055 0.763640 0.604364 0.775110 0.624364 0.785037 0.647845 0.797070 0.675636 0.802297 0.662818 0.808273 0.638618 0.816397 0.604364 0.817940 0.572364
3 0.756580 0.439936 0.762847 0.462009 0.763107 0.520409 0.757623 0.567409 0.758407 0.590200 0.763630 0.622255 0.766240 0.667827 0.766503 0.688482 0.762847 0.702655 0.759190 0.700591 0.754230 0.669255 0.747440 0.633645 0.743000 0.609427 0.738300 0.585927 0.736473 0.580945 0.736473 0.585927 0.735690 0.601600 0.737257 0.620118 0.739607 0.641482 0.744830 0.671391 0.748483 0.687700 0.745613 0.705573 0.741957 0.703436 0.734643 0.677091 0.728377 0.647891 0.723677 0.622891 0.720543 0.592982 0.716627 0.560291 0.712187 0.524609 0.708530 0.494064 0.706963 0.457736 0.711927 0.442000 0.720803 0.437082 0.730727 0.441364 0.738823 0.444918 0.743000 0.441364 0.750833 0.440645
2 0.372000 0.434545 0.358333 0.438182 0.356000 0.443636 0.356333 0.446364 0.354667 0.450909 0.355667 0.455455 0.353667 0.458182 0.355000 0.462727 0.354000 0.467273 0.356000 0.469091 0.356667 0.471818 0.356000 0.479091 0.355000 0.481818 0.355333 0.487273 0.353000 0.497273 0.352667 0.529091 0.352000 0.531818 0.351667 0.544545 0.353667 0.557273 0.353000 0.564545 0.353333 0.578182 0.354667 0.586364 0.354667 0.608182 0.355667 0.613636 0.355667 0.628182 0.357333 0.645455 0.357667 0.666364 0.358667 0.670000 0.358333 0.674545 0.362667 0.686364 0.362333 0.690000 0.365000 0.693636 0.364667 0.698182 0.371000 0.697273 0.370667 0.694545 0.371333 0.692727 0.375667 0.690000 0.375667 0.688182 0.373000 0.685455 0.375333 0.683636 0.376000 0.681818 0.375667 0.678182 0.377000 0.674545 0.376667 0.668182 0.377667 0.660000 0.377333 0.653636 0.378333 0.643636 0.378333 0.633636 0.379667 0.619091 0.380667 0.615455 0.380667 0.610000 0.378333 0.606364 0.378333 0.599091 0.382333 0.592727 0.383000 0.583636 0.383333 0.528182 0.382333 0.514545 0.382333 0.488182 0.381667 0.481818 0.382333 0.470000 0.381667 0.463636 0.382667 0.459091 0.382667 0.454545 0.384000 0.450909 0.384667 0.441818 0.383000 0.439091
4 0.220000 0.161818 0.218667 0.165455 0.217333 0.165455 0.215333 0.169091 0.216000 0.173636 0.212667 0.185455 0.210333 0.203636 0.206667 0.223636 0.204667 0.242727 0.205000 0.259091 0.206000 0.263636 0.205667 0.269091 0.208667 0.277273 0.221000 0.280000 0.230333 0.290000 0.237333 0.288182 0.243667 0.278182 0.246333 0.268182 0.246333 0.263636 0.248667 0.250000 0.248667 0.223636 0.247333 0.205455 0.244000 0.189091 0.244667 0.184545 0.238333 0.169091 0.232000 0.163636 0.226333 0.164545
4 0.209667 0.477273 0.201333 0.480000 0.198000 0.483636 0.195000 0.490909 0.188667 0.518182 0.186667 0.537273 0.179000 0.580000 0.179000 0.589091 0.181000 0.600909 0.185333 0.606364 0.186667 0.611818 0.197000 0.622727 0.197667 0.627273 0.203333 0.633636 0.206000 0.633636 0.217667 0.620909 0.226000 0.609091 0.229667 0.600909 0.234667 0.584545 0.237333 0.550000 0.236333 0.540909 0.236333 0.530909 0.232667 0.512727 0.226333 0.506364 0.219333 0.489091 0.215667 0.482727
1 0.603820 0.124373 0.604340 0.163609 0.606690 0.276136 0.607213 0.328055 0.600423 0.389373 0.592850 0.422773 0.589717 0.427827 0.583973 0.419991 0.577967 0.407818 0.576400 0.377191 0.571700 0.357327 0.567523 0.343718 0.566217 0.317445 0.569090 0.286109 0.575357 0.248364 0.579533 0.199218 0.589980 0.145809 0.595200 0.116536
3 0.648473 0.443500 0.659440 0.427118 0.679283 0.437082 0.696260 0.454182 0.704877 0.459873 0.707747 0.477682 0.707747 0.517491 0.709837 0.567409 0.711143 0.639345 0.712970 0.668473 0.714017 0.707000 0.708793 0.716973 0.697303 0.697736 0.689730 0.656436 0.686337 0.609427 0.682420 0.589418 0.674323 0.583791 0.671973 0.613700 0.676673 0.647173 0.682420 0.677091 0.679283 0.721245 0.671713 0.712700 0.663880 0.683427 0.654740 0.648600 0.653957 0.598036 0.655000 0.538927 0.650823 0.518982 0.648473 0.494700
1 0.428863 0.419991 0.437220 0.432809 0.443487 0.452045 0.449753 0.471273 0.451580 0.496200 0.452887 0.518273 0.455237 0.545336 0.458110 0.590200 0.460980 0.632936 0.463070 0.668473 0.459153 0.736200 0.456803 0.748236 0.455237 0.751155 0.443487 0.726936 0.436957 0.700591 0.429383 0.642900 0.421550 0.577382 0.417900 0.509727 0.420767 0.460518
0 0.467510 0.114473 0.467770 0.187118 0.464897 0.254055 0.462027 0.296073 0.462027 0.372282 0.466727 0.395073 0.478217 0.397918 0.489707 0.389373 0.494927 0.382245 0.499107 0.348064 0.497017 0.302482 0.494667 0.257618 0.493100 0.192809 0.492840 0.137973 0.486833 0.110909 0.476387 0.103082
3 0.349217 0.429964 0.358097 0.464082 0.354700 0.494064 0.350263 0.542491 0.348957 0.592982 0.346083 0.658573 0.337207 0.699091 0.329373 0.716973 0.324410 0.716255 0.321277 0.699091 0.322843 0.669964 0.327283 0.631509 0.330940 0.603736 0.330940 0.572400 0.327283 0.555236 0.325193 0.559582 0.320493 0.575964 0.314750 0.612209 0.307177 0.660709 0.302737 0.687700 0.299080 0.699873 0.292813 0.678509 0.295163 0.631509 0.300910 0.573109 0.301953 0.533227 0.302213 0.494064 0.299343 0.476964 0.295687 0.445564 0.300910 0.427118 0.313703 0.431391 0.327543 0.439227 0.333550 0.435664 0.344257 0.431391
3 0.289680 0.434164 0.300387 0.448482 0.302477 0.476255 0.290987 0.521836 0.284197 0.568127 0.278973 0.631509 0.268530 0.693464 0.263307 0.714045 0.254950 0.691264 0.259130 0.631509 0.266180 0.582373 0.266180 0.575964 0.262783 0.575245 0.259130 0.579518 0.252860 0.598745 0.247377 0.636491 0.243983 0.671391 0.236150 0.707000 0.228317 0.695600 0.229100 0.656436 0.235367 0.607936 0.240327 0.563855 0.240587 0.518982 0.237467 0.468455 0.240327 0.439227 0.247377 0.421418 0.257560 0.427118 0.268790 0.433527 0.282630 0.436373
2 0.368540 0.156491 0.364363 0.187118 0.366973 0.249000 0.368540 0.294582 0.368540 0.350845 0.367497 0.402900 0.379510 0.430609 0.394133 0.419209 0.403793 0.412873 0.404057 0.376555 0.399093 0.315309 0.386820 0.230555 0.379247 0.182127
2 0.340863 0.160055 0.337207 0.213464 0.335377 0.273291 0.335117 0.326700 0.335117 0.392218 0.340863 0.423555 0.348957 0.434164 0.360707 0.429964 0.369587 0.426336 0.373503 0.397209 0.373503 0.354400 0.366973 0.293936 0.361230 0.227709 0.350000 0.167173
2 0.417893 0.461300 0.412933 0.437727 0.403010 0.418573 0.390477 0.428536 0.384993 0.447773 0.381597 0.464082 0.382120 0.507591 0.384470 0.550318 0.386037 0.592336 0.392043 0.652164 0.395177 0.704155 0.399093 0.731209 0.402227 0.729009 0.410060 0.712700 0.411890 0.640055 0.416590 0.513218
2 0.615310 0.441364 0.611653 0.454182 0.616093 0.496909 0.622880 0.553882 0.629410 0.601600 0.633327 0.655009 0.636720 0.691264 0.640377 0.709845 0.646120 0.689191 0.652390 0.633645 0.650300 0.565273 0.648473 0.481955 0.648210 0.454891 0.644817 0.446345 0.639070 0.427118 0.629147 0.424264 0.621577 0.442782
2 0.607213 0.429255 0.603820 0.423555 0.590240 0.442000 0.581883 0.458455 0.579793 0.481955 0.584757 0.522545 0.589717 0.580945 0.593113 0.622255 0.594940 0.674236 0.597290 0.701300 0.602253 0.715545 0.607997 0.691264 0.614263 0.657073 0.617137 0.611564 0.618703 0.541064 0.617660 0.501891 0.616353 0.464082 0.615047 0.444918 0.611130 0.436373
2 0.640637 0.169236 0.638810 0.244800 0.632283 0.320291 0.629147 0.412873 0.623403 0.432809 0.616613 0.437082 0.606430 0.424982 0.602253 0.425691 0.598333 0.400764 0.611130 0.338809 0.615570 0.269727 0.623143 0.208482
2 0.661527 0.192027 0.667797 0.249782 0.668840 0.313100 0.667013 0.361600 0.665707 0.407173 0.662310 0.427118 0.651607 0.438509 0.635153 0.427118 0.627843 0.383673 0.639070 0.314591 0.647427 0.239100 0.651607 0.199218
0 0.548667 0.150909 0.545000 0.158182 0.544667 0.166364 0.546667 0.182727 0.546667 0.186364 0.545333 0.189091 0.546333 0.192727 0.545667 0.197273 0.546000 0.206364 0.542333 0.218182 0.541000 0.231818 0.542000 0.236364 0.541333 0.239091 0.541667 0.245455 0.541000 0.247273 0.541667 0.251818 0.541333 0.257273 0.543000 0.276364 0.541000 0.288182 0.539667 0.309091 0.539000 0.336364 0.539333 0.369091 0.541333 0.380909 0.543000 0.385455 0.548333 0.392727 0.557333 0.394545 0.561333 0.390000 0.566000 0.380909 0.568333 0.369091 0.568333 0.360000 0.566000 0.338182 0.565667 0.303636 0.562000 0.246364 0.561000 0.205455 0.557667 0.200909 0.558333 0.197273 0.558667 0.173636 0.557333 0.167273 0.557000 0.154545 0.553000 0.150909
0 0.542333 0.436364 0.540000 0.436364 0.531667 0.443636 0.529000 0.451818 0.527667 0.464545 0.527667 0.500000 0.528333 0.502727 0.528333 0.513636 0.529667 0.520909 0.530667 0.555455 0.530000 0.579091 0.528000 0.606364 0.528667 0.613636 0.526333 0.634545 0.527000 0.644545 0.525333 0.655455 0.525333 0.670909 0.527000 0.678182 0.527000 0.683636 0.527667 0.685455 0.527000 0.690909 0.528000 0.698182 0.534333 0.705455 0.536000 0.701818 0.539333 0.698182 0.541000 0.692727 0.543667 0.669091 0.544000 0.651818 0.546000 0.630909 0.546000 0.619091 0.547667 0.595455 0.548000 0.573636 0.551000 0.537273 0.553333 0.519091 0.553333 0.509091 0.554667 0.491818 0.555000 0.469091 0.553667 0.455455 0.547333 0.441818
0 0.521667 0.435455 0.515000 0.435455 0.511000 0.438182 0.508333 0.441818 0.505000 0.450000 0.502333 0.452727 0.501000 0.460000 0.501333 0.494545 0.503333 0.514545 0.506000 0.564545 0.505667 0.584545 0.507667 0.639091 0.508667 0.643636 0.509000 0.652727 0.508333 0.656364 0.508667 0.667273 0.513667 0.685455 0.513333 0.690000 0.517333 0.700000 0.521333 0.697273 0.522667 0.690909 0.523667 0.643636 0.524333 0.639091 0.524333 0.611818 0.525000 0.608182 0.525000 0.574545 0.523667 0.540909 0.525000 0.505455 0.526000 0.498182 0.526667 0.459091 0.525667 0.442727
0 0.519333 0.127273 0.516333 0.130000 0.516667 0.134545 0.515333 0.138182 0.515667 0.142727 0.515000 0.145455 0.515667 0.150909 0.512667 0.158182 0.512667 0.170909 0.514333 0.180909 0.513333 0.188182 0.513667 0.195455 0.512000 0.207273 0.509000 0.217273 0.505000 0.260909 0.504333 0.277273 0.501333 0.306364 0.500000 0.334545 0.500000 0.365455 0.501000 0.377273 0.505333 0.385455 0.514000 0.391818 0.526667 0.393636 0.531000 0.390909 0.534000 0.385455 0.536333 0.377273 0.537667 0.360000 0.538000 0.326364 0.536333 0.298182 0.534000 0.279091 0.534667 0.242727 0.534000 0.240909 0.533667 0.228182 0.531000 0.196364 0.531333 0.189091 0.530333 0.185455 0.531000 0.172727 0.530333 0.170909 0.530000 0.158182 0.528000 0.152727 0.527667 0.145455 0.523000 0.133636 0.523000 0.130000 0.521667 0.127273
0 0.484667 0.436364 0.478667 0.440909 0.477000 0.450909 0.476667 0.499091 0.477333 0.521818 0.480000 0.548182 0.479667 0.552727 0.481333 0.564545 0.481333 0.577273 0.482667 0.583636 0.482000 0.591818 0.483000 0.599091 0.483000 0.620000 0.485333 0.667273 0.487333 0.673636 0.487000 0.679091 0.489333 0.697273 0.492333 0.709091 0.492333 0.713636 0.493333 0.717273 0.492667 0.720909 0.494667 0.723636 0.498667 0.722727 0.500333 0.714545 0.502667 0.682727 0.502667 0.672727 0.502000 0.669091 0.502667 0.657273 0.502000 0.618182 0.501000 0.605455 0.501000 0.582727 0.500000 0.563636 0.500000 0.537273 0.500667 0.530000 0.500333 0.455455 0.499000 0.447273 0.499667 0.442727 0.497667 0.438182 0.495000 0.435455 0.491333 0.437273
0 0.459667 0.435455 0.454333 0.443636 0.453000 0.454545 0.450000 0.465455 0.449667 0.475455 0.451000 0.498182 0.452667 0.501818 0.452333 0.528182 0.454000 0.550000 0.459333 0.592727 0.461333 0.615455 0.461333 0.627273 0.468333 0.671818 0.475667 0.694545 0.477333 0.702727 0.478667 0.705455 0.485333 0.705455 0.484667 0.702727 0.485333 0.693636 0.487000 0.689091 0.486000 0.686364 0.485667 0.680000 0.486000 0.669091 0.484333 0.648182 0.484667 0.641818 0.481000 0.615455 0.481000 0.603636 0.479667 0.597273 0.479333 0.590000 0.477333 0.580909 0.477667 0.575455 0.476667 0.568182 0.476667 0.560000 0.475667 0.555455 0.475333 0.509091 0.476333 0.499091 0.475667 0.480000 0.476333 0.465455 0.475333 0.450000 0.474333 0.443636 0.472000 0.438182
3 0.749007 0.212755 0.752923 0.252564 0.755013 0.274709 0.757883 0.308182 0.764673 0.346636 0.767807 0.379400 0.765980 0.414300 0.756840 0.434164 0.752663 0.437082 0.744567 0.434164 0.738823 0.434164 0.730990 0.434164 0.726287 0.425691 0.721067 0.424264 0.718193 0.390082 0.718717 0.350845 0.724460 0.311745 0.721587 0.276136 0.725243 0.229773 0.730990 0.209900 0.738300 0.213464 0.739083 0.224864 0.737257 0.251918 0.737517 0.269018 0.741173 0.269018 0.745090 0.234045 0.745613 0.211255
4 0.790787 0.155064 0.779820 0.134418 0.761540 0.136555 0.755273 0.156491 0.750833 0.185691 0.749790 0.225573 0.753447 0.261891 0.757623 0.293227 0.770157 0.303909 0.786870 0.299636 0.797053 0.288245 0.801493 0.265455 0.799143 0.226209 0.794703 0.193527
3 0.243983 0.168600 0.250250 0.230555 0.248423 0.276136 0.243983 0.309536 0.235367 0.342364 0.231970 0.378691 0.234583 0.408600 0.239803 0.424982 0.249467 0.415718 0.257823 0.416436 0.260957 0.428536 0.266700 0.429964 0.278973 0.426336 0.286287 0.420709 0.288637 0.399345 0.287853 0.363736 0.283153 0.325273 0.282107 0.280409 0.280540 0.229773 0.275580 0.179991 0.268790 0.164327 0.258867 0.154282 0.258347 0.184909 0.262523 0.218382 0.266700 0.256127 0.266440 0.285391 0.260697 0.278273 0.258607 0.238391 0.256777 0.204918 0.253907 0.185691 0.248943 0.175009
3 0.289157 0.184264 0.298037 0.223436 0.298820 0.267518 0.306393 0.301700 0.308220 0.301700 0.309267 0.268300 0.302997 0.229136 0.298037 0.194945 0.303520 0.171445 0.311617 0.181418 0.318143 0.197800 0.325717 0.232691 0.329633 0.281118 0.330940 0.319582 0.337207 0.363736 0.339297 0.397209 0.338773 0.415718 0.333290 0.427118 0.314227 0.429964 0.302477 0.428536 0.296470 0.426336 0.290463 0.419991 0.287330 0.388591 0.287853 0.337382 0.286547 0.289664 0.283153 0.252564 0.283937 0.190673
1 0.401443 0.102364 0.396483 0.137264 0.394133 0.196373 0.392567 0.279700 0.393870 0.325991 0.401183 0.372282 0.406927 0.395073 0.412933 0.406464 0.419723 0.394355 0.422857 0.372282 0.428340 0.342364 0.434083 0.322427 0.434083 0.288245 0.425730 0.228418 0.417893 0.161473 0.411627 0.115182
