2 0.634228 0.424762 0.626174 0.434286 0.624832 0.440000 0.624497 0.466667 0.625503 0.495238 0.630201 0.537143 0.632550 0.551429 0.633557 0.574286 0.636577 0.587619 0.638255 0.606667 0.639933 0.614286 0.641275 0.635238 0.645302 0.670476 0.646644 0.674286 0.650000 0.701905 0.657383 0.727619 0.661745 0.730476 0.665772 0.725714 0.667114 0.720952 0.667114 0.689524 0.670134 0.644762 0.669463 0.606667 0.663423 0.520952 0.663758 0.489524 0.662752 0.464762 0.661745 0.456190 0.657047 0.441905 0.654027 0.437143 0.643289 0.431429 0.639262 0.425714
0 0.464903 0.079933 0.474695 0.179362 0.485359 0.291152 0.486228 0.354762 0.483399 0.383790 0.466426 0.389343 0.455329 0.365257 0.455547 0.304124 0.454242 0.200981 0.457503 0.133667
2 0.399621 0.095371 0.415725 0.188010 0.424211 0.277562 0.428997 0.343029 0.425735 0.378848 0.414201 0.398610 0.401362 0.404171 0.393963 0.404790 0.386128 0.381314 0.387218 0.305971 0.387218 0.263362 0.391785 0.204686 0.398315 0.131190
2 0.647232 0.050990 0.659201 0.152895 0.664097 0.235238 0.667725 0.321705 0.666638 0.355667 0.655936 0.377286 0.640886 0.359267 0.630550 0.352581 0.624383 0.289790 0.630732 0.207448 0.637621 0.112238
2 0.684950 0.075695 0.689483 0.117381 0.692386 0.180171 0.696013 0.275381 0.697644 0.330448 0.695107 0.355667 0.679329 0.369048 0.662285 0.353610 0.659926 0.307800 0.667000 0.226486 0.679148 0.101943
0 0.494631 0.416190 0.491275 0.420000 0.491946 0.473333 0.501342 0.560952 0.502349 0.619048 0.507047 0.629524 0.514430 0.619048 0.515101 0.597143 0.518121 0.592381 0.517450 0.564762 0.519799 0.556190 0.517114 0.541905 0.515772 0.503810 0.518121 0.464762 0.514430 0.420952
0 0.477517 0.425714 0.465101 0.435238 0.463087 0.440952 0.463087 0.444762 0.464094 0.446667 0.463758 0.451429 0.466443 0.458095 0.464765 0.475238 0.465436 0.483810 0.466779 0.488571 0.468792 0.512381 0.470134 0.557143 0.471812 0.575238 0.473826 0.587619 0.476510 0.635238 0.481879 0.652381 0.483893 0.652381 0.484899 0.650476 0.484564 0.646667 0.487248 0.641905 0.489597 0.604762 0.488255 0.583810 0.487919 0.555238 0.487248 0.552381 0.486913 0.518095 0.488926 0.485714 0.487584 0.481905 0.487584 0.454286 0.485906 0.449524 0.484564 0.432381 0.482550 0.426667
0 0.440604 0.440952 0.437248 0.445714 0.436577 0.451429 0.436913 0.475238 0.438255 0.496190 0.440268 0.504762 0.444295 0.532381 0.445973 0.555238 0.451678 0.592381 0.451342 0.596190 0.453356 0.607619 0.454027 0.620000 0.455034 0.623810 0.456376 0.638095 0.459732 0.658095 0.463758 0.670476 0.466779 0.670476 0.468121 0.657143 0.467785 0.620000 0.466107 0.572381 0.462416 0.534286 0.462081 0.501905 0.463087 0.499048 0.461745 0.480000 0.461409 0.457143 0.460067 0.450476 0.460067 0.443810 0.459396 0.440000 0.456376 0.437143 0.446644 0.437143
3 0.260242 0.428933 0.251755 0.446848 0.243923 0.504895 0.241745 0.542571 0.232826 0.586419 0.229124 0.634590 0.227819 0.667943 0.228473 0.688324 0.235872 0.698200 0.243705 0.691410 0.246534 0.659914 0.252628 0.624714 0.261765 0.609267 0.263507 0.633352 0.252191 0.669790 0.246534 0.699438 0.247403 0.704381 0.255456 0.700057 0.270252 0.681533 0.278523 0.646943 0.286138 0.600629 0.294842 0.550600 0.301372 0.517248 0.303547 0.494400 0.301372 0.462905 0.294624 0.443752 0.279611 0.441286 0.273517 0.445610 0.262638 0.434495
4 0.201708 0.451171 0.215416 0.462905 0.235218 0.469695 0.242399 0.516019 0.238047 0.553067 0.231084 0.600629 0.225208 0.641381 0.218245 0.672267 0.204319 0.675352 0.198225 0.663619 0.202795 0.640771 0.205842 0.624095 0.203013 0.604333 0.197356 0.634590 0.194091 0.649419 0.189956 0.646943 0.184950 0.638914 0.186473 0.619152 0.188423 0.573429 0.188658 0.532095 0.188433 0.482048 0.198443 0.453019
3 0.307463 0.456724 0.303111 0.481429 0.302460 0.518486 0.296802 0.577152 0.290926 0.603095 0.285919 0.635210 0.287225 0.671648 0.292883 0.703143 0.299849 0.701914 0.303111 0.664857 0.307463 0.616067 0.317909 0.585181 0.322480 0.609267 0.317255 0.647562 0.316604 0.684000 0.319433 0.709324 0.325091 0.730933 0.331399 0.714876 0.335101 0.659295 0.338799 0.606800 0.345544 0.562333 0.347721 0.531457 0.351856 0.493162 0.353815 0.463524 0.351201 0.456105 0.347285 0.448695 0.338799 0.452400 0.332047 0.453619 0.323567 0.446229 0.315732 0.449314 0.310728 0.453638
3 0.777718 0.086181 0.783993 0.188476 0.785537 0.213333 0.789312 0.265829 0.793691 0.279143 0.793386 0.302295 0.790252 0.327190 0.785550 0.339638 0.779285 0.353876 0.767376 0.370771 0.760795 0.366324 0.751084 0.351200 0.744497 0.327238 0.742919 0.278286 0.746070 0.215133 0.746695 0.151990 0.749517 0.103076 0.755782 0.088848 0.763302 0.116419 0.762362 0.135990 0.760171 0.165333 0.759856 0.190238 0.765497 0.192905 0.768943 0.172448 0.767064 0.135990 0.766436 0.103971 0.772705 0.088848
3 0.739597 0.166381 0.743060 0.249105 0.745883 0.330038 0.736168 0.382505 0.719245 0.377171 0.703893 0.375390 0.696997 0.332705 0.701386 0.279343 0.702010 0.209981 0.707966 0.148619 0.717678 0.127267 0.723319 0.138829 0.725198 0.177076 0.724886 0.201086 0.725513 0.219762 0.729899 0.204638 0.729899 0.169067 0.732721 0.135276 0.736480 0.131714 0.739302 0.153952
1 0.629097 0.027314 0.629097 0.123552 0.631094 0.222371 0.631456 0.322733 0.628372 0.362876 0.614591 0.370590 0.601899 0.359781 0.598272 0.328390 0.595732 0.276410 0.601718 0.229581 0.613685 0.128190
0 0.583500 0.058933 0.590899 0.151571 0.594379 0.250390 0.596990 0.340562 0.589376 0.379467 0.570225 0.372676 0.564785 0.323886 0.566742 0.233095 0.574795 0.136133
0 0.552164 0.066343 0.559346 0.250390 0.562607 0.306590 0.563698 0.381314 0.548681 0.382552 0.533232 0.377610 0.526919 0.376381 0.527574 0.310295 0.529534 0.285590 0.530839 0.229390 0.539758 0.121933
0 0.503856 0.071286 0.518218 0.215190 0.525832 0.312762 0.526268 0.370200 0.521698 0.384410 0.498198 0.383171 0.491886 0.389343 0.484705 0.357848 0.486883 0.304733 0.488621 0.222600 0.489275 0.160219 0.497762 0.093524
1 0.426168 0.085495 0.432480 0.163924 0.442272 0.242981 0.453369 0.277562 0.456852 0.325114 0.450104 0.378848 0.434221 0.397371 0.421601 0.396762 0.414419 0.353524 0.416812 0.260886 0.416158 0.186162 0.423557 0.105876
3 0.324547 0.176895 0.352181 0.293000 0.358711 0.348590 0.354141 0.399229 0.346742 0.423933 0.333466 0.422076 0.318671 0.432581 0.314319 0.418990 0.309530 0.389962 0.305396 0.349200 0.305178 0.280648 0.312141 0.226305
3 0.287336 0.155895 0.296691 0.198514 0.299738 0.247914 0.302349 0.315238 0.308443 0.397990 0.300611 0.415286 0.288423 0.420229 0.278631 0.410343 0.264705 0.404790 0.254913 0.359086 0.256436 0.315238 0.262963 0.275714 0.263617 0.228771 0.261440 0.167010 0.269490 0.147867 0.278195 0.176895 0.278631 0.223829 0.281242 0.244829 0.284507 0.245448 0.286463 0.232476 0.282983 0.177514 0.279718 0.163305 0.280805 0.155895
2 0.384899 0.453333 0.380201 0.460000 0.376846 0.472381 0.376846 0.491429 0.377047 0.501905 0.376577 0.513333 0.375906 0.520571 0.376846 0.542857 0.378523 0.565714 0.378523 0.575238 0.379866 0.580952 0.380201 0.607619 0.382550 0.613333 0.381879 0.629524 0.384228 0.651429 0.383893 0.659048 0.384899 0.669524 0.386913 0.674286 0.387248 0.701905 0.388591 0.706667 0.387919 0.720000 0.388591 0.730476 0.390604 0.738095 0.391946 0.748571 0.393624 0.749524 0.397315 0.744762 0.397315 0.740952 0.399664 0.728571 0.401678 0.699048 0.402013 0.645714 0.402685 0.636190 0.402685 0.618095 0.402013 0.615238 0.402685 0.610476 0.402685 0.559048 0.404698 0.497143 0.403356 0.477143 0.402349 0.469524 0.401007 0.465714 0.395302 0.456190
1 0.412081 0.447619 0.406711 0.457143 0.405034 0.478095 0.410738 0.600000 0.415436 0.659048 0.419128 0.685714 0.417450 0.694286 0.420470 0.701905 0.423154 0.729524 0.427517 0.743810 0.430537 0.748571 0.435906 0.748571 0.437919 0.743810 0.440268 0.720952 0.437248 0.642857 0.437584 0.599048 0.434228 0.463810 0.430872 0.446667
0 0.545302 0.419048 0.520470 0.426667 0.523826 0.576190 0.523322 0.595905 0.522483 0.606667 0.526409 0.620952 0.528523 0.620000 0.531879 0.624762 0.543624 0.563810 0.548993 0.443810
1 0.555705 0.420000 0.552013 0.425714 0.551007 0.441905 0.554698 0.597143 0.561745 0.644762 0.561074 0.669524 0.566443 0.733333 0.569799 0.748571 0.575168 0.750476 0.580201 0.737143 0.583893 0.677143 0.585906 0.593333 0.585235 0.442857 0.576846 0.422857
2 0.598993 0.423810 0.594966 0.426667 0.588591 0.438095 0.586913 0.446667 0.586577 0.454286 0.587248 0.480000 0.589933 0.499048 0.591946 0.524762 0.591275 0.544762 0.591946 0.573333 0.592953 0.582857 0.592953 0.599048 0.594631 0.615238 0.595302 0.636190 0.600336 0.669524 0.607718 0.700000 0.611074 0.708571 0.614765 0.708571 0.616107 0.705714 0.617450 0.686667 0.617785 0.593333 0.619799 0.534286 0.622483 0.499048 0.622148 0.457143 0.620134 0.443810 0.616779 0.436190 0.606040 0.423810
3 0.670805 0.449524 0.668456 0.457143 0.666779 0.459048 0.666779 0.462857 0.665101 0.469524 0.665436 0.483810 0.667785 0.495238 0.668456 0.504762 0.671812 0.527619 0.673154 0.550476 0.676174 0.579048 0.677181 0.600000 0.681208 0.631429 0.682886 0.635238 0.688591 0.662857 0.694631 0.671429 0.699664 0.670476 0.701678 0.667619 0.704027 0.659048 0.702685 0.643810 0.703020 0.638095 0.702349 0.630476 0.701007 0.626667 0.701342 0.621905 0.699664 0.603810 0.695638 0.585714 0.695302 0.572381 0.696980 0.566667 0.699664 0.573333 0.702349 0.587619 0.704027 0.592381 0.710403 0.638095 0.710403 0.642857 0.713758 0.654286 0.717785 0.660000 0.721477 0.660952 0.724497 0.657143 0.726846 0.647619 0.727517 0.639048 0.726846 0.604762 0.724832 0.586667 0.720134 0.567619 0.713758 0.495238 0.711409 0.484762 0.710067 0.466667 0.707718 0.452381 0.704698 0.446667 0.685906 0.453333 0.676174 0.448571
3 0.719463 0.409524 0.715101 0.422857 0.712081 0.440000 0.711074 0.453333 0.712081 0.471429 0.717114 0.497143 0.723490 0.516190 0.727852 0.540000 0.730872 0.548571 0.736913 0.585714 0.742953 0.611429 0.752349 0.638095 0.758725 0.642857 0.763758 0.641905 0.764430 0.637143 0.764094 0.626667 0.762081 0.621905 0.759732 0.611429 0.756711 0.609524 0.755369 0.605714 0.754698 0.595238 0.751678 0.587619 0.753356 0.584762 0.753691 0.580000 0.751342 0.577143 0.750671 0.572381 0.752013 0.569524 0.756376 0.567619 0.762081 0.571429 0.765436 0.580000 0.766779 0.588571 0.766443 0.600952 0.767785 0.609524 0.775168 0.632381 0.778188 0.636190 0.780537 0.636190 0.782886 0.632381 0.784564 0.624762 0.784564 0.620000 0.779195 0.588571 0.778188 0.575238 0.771141 0.519048 0.769463 0.489524 0.768792 0.446667 0.765436 0.423810 0.760067 0.407619 0.756376 0.400000 0.748658 0.391429 0.742953 0.392381 0.738926 0.399048 0.735906 0.408571 0.730201 0.404762 0.725503 0.404762
4 0.245336 0.091667 0.256651 0.124400 0.256651 0.149105 0.260134 0.217038 0.262527 0.272000 0.254258 0.294857 0.240983 0.308438 0.225970 0.307829 0.218352 0.300410 0.214436 0.268914 0.214218 0.214571 0.219443 0.188010 0.217483 0.143543 0.214436 0.088581 0.225101 0.096610 0.230758 0.118838 0.239463 0.158371 0.242725 0.146638 0.241638 0.128724 0.236416 0.109581 0.235544 0.091667 0.240101 0.087429
4 0.797987 0.423810 0.788255 0.439048 0.780201 0.460952 0.773826 0.471429 0.772483 0.478095 0.772483 0.487619 0.771477 0.497143 0.773490 0.532381 0.774832 0.540000 0.777181 0.546667 0.789262 0.569524 0.795973 0.579048 0.806040 0.607619 0.810738 0.613333 0.814430 0.614286 0.818792 0.607619 0.821477 0.599048 0.822148 0.578095 0.820805 0.560952 0.822819 0.552381 0.827517 0.545714 0.827517 0.540952 0.823490 0.528571 0.824161 0.525714 0.823826 0.521905 0.826174 0.514286 0.829866 0.516190 0.830872 0.513333 0.829866 0.509524 0.827852 0.508571 0.826510 0.504762 0.823826 0.486667 0.821477 0.478095 0.819799 0.459048 0.812081 0.436190 0.805034 0.424762
4 0.795302 0.067619 0.790268 0.083810 0.790604 0.087619 0.788255 0.106667 0.787919 0.122857 0.786242 0.130476 0.784228 0.163810 0.783322 0.187619 0.785570 0.200952 0.787919 0.213333 0.789597 0.219048 0.792282 0.222857 0.798993 0.227619 0.807047 0.226667 0.818456 0.219048 0.826174 0.220000 0.828859 0.216190 0.831544 0.205714 0.832215 0.189524 0.831879 0.172381 0.831208 0.169524 0.831544 0.158095 0.829195 0.128571 0.826510 0.114286 0.824832 0.111429 0.825503 0.106667 0.821812 0.095238 0.822819 0.093333 0.822819 0.090476 0.818792 0.083810 0.819463 0.080952 0.818792 0.078095 0.813758 0.073333 0.812752 0.068571 0.807047 0.067619 0.804698 0.070476 0.801007 0.070476
2 0.362081 0.457143 0.356040 0.458095 0.347987 0.468571 0.345638 0.475238 0.344295 0.489524 0.344631 0.520000 0.346980 0.550476 0.346644 0.577143 0.347315 0.580952 0.347315 0.607619 0.347987 0.611429 0.347987 0.718095 0.350000 0.733333 0.352685 0.735238 0.358389 0.719048 0.359396 0.705714 0.364765 0.679048 0.367785 0.655238 0.369799 0.622857 0.372148 0.544762 0.373826 0.531429 0.378322 0.505810 0.375772 0.479238 0.373490 0.475238 0.370470 0.467619
2 0.361409 0.136190 0.356711 0.149524 0.352685 0.183810 0.352013 0.217143 0.356040 0.236190 0.351678 0.247619 0.352013 0.284762 0.358725 0.333333 0.358725 0.399048 0.365101 0.410476 0.373154 0.412381 0.386577 0.386667 0.391946 0.354667 0.384564 0.290476 0.380537 0.252381 0.371477 0.220000 0.369799 0.146667 0.367114 0.138095
