1 0.384576 0.168293 0.393932 0.198128 0.407207 0.248173 0.413951 0.268902 0.425049 0.311880 0.424615 0.340188 0.420479 0.359910 0.411340 0.359398 0.409599 0.374060 0.405466 0.383165 0.396107 0.385188 0.388055 0.378105 0.381744 0.362436 0.381744 0.326038 0.384139 0.296714 0.377184 0.215338 0.374346 0.161722
3 0.265534 0.193609 0.276214 0.215338 0.284466 0.258797 0.288175 0.363444 0.288608 0.396308 0.273159 0.401361 0.251181 0.394286 0.240301 0.378105 0.240301 0.341203 0.246828 0.300759 0.243566 0.255759 0.247699 0.199639 0.246612 0.187511 0.255317 0.190541 0.259667 0.201158 0.261845 0.209752 0.262715 0.223406 0.264019 0.245143 0.264673 0.258797 0.268155 0.272947 0.270767 0.273962 0.270984 0.266880 0.270330 0.257782 0.267502 0.247669 0.264890 0.239075 0.264236 0.218346
3 0.225939 0.219361 0.234424 0.238571 0.240518 0.265368 0.242696 0.294180 0.240518 0.315414 0.239864 0.333617 0.240518 0.352323 0.241825 0.370526 0.242476 0.384677 0.237689 0.408444 0.230725 0.424113 0.226375 0.422602 0.221803 0.411977 0.218104 0.401361 0.211793 0.392767 0.204612 0.397316 0.195256 0.401361 0.190686 0.397827 0.188511 0.386699 0.191557 0.356368 0.194385 0.324519 0.200913 0.298737 0.202003 0.279015 0.207006 0.247165 0.213100 0.228962 0.217887 0.234526 0.218757 0.247165 0.219628 0.251714 0.221152 0.244639 0.220715 0.230481 0.222893 0.218346
3 0.305113 0.455038 0.320521 0.452000 0.330181 0.469594 0.335142 0.489008 0.339583 0.516308 0.336971 0.536940 0.327307 0.565451 0.315036 0.576977 0.308508 0.570910 0.303547 0.569699 0.295712 0.572128 0.289706 0.572729 0.288401 0.561203 0.297019 0.536331 0.305634 0.490226 0.305375 0.465955
3 0.725566 0.391256 0.714249 0.396308 0.712728 0.412489 0.713379 0.439278 0.717948 0.478211 0.725350 0.518654 0.730353 0.549496 0.737534 0.587414 0.745803 0.596511 0.756683 0.596008 0.758424 0.583368 0.750589 0.552023 0.742974 0.523203 0.745149 0.517143 0.752550 0.524722 0.758424 0.550000 0.765172 0.581850 0.770175 0.594489 0.772570 0.590444 0.775398 0.577301 0.776269 0.543932 0.770392 0.511579 0.769958 0.489331 0.773003 0.460519 0.774961 0.437263 0.772783 0.412481 0.767573 0.396842 0.763204 0.388195 0.751460 0.391759 0.742298 0.396767 0.733181 0.391256
3 0.667683 0.392767 0.657673 0.408947 0.657236 0.431699 0.662243 0.483263 0.664854 0.522195 0.665942 0.557083 0.671599 0.592977 0.677693 0.611684 0.686832 0.620782 0.688573 0.611173 0.691184 0.592466 0.685524 0.564662 0.682479 0.535842 0.683133 0.523714 0.687049 0.518150 0.690748 0.532308 0.693142 0.559105 0.695317 0.582361 0.697929 0.601068 0.704023 0.611684 0.705764 0.608143 0.708809 0.584383 0.708809 0.556571 0.709246 0.529271 0.709026 0.496414 0.711421 0.476692 0.716861 0.457481 0.720126 0.437263 0.717948 0.424617 0.713599 0.414000 0.711638 0.406925 0.707288 0.401361 0.702715 0.393782 0.690964 0.406925 0.687049 0.408947 0.683350 0.415015 0.678563 0.400353 0.676605 0.392767
1 0.558227 0.400353 0.556265 0.409451 0.556919 0.436248 0.555178 0.457481 0.549955 0.476692 0.548217 0.494895 0.547126 0.528263 0.551479 0.568707 0.557573 0.600556 0.564971 0.626850 0.570411 0.648083 0.578029 0.674880 0.593042 0.660722 0.598699 0.617241 0.598265 0.573256 0.598699 0.535338 0.590867 0.493376 0.587819 0.461023 0.581074 0.437263 0.575634 0.419564 0.567583 0.401361 0.560401 0.395301
0 0.524061 0.389737 0.540816 0.391256 0.550392 0.392767 0.559314 0.395805 0.559531 0.398331 0.557790 0.416023 0.554961 0.427150 0.549955 0.472143 0.547997 0.491865 0.541469 0.532812 0.535812 0.573767 0.530589 0.605617 0.526890 0.619767 0.521883 0.613195 0.520796 0.559105 0.524932 0.497925 0.524061 0.460519 0.524061 0.416023
0 0.497511 0.397316 0.515573 0.396812 0.522974 0.397827 0.525366 0.407429 0.524495 0.429173 0.521667 0.453940 0.519709 0.477203 0.520146 0.531293 0.518621 0.571233 0.518405 0.606624 0.507304 0.601571 0.505346 0.562639 0.504913 0.516128 0.501864 0.482256 0.499689 0.442316 0.497731 0.413496
0 0.467929 0.402857 0.490333 0.394286 0.496424 0.397316 0.497078 0.419564 0.498382 0.442820 0.499252 0.494391 0.499906 0.542925 0.499906 0.577805 0.500123 0.620782 0.497511 0.626850 0.487285 0.611684 0.484239 0.575782 0.479016 0.503992 0.474663 0.464053 0.472052 0.441301 0.468350 0.420602
0 0.439631 0.393782 0.437890 0.415015 0.442239 0.457481 0.450945 0.535842 0.453990 0.597023 0.458997 0.630383 0.467919 0.641008 0.471835 0.627353 0.468570 0.563654 0.471401 0.450910 0.475317 0.425632 0.473576 0.393782 0.473793 0.391759 0.473142 0.386195 0.454210 0.392263 0.449204 0.390744
1 0.422437 0.393782 0.411777 0.421083 0.407641 0.447880 0.400896 0.488827 0.401547 0.531805 0.400896 0.571744 0.402854 0.612188 0.406553 0.648586 0.414822 0.682970 0.426356 0.656173 0.437453 0.597526 0.441369 0.536353 0.444851 0.489842 0.438977 0.447880 0.435712 0.420068 0.430489 0.403895 0.425049 0.395301
3 0.258398 0.426038 0.250291 0.427820 0.245340 0.447880 0.242728 0.472143 0.241162 0.506120 0.240903 0.521895 0.233851 0.543128 0.226799 0.565571 0.220010 0.591053 0.218706 0.613504 0.221579 0.618353 0.233068 0.614105 0.243252 0.594692 0.252654 0.568000 0.259702 0.549195 0.262314 0.551015 0.261793 0.567391 0.256307 0.584383 0.247430 0.599549 0.242728 0.612286 0.239333 0.640805 0.240117 0.645045 0.243511 0.648083 0.259702 0.625632 0.268841 0.606218 0.277460 0.580135 0.282159 0.558902 0.286861 0.540699 0.294172 0.519466 0.302790 0.491556 0.303573 0.464256 0.299395 0.451519 0.289731 0.439383 0.281117 0.435744 0.272761 0.435135 0.263618 0.430887
4 0.201731 0.433316 0.211654 0.450910 0.228366 0.454549 0.239595 0.484887 0.238291 0.524925 0.222362 0.560113 0.205388 0.600150 0.192854 0.610466 0.192854 0.584383 0.200427 0.545549 0.194421 0.543128 0.185803 0.548586 0.173006 0.557684 0.166741 0.563143 0.163608 0.558293 0.165696 0.539489 0.177971 0.518857 0.182149 0.500053 0.185019 0.475180 0.188414 0.451504 0.194159 0.437564
2 0.290133 0.150098 0.305583 0.180429 0.314288 0.210256 0.323210 0.248173 0.333220 0.287105 0.341272 0.325526 0.350194 0.344233 0.355197 0.368000 0.352803 0.385692 0.343013 0.404902 0.333000 0.418045 0.322773 0.402376 0.314071 0.408444 0.305149 0.409451 0.295356 0.403383 0.289916 0.381143 0.288175 0.346759 0.291657 0.306316 0.291440 0.270925 0.289479 0.223406 0.287087 0.172338
2 0.342359 0.163744 0.348453 0.169812 0.358680 0.209752 0.368036 0.243120 0.372388 0.275985 0.377828 0.304293 0.385227 0.332098 0.385880 0.348782 0.385663 0.368000 0.378916 0.381143 0.369123 0.393782 0.362812 0.400353 0.352152 0.388218 0.347799 0.386699 0.344317 0.358391 0.349757 0.321992 0.350411 0.283060 0.344971 0.235534 0.339748 0.188015
2 0.649621 0.146053 0.654845 0.184474 0.653537 0.229474 0.653537 0.265368 0.656366 0.298737 0.656583 0.330075 0.657236 0.353338 0.654191 0.370015 0.642440 0.375579 0.633951 0.379120 0.626770 0.369511 0.618068 0.353842 0.617197 0.312383 0.624379 0.267895 0.627861 0.232000 0.631994 0.191045 0.635042 0.150098 0.639175 0.132910
2 0.696188 0.269414 0.696625 0.280534 0.690518 0.305789 0.673994 0.306820 0.660718 0.315925 0.653320 0.311376 0.651796 0.283564 0.662460 0.259805 0.678563 0.256263 0.689660 0.256263
2 0.616544 0.425128 0.624162 0.468602 0.629165 0.512586 0.636346 0.575782 0.645702 0.629880 0.656583 0.630383 0.659194 0.575278 0.657890 0.495902 0.658544 0.464053 0.659631 0.432203 0.653320 0.416534 0.640045 0.410466 0.629165 0.406925 0.621550 0.412992
2 0.595000 0.401872 0.590430 0.415519 0.582816 0.426639 0.581508 0.441812 0.587168 0.470120 0.594129 0.511579 0.600223 0.548992 0.603269 0.592466 0.602618 0.630895 0.607621 0.657684 0.613722 0.668271 0.619809 0.645045 0.619809 0.605617 0.620243 0.566684 0.621550 0.517647 0.619809 0.463045 0.621113 0.448383 0.620896 0.425128 0.613715 0.412992 0.603922 0.403383
2 0.372605 0.421586 0.368036 0.440797 0.372172 0.473158 0.375654 0.518150 0.377395 0.557586 0.378265 0.591962 0.382615 0.630895 0.387405 0.667797 0.387838 0.681955 0.394366 0.675383 0.396977 0.656173 0.398285 0.631398 0.397848 0.592977 0.400676 0.541406 0.401330 0.496917 0.408728 0.454955 0.408511 0.428662 0.400896 0.414511 0.386968 0.402880 0.376304 0.417541
2 0.357375 0.419564 0.370000 0.439774 0.372172 0.465571 0.371518 0.506519 0.374783 0.545451 0.377395 0.591962 0.378265 0.612188 0.375000 0.634940 0.363466 0.631398 0.356068 0.616233 0.347362 0.582361 0.342793 0.527759 0.335832 0.496917 0.331042 0.472647 0.333220 0.448383 0.340835 0.427654 0.348670 0.417541
4 0.810434 0.400353 0.799333 0.402376 0.783667 0.420068 0.780401 0.431699 0.773440 0.441812 0.771916 0.447880 0.770175 0.471639 0.769304 0.484782 0.772353 0.499444 0.778660 0.508038 0.786278 0.522195 0.795417 0.534835 0.806735 0.555060 0.816744 0.559105 0.818919 0.538376 0.812825 0.520677 0.807605 0.502481 0.821748 0.494895 0.833065 0.504504 0.839592 0.494895 0.837197 0.470624 0.828929 0.459000 0.821748 0.435714 0.817605 0.412481 0.811084 0.399338
3 0.784320 0.184474 0.786932 0.252729 0.793676 0.307835 0.799117 0.341707 0.793676 0.363444 0.782796 0.369008 0.770392 0.374060 0.756466 0.379120 0.747761 0.365466 0.741233 0.343729 0.742320 0.315414 0.744715 0.268902 0.747761 0.225932 0.764951 0.193068 0.770612 0.195594 0.768650 0.222895 0.767346 0.247165 0.769304 0.260308 0.773440 0.254241 0.776052 0.239579 0.776052 0.218346 0.776485 0.202677 0.778880 0.188015
3 0.749939 0.175880 0.752984 0.194586 0.747544 0.233511 0.744932 0.251211 0.741887 0.264353 0.741670 0.290647 0.743628 0.307835 0.743628 0.328060 0.741450 0.350805 0.737317 0.364962 0.725566 0.371534 0.718168 0.367489 0.702065 0.367489 0.690964 0.359398 0.686178 0.334120 0.692926 0.300759 0.700324 0.257278 0.708809 0.215820 0.724696 0.175880 0.734269 0.174361 0.734052 0.192564 0.726871 0.211774 0.722955 0.229977 0.721867 0.250707 0.728395 0.253233 0.736230 0.229977 0.738405 0.207226 0.742974 0.191556 0.746019 0.180429
1 0.616544 0.152120 0.601964 0.152120 0.591738 0.173353 0.587168 0.214301 0.580638 0.259301 0.576939 0.288113 0.576722 0.313902 0.577375 0.337158 0.583903 0.345752 0.594566 0.348782 0.596524 0.365977 0.606100 0.372549 0.610887 0.372038 0.619155 0.360917 0.617631 0.335135 0.619372 0.292158 0.620896 0.258797 0.620243 0.222895 0.621767 0.179925 0.622201 0.164759
0 0.573893 0.090436 0.576939 0.130376 0.577592 0.159699 0.580204 0.212278 0.579550 0.242113 0.580421 0.287105 0.581945 0.313398 0.581074 0.342211 0.578463 0.359398 0.572369 0.362436 0.562359 0.362940 0.546909 0.354346 0.545168 0.338677 0.543864 0.287609 0.550825 0.244135 0.555178 0.197113 0.560401 0.143015 0.565625 0.106113
0 0.535812 0.091955 0.542340 0.157677 0.541252 0.206211 0.539511 0.273962 0.546476 0.314910 0.541906 0.362940 0.534071 0.370015 0.525366 0.366481 0.510133 0.362940 0.499252 0.364962 0.495773 0.321992 0.500994 0.271940 0.508828 0.229474 0.513835 0.179925 0.523191 0.123805
0 0.471835 0.110158 0.480104 0.168293 0.485761 0.232000 0.491421 0.276489 0.493595 0.304797 0.495337 0.338677 0.497294 0.370015 0.489026 0.373053 0.472922 0.372038 0.462042 0.371030 0.453990 0.365466 0.452469 0.334632 0.454427 0.287609 0.456168 0.243120 0.455081 0.195090 0.452249 0.162233 0.453990 0.106113 0.464871 0.090436
0 0.408945 0.090947 0.422874 0.106113 0.430709 0.147060 0.436583 0.190038 0.442893 0.227955 0.445722 0.262835 0.448550 0.305812 0.455081 0.331594 0.455081 0.343226 0.451599 0.352323 0.443110 0.361932 0.432450 0.364962 0.422657 0.365977 0.416346 0.340699 0.416997 0.281038 0.419608 0.234526 0.416563 0.165263 0.412647 0.123301
