5 0.672160 0.479614 0.678686 0.473740 0.686955 0.476945 0.693484 0.480150 0.699359 0.475874 0.703712 0.475874 0.708936 0.478016 0.713939 0.483362 0.715247 0.484425 0.716551 0.490307 0.718510 0.502606 0.718728 0.514898 0.718946 0.536283 0.718728 0.550181 0.706106 0.552858 0.701317 0.551252 0.703712 0.564614 0.708942 0.594567 0.709583 0.612756 0.711987 0.622362 0.705888 0.628772 0.702821 0.604173 0.700673 0.582283 0.695224 0.574244 0.691744 0.579583 0.688699 0.592953 0.684564 0.602039 0.681952 0.602575 0.679340 0.586535 0.680862 0.573173 0.682388 0.545906 0.682170 0.533614 0.681080 0.508488 0.678904 0.498331 0.675423 0.496189 0.671288 0.497260 0.670202 0.487102
2 0.360763 0.476945 0.350971 0.475874 0.344878 0.493520 0.344660 0.520244 0.348141 0.561945 0.348577 0.610055 0.350753 0.651220 0.354234 0.696661 0.357282 0.723394 0.367728 0.699874 0.372731 0.661378 0.376865 0.606850 0.382522 0.545370 0.384917 0.501535 0.383830 0.483898 0.375343 0.468929 0.370337 0.465717 0.363811 0.478551
2 0.402109 0.465717 0.391663 0.469992 0.387529 0.481220 0.383612 0.500465 0.384048 0.517575 0.386439 0.544835 0.388397 0.620748 0.390141 0.663520 0.393404 0.701472 0.397103 0.727669 0.402109 0.726598 0.406894 0.694528 0.411029 0.645339 0.413859 0.594024 0.414513 0.560874 0.417994 0.526126 0.418647 0.504205 0.418212 0.480685 0.410596 0.469992
2 0.610141 0.464646 0.622109 0.486567 0.627548 0.500465 0.626026 0.527165 0.625385 0.559291 0.623631 0.595087 0.624071 0.640000 0.622545 0.689181 0.622340 0.722362 0.619282 0.742638 0.610577 0.720181 0.607532 0.665669 0.603846 0.618110 0.598814 0.548583 0.595125 0.529866 0.593385 0.498331 0.602744 0.471598
2 0.635603 0.475874 0.624939 0.491913 0.625808 0.519181 0.632119 0.548047 0.635603 0.574772 0.637125 0.623961 0.643872 0.683835 0.649093 0.705748 0.657798 0.739433 0.662583 0.725528 0.663673 0.676346 0.666285 0.633047 0.660625 0.585465 0.662151 0.545906 0.666718 0.519181 0.665413 0.499394 0.664327 0.487638 0.655840 0.481756 0.653228 0.480685 0.646263 0.470528 0.643654 0.468394
2 0.669686 0.213165 0.674946 0.227866 0.677663 0.246575 0.680202 0.279992 0.679660 0.322315 0.677301 0.354386 0.677122 0.379339 0.678208 0.405622 0.677846 0.426559 0.676939 0.443488 0.668599 0.457299 0.656266 0.461756 0.646112 0.452843 0.639766 0.434134 0.642122 0.395819 0.649375 0.364189 0.652276 0.314740 0.653910 0.263063 0.660074 0.225638 0.664247 0.207819
2 0.643212 0.209606 0.648833 0.220291 0.650827 0.239449 0.648288 0.277764 0.643574 0.320087 0.641942 0.349488 0.641942 0.384685 0.642846 0.428339 0.643391 0.443937 0.637952 0.452843 0.629247 0.454181 0.618910 0.443039 0.611840 0.438142 0.607849 0.400717 0.616189 0.356173 0.628340 0.289346 0.631240 0.251031 0.636862 0.231433
2 0.362676 0.209157 0.374647 0.289764 0.378635 0.346370 0.384439 0.390031 0.388247 0.409630 0.380269 0.439031 0.369750 0.451953 0.361772 0.451063 0.356330 0.445717 0.352705 0.410079 0.354154 0.367756 0.356692 0.326772 0.355606 0.267071 0.354881 0.224307 0.354154 0.198016
2 0.327317 0.202472 0.341641 0.267071 0.346901 0.324543 0.356692 0.417205 0.344724 0.447055 0.332756 0.450173 0.323872 0.434575 0.320606 0.409630 0.320606 0.368646 0.324596 0.320976 0.321696 0.227425
3 0.672593 0.468929 0.684346 0.460906 0.690003 0.474268 0.705673 0.474252 0.713071 0.478016 0.717212 0.484488 0.720641 0.517008 0.720468 0.568362 0.723080 0.604709 0.727651 0.667795 0.727215 0.703614 0.727433 0.726598 0.723949 0.741031 0.716769 0.742102 0.709804 0.713772 0.706324 0.668331 0.702625 0.631976 0.697837 0.614339 0.694138 0.614339 0.692833 0.634118 0.697183 0.663520 0.703929 0.701472 0.706106 0.723394 0.705234 0.748520 0.698490 0.753331 0.690221 0.733551 0.683038 0.706819 0.675641 0.672606 0.674551 0.608457 0.674987 0.580654 0.672811 0.557134 0.669330 0.535748 0.665849 0.519709 0.665849 0.490307
3 0.723125 0.461094 0.720103 0.476685 0.718590 0.490795 0.718590 0.501189 0.721913 0.524575 0.725542 0.544252 0.729772 0.570606 0.733096 0.600307 0.736269 0.620732 0.739747 0.638551 0.746699 0.661937 0.750324 0.676787 0.759542 0.687551 0.762715 0.679016 0.764679 0.657850 0.758333 0.624071 0.752593 0.602165 0.750779 0.592512 0.756519 0.597339 0.761054 0.615906 0.765891 0.641520 0.768760 0.654882 0.770724 0.668992 0.773446 0.676417 0.776769 0.667504 0.777526 0.644488 0.775410 0.611449 0.771179 0.575811 0.773144 0.537567 0.774051 0.512693 0.777676 0.482252 0.776619 0.461465 0.770875 0.446984 0.767250 0.445874 0.761054 0.449953 0.753651 0.445874 0.748814 0.448843 0.745035 0.456268 0.739141 0.454039 0.734308 0.453669 0.727657 0.453669
5 0.720856 0.481512 0.720404 0.484110 0.720103 0.491165 0.720253 0.507866 0.721160 0.514921 0.721913 0.521976 0.724936 0.529402 0.725542 0.529031 0.730529 0.524575 0.735516 0.508244 0.732795 0.498591 0.738840 0.492276 0.744433 0.495992 0.748814 0.493764 0.750474 0.482622 0.753196 0.485220 0.759391 0.490047 0.762564 0.486339 0.766343 0.480024 0.766644 0.470748 0.766949 0.463323 0.766949 0.455528 0.758939 0.452181 0.752138 0.456268 0.746699 0.462205 0.738083 0.458126 0.727657 0.461465 0.724183 0.470000 0.722218 0.476315
3 0.755388 0.210094 0.761551 0.233701 0.762821 0.276913 0.767718 0.313449 0.771163 0.347307 0.776785 0.364236 0.779869 0.383394 0.780593 0.411906 0.776423 0.428386 0.771346 0.438630 0.760282 0.435071 0.755026 0.444425 0.746138 0.442197 0.739247 0.438189 0.733625 0.427496 0.730000 0.402992 0.730000 0.374929 0.733625 0.339283 0.733625 0.297858 0.733808 0.269787 0.737071 0.225236 0.744869 0.209646 0.749038 0.217669 0.749766 0.238157 0.750853 0.265331 0.751215 0.276472 0.755205 0.278701 0.755026 0.266228 0.752849 0.247512 0.751580 0.230583 0.752667 0.210535
5 0.767792 0.391811 0.762170 0.397157 0.755641 0.395819 0.750744 0.393150 0.744218 0.402504 0.742042 0.410969 0.740952 0.420323 0.740590 0.428339 0.746029 0.434134 0.756003 0.429677 0.768333 0.421213 0.774862 0.417205 0.777401 0.408291 0.771058 0.396299 0.768154 0.395378
3 0.724269 0.225638 0.728622 0.254598 0.726990 0.296031 0.726625 0.327661 0.727532 0.347260 0.729346 0.371764 0.731705 0.410079 0.731885 0.427449 0.727894 0.440811 0.716833 0.456409 0.709942 0.452394 0.704865 0.445268 0.695798 0.453732 0.690176 0.446606 0.684737 0.437252 0.683468 0.434575 0.680202 0.417646 0.682016 0.390472 0.686369 0.363299 0.689997 0.332559 0.690904 0.303157 0.692897 0.276425 0.694529 0.253260 0.702510 0.227866 0.706679 0.218961 0.712119 0.250142 0.711394 0.267071 0.709218 0.282220 0.708311 0.314291 0.716109 0.296472 0.715019 0.272866 0.715019 0.241677 0.717196 0.224307 0.720099 0.224748
1 0.608756 0.160150 0.616189 0.202031 0.615103 0.272866 0.614378 0.306276 0.613109 0.357953 0.613288 0.387803 0.610750 0.415425 0.604766 0.433244 0.599506 0.442598 0.585545 0.445717 0.575388 0.415425 0.575571 0.383346 0.580647 0.343693 0.588083 0.286669 0.593160 0.241677 0.599506 0.195795
0 0.556712 0.176189 0.562696 0.214055 0.570673 0.304496 0.574846 0.358402 0.575208 0.396709 0.566141 0.414976 0.554718 0.422551 0.546013 0.409630 0.539484 0.387354 0.539301 0.349039 0.544381 0.284000 0.550907 0.230094
0 0.523163 0.136094 0.535314 0.201583 0.538397 0.294244 0.539667 0.353945 0.537853 0.402504 0.530417 0.424331 0.513372 0.418984 0.501221 0.417646 0.497776 0.406961 0.495599 0.375331 0.494513 0.336567 0.498138 0.307614 0.504667 0.251480 0.511920 0.176189 0.515728 0.146339
0 0.479099 0.136543 0.486353 0.182425 0.488526 0.255512 0.492878 0.336126 0.493423 0.382457 0.494330 0.407402 0.480369 0.416756 0.461327 0.420323 0.455705 0.408740 0.450808 0.365969 0.452804 0.310283 0.453346 0.267961 0.455888 0.214055 0.463865 0.160598
0 0.439567 0.165496 0.442285 0.230984 0.446276 0.279992 0.447907 0.354835 0.447000 0.405173 0.438115 0.420764 0.422702 0.418094 0.417442 0.400717 0.417442 0.349937 0.418894 0.276425 0.420343 0.218961 0.426147 0.177969 0.432856 0.162827
1 0.396407 0.175748 0.381901 0.179307 0.373740 0.209157 0.380087 0.291575 0.381718 0.366417 0.382987 0.408291 0.392054 0.438142 0.406019 0.435024 0.416718 0.411858 0.420526 0.381118 0.415449 0.349937 0.409282 0.309394 0.403115 0.233213 0.398766 0.198016
5 0.359958 0.244795 0.367394 0.299591 0.369750 0.368197 0.380811 0.423890 0.371381 0.440370 0.359413 0.443039 0.354881 0.435472 0.353067 0.398937 0.355061 0.367307 0.363221 0.365079
3 0.295401 0.217173 0.306462 0.278654 0.310452 0.325874 0.311542 0.365079 0.317888 0.398496 0.321151 0.426559 0.314804 0.443039 0.306644 0.449276 0.289417 0.443039 0.274183 0.442150 0.269651 0.417205 0.269833 0.380228 0.274183 0.340134 0.273641 0.294244 0.275090 0.232772 0.283250 0.218512 0.287423 0.255488 0.291593 0.272866 0.293045 0.234551 0.293045 0.222520
3 0.240093 0.215843 0.247526 0.217622 0.250247 0.244354 0.250792 0.267071 0.250971 0.274197 0.252061 0.284000 0.252061 0.291126 0.255686 0.272866 0.254599 0.258606 0.253875 0.237220 0.254962 0.209606 0.259497 0.205591 0.265119 0.218063 0.267657 0.250591 0.267474 0.300929 0.266750 0.337457 0.268564 0.368197 0.269651 0.405622 0.266022 0.429228 0.254417 0.441260 0.242994 0.437252 0.229936 0.431457 0.222141 0.410520 0.218513 0.383787 0.227397 0.353945 0.235558 0.320528 0.236285 0.279543 0.237734 0.239008
5 0.251154 0.402945 0.242087 0.399386 0.235923 0.408291 0.231205 0.409181 0.233202 0.418094 0.240455 0.424331 0.246984 0.427008 0.252785 0.429228 0.257683 0.430567 0.259497 0.421661 0.257862 0.412299 0.253692 0.407402
5 0.277994 0.419433 0.285247 0.421661 0.288872 0.415425 0.291231 0.404732 0.295218 0.399827 0.300115 0.406961 0.301747 0.413638 0.302837 0.418984 0.305554 0.420764 0.307913 0.425669 0.308458 0.430126 0.308096 0.432346 0.301747 0.440370 0.297032 0.442150 0.290503 0.439480 0.283433 0.442150 0.275817 0.437252 0.272734 0.430567
4 0.221058 0.435780 0.232375 0.442732 0.234115 0.467323 0.231503 0.503142 0.234551 0.533614 0.233897 0.551787 0.230199 0.580118 0.224974 0.617008 0.221058 0.633583 0.206913 0.653898 0.201256 0.633583 0.197994 0.593488 0.195381 0.557669 0.189942 0.525591 0.184500 0.481756 0.187548 0.450748 0.196904 0.441661 0.204519 0.424016 0.213442 0.433646
3 0.236074 0.446472 0.233244 0.479614 0.234551 0.507417 0.235202 0.534150 0.232157 0.563551 0.228458 0.598299 0.226282 0.626630 0.225846 0.645874 0.226500 0.660307 0.229763 0.670465 0.239772 0.637858 0.246301 0.611661 0.250654 0.599898 0.248042 0.625559 0.244125 0.652827 0.240862 0.669402 0.241731 0.675811 0.253048 0.667260 0.260881 0.648551 0.266756 0.620748 0.271327 0.576378 0.277420 0.541630 0.284599 0.517575 0.286558 0.495118 0.288952 0.472669 0.287429 0.458236 0.278506 0.451819 0.268497 0.453425 0.260663 0.453425 0.252176 0.448079 0.245429 0.445937 0.239337 0.445937
5 0.244125 0.457701 0.252830 0.456630 0.256093 0.455559 0.270455 0.458236 0.277638 0.460906 0.286125 0.475874 0.281990 0.483362 0.272849 0.487102 0.268279 0.497260 0.260663 0.498331 0.256093 0.495654 0.252830 0.479079 0.249564 0.473740 0.243907 0.472669 0.241949 0.463047
5 0.298744 0.479079 0.299833 0.486567 0.308103 0.492449 0.314196 0.493520 0.315064 0.493520 0.313106 0.505811 0.313324 0.523992 0.322683 0.523457 0.323987 0.502071 0.322465 0.488709 0.332910 0.493520 0.337263 0.492984 0.339436 0.480150 0.330298 0.471598 0.322029 0.472669 0.318548 0.468929 0.315064 0.470528 0.312888 0.473740 0.304619 0.474268 0.299397 0.473740
3 0.300920 0.460370 0.294391 0.466252 0.290256 0.475874 0.288952 0.489772 0.288516 0.510622 0.287865 0.534150 0.286776 0.559803 0.281990 0.594559 0.276766 0.633047 0.278288 0.677953 0.283731 0.689181 0.290042 0.690244 0.294176 0.681693 0.297439 0.652827 0.299615 0.616472 0.307231 0.601504 0.310929 0.605780 0.311147 0.622354 0.308753 0.646945 0.303532 0.677953 0.303096 0.700402 0.307231 0.708425 0.313760 0.707354 0.319417 0.693457 0.324641 0.665654 0.328122 0.628236 0.328122 0.592417 0.330516 0.567827 0.335087 0.545906 0.341179 0.522921 0.343138 0.495118 0.344006 0.479614 0.339654 0.460906 0.330516 0.459299 0.321593 0.467858 0.308103 0.463583
1 0.436926 0.446472 0.429962 0.450213 0.423433 0.470528 0.419080 0.481220 0.417558 0.514898 0.416689 0.548583 0.414949 0.594559 0.416035 0.629307 0.415381 0.682228 0.415599 0.705213 0.413859 0.745843 0.421910 0.743709 0.431269 0.726598 0.438885 0.688646 0.445196 0.633047 0.448022 0.567827 0.450853 0.525591 0.450199 0.491378 0.447154 0.463047
0 0.462603 0.440055 0.452811 0.461441 0.450417 0.479079 0.452375 0.513835 0.454551 0.559803 0.457381 0.606850 0.462385 0.649622 0.470003 0.685433 0.474138 0.712165 0.476311 0.689181 0.476311 0.643205 0.476311 0.584402 0.478923 0.541094 0.482404 0.497260 0.481535 0.455024 0.472830 0.442197
0 0.486170 0.437386 0.504885 0.443268 0.506625 0.459299 0.506843 0.491378 0.508365 0.538425 0.507929 0.580654 0.508801 0.628236 0.506625 0.668331 0.503795 0.696126 0.496833 0.684370 0.488782 0.663520 0.487474 0.596693 0.481817 0.515433 0.481381 0.442197
0 0.509170 0.442732 0.532237 0.443803 0.532455 0.492984 0.529625 0.554457 0.529192 0.599370 0.529625 0.637323 0.526798 0.696126 0.520051 0.698268 0.511782 0.656031 0.510260 0.603110 0.509606 0.517039 0.508083 0.460370
0 0.543337 0.451819 0.538330 0.452890 0.535718 0.467323 0.534849 0.484961 0.534413 0.496189 0.532455 0.521315 0.533760 0.552858 0.533542 0.602039 0.535503 0.632512 0.540288 0.667795 0.550734 0.714843 0.557263 0.723394 0.563792 0.721787 0.565314 0.696661 0.561833 0.636787 0.560962 0.588661 0.560962 0.552323 0.561833 0.525055 0.560744 0.495118 0.560962 0.475874 0.550516 0.460370
1 0.575542 0.460370 0.562920 0.481756 0.562266 0.495654 0.562920 0.530937 0.568144 0.584402 0.572061 0.616472 0.575106 0.661913 0.578587 0.693457 0.584679 0.718047 0.592298 0.728205 0.595343 0.730874 0.598827 0.729276 0.599478 0.704685 0.596651 0.650685 0.593821 0.598299 0.591426 0.550181 0.593385 0.513299 0.590340 0.483898 0.583375 0.468394
