2 0.347990 0.521965 0.356607 0.509026 0.366010 0.512426 0.375930 0.519243 0.379850 0.530139 0.379587 0.548530 0.375670 0.572374 0.375410 0.603026 0.374627 0.640496 0.372013 0.699078 0.369143 0.725643 0.360263 0.762435 0.350603 0.774009 0.346947 0.763791 0.346423 0.718835 0.346947 0.676600 0.344333 0.631643 0.342247 0.588043 0.341723 0.560113 0.341723 0.536270 0.345640 0.521965
3 0.650900 0.495400 0.646460 0.506296 0.649073 0.532870 0.651683 0.572374 0.659517 0.603026 0.661867 0.642539 0.668917 0.691583 0.684063 0.734504 0.695553 0.756304 0.701820 0.754261 0.699470 0.720878 0.691113 0.688183 0.685370 0.647304 0.685107 0.615296 0.693987 0.634365 0.700777 0.656165 0.705217 0.693626 0.710700 0.722922 0.717227 0.741313 0.720623 0.741313 0.725843 0.741313 0.726107 0.738591 0.724800 0.708617 0.722190 0.671148 0.716183 0.639817 0.708870 0.590087 0.704953 0.555348 0.704953 0.527417 0.703647 0.504939 0.702080 0.487226 0.697903 0.480409 0.690330 0.482452 0.683540 0.484504 0.677537 0.488591 0.668400 0.495391 0.661867 0.497443 0.655340 0.494722
1 0.561333 0.498122 0.575697 0.500165 0.584833 0.519243 0.587183 0.593496 0.587707 0.675235 0.581700 0.738591 0.577523 0.757661 0.567340 0.733139 0.563683 0.645261 0.561073 0.590765 0.555587 0.528096
0 0.474637 0.496765 0.496313 0.491313 0.497880 0.540357 0.499967 0.603713 0.498923 0.656843 0.500490 0.730417 0.496833 0.763791 0.492133 0.778783 0.479860 0.753574 0.475943 0.626191 0.472287 0.556026
0 0.470460 0.498122 0.448003 0.517200 0.440690 0.532183 0.443563 0.620739 0.451397 0.694991 0.460800 0.748130 0.466543 0.752896 0.466803 0.705209 0.469937 0.601670 0.472027 0.541722 0.472810 0.516513
1 0.413013 0.526739 0.409093 0.549217 0.408833 0.571017 0.409877 0.634365 0.412230 0.684096 0.415883 0.727009 0.421367 0.756304 0.425547 0.765157 0.432073 0.755617 0.433380 0.719513 0.434700 0.651391 0.437037 0.574417 0.438333 0.533565 0.426330 0.523330
3 0.287400 0.498783 0.297853 0.501530 0.308820 0.492678 0.320310 0.500852 0.333890 0.501530 0.343550 0.500165 0.346947 0.525374 0.346683 0.541722 0.339633 0.602348 0.336763 0.639130 0.333890 0.676600 0.324490 0.718157 0.308820 0.766522 0.302293 0.778096 0.297853 0.782191 0.290803 0.775374 0.292110 0.760391 0.303337 0.722922 0.308560 0.682052 0.308560 0.641174 0.302817 0.639817 0.297070 0.667061 0.287670 0.715426 0.276963 0.764478 0.269653 0.765157 0.264950 0.750852 0.267563 0.724965 0.274873 0.675922 0.279313 0.636409 0.284013 0.581235 0.282710 0.546487 0.285060 0.514470
3 0.253983 0.492678 0.243800 0.464061 0.234140 0.468148 0.229960 0.490635 0.227350 0.506296 0.223693 0.528096 0.222910 0.558748 0.218993 0.593496 0.214553 0.628913 0.210637 0.681365 0.213510 0.696357 0.218210 0.703165 0.232050 0.669104 0.239100 0.628235 0.246410 0.618696 0.248760 0.645261 0.241450 0.675922 0.235707 0.703852 0.233877 0.730417 0.238317 0.735861 0.253463 0.724287 0.262080 0.680687 0.268870 0.639130 0.274613 0.594174 0.280620 0.561478 0.283753 0.530826 0.283493 0.506296 0.276703 0.492678 0.266257 0.474965 0.258433 0.479043 0.256333 0.481096
4 0.175647 0.466104 0.182957 0.466104 0.187920 0.449078 0.198363 0.466791 0.208547 0.461339 0.219253 0.469513 0.220300 0.479730 0.224477 0.500852 0.222650 0.538313 0.219253 0.564878 0.214030 0.601670 0.211680 0.640496 0.205153 0.673878 0.198623 0.698400 0.188180 0.700443 0.186090 0.688183 0.189747 0.646626 0.195490 0.611209 0.193923 0.596217 0.185830 0.605070 0.183217 0.634365 0.182697 0.661617 0.178257 0.678643 0.175647 0.679322 0.167290 0.639817 0.167290 0.608478 0.168857 0.564878 0.167290 0.534913 0.165200 0.511748 0.168333 0.469513
4 0.216903 0.192261 0.218733 0.220191 0.217163 0.258339 0.215597 0.293765 0.213510 0.334635 0.204370 0.359843 0.191837 0.369374 0.183480 0.368017 0.173033 0.338722 0.169380 0.310791 0.172250 0.271278 0.192620 0.228365 0.199930 0.192948 0.204893 0.203165 0.203063 0.239270 0.197580 0.266513 0.199930 0.278096 0.206980 0.259704 0.208287 0.232452 0.210377 0.200435 0.213770 0.191583
3 0.255030 0.190217 0.258683 0.222235 0.260250 0.249487 0.260513 0.293078 0.258423 0.329183 0.257640 0.363243 0.257380 0.393217 0.256597 0.411609 0.249283 0.438861 0.238057 0.446357 0.226567 0.443626 0.219777 0.419104 0.213247 0.421826 0.204370 0.406843 0.203587 0.383678 0.209853 0.347574 0.217163 0.308070 0.215860 0.260383 0.220820 0.214061 0.233877 0.201800 0.237533 0.229043 0.235967 0.257661 0.236750 0.272643 0.241450 0.269922 0.246673 0.254930 0.248240 0.205887 0.249543 0.190904
3 0.284013 0.187496 0.294460 0.233817 0.300987 0.299896 0.303600 0.342809 0.310127 0.391174 0.311433 0.415696 0.304903 0.451122 0.296287 0.459296 0.285843 0.463383 0.276963 0.457252 0.272787 0.463383 0.267823 0.472922 0.261297 0.456574 0.258423 0.423191 0.259467 0.372104 0.264690 0.314200 0.266780 0.254930 0.264167 0.194304 0.269653 0.190217 0.273047 0.219513 0.276180 0.237226 0.282970 0.237226 0.279053 0.192948
1 0.374363 0.167061 0.396300 0.294443 0.399693 0.336000 0.403090 0.372104 0.408050 0.400713 0.408573 0.421826 0.405960 0.444313 0.399693 0.461339 0.389250 0.463383 0.380110 0.449078 0.376193 0.408887 0.373060 0.357113 0.374103 0.309426 0.371230 0.234496
0 0.416930 0.157522 0.433380 0.233817 0.441213 0.255617 0.445653 0.327826 0.440953 0.395939 0.436773 0.427278 0.425807 0.444313 0.412750 0.428643 0.406483 0.376191 0.405960 0.307383 0.406483 0.247443 0.405177 0.165696 0.409877 0.141852
0 0.461583 0.129591 0.472810 0.197713 0.480383 0.268557 0.484040 0.357800 0.485867 0.397304 0.486650 0.437496 0.486650 0.450443 0.474377 0.470878 0.455837 0.465426 0.444610 0.451800 0.438080 0.412974 0.440430 0.357800 0.440953 0.321696 0.440170 0.285591 0.443040 0.222913 0.443303 0.163652 0.450353 0.121417
0 0.511197 0.126183 0.519553 0.194991 0.528430 0.259704 0.526863 0.321009 0.529737 0.368696 0.529737 0.423191 0.522687 0.447035 0.509370 0.449078 0.498140 0.449078 0.491610 0.447713 0.486390 0.411609 0.484040 0.368017 0.487957 0.328504 0.485343 0.293078 0.491090 0.218826 0.499447 0.138443
0 0.548537 0.144574 0.563160 0.206565 0.568907 0.274687 0.568643 0.302617 0.567860 0.374148 0.559507 0.412296 0.554543 0.427278 0.542010 0.421826 0.533913 0.413652 0.531043 0.381635 0.532087 0.341443 0.532870 0.298530 0.531827 0.219513 0.538877 0.166374
1 0.592407 0.137087 0.600503 0.173191 0.601287 0.227687 0.603113 0.295809 0.601547 0.346896 0.601547 0.392539 0.600763 0.415017 0.593190 0.440217 0.585097 0.443626 0.572560 0.428643 0.564990 0.410252 0.565267 0.374174 0.572560 0.351661 0.572823 0.316922 0.575697 0.267878 0.580133 0.194991 0.589013 0.154113
3 0.681190 0.189539 0.671007 0.234496 0.667613 0.288313 0.666567 0.325096 0.664480 0.369374 0.663433 0.414339 0.666307 0.432043 0.691637 0.449078 0.712787 0.444991 0.716183 0.433409 0.721407 0.401391 0.717750 0.361887 0.710960 0.316922 0.713570 0.246757 0.710700 0.201122 0.704953 0.180000 0.700777 0.180000 0.696860 0.216783 0.697643 0.239270 0.696597 0.248800 0.689810 0.205209 0.683280 0.184765
3 0.745430 0.194991 0.753523 0.169783 0.761357 0.188861 0.760573 0.210652 0.756137 0.257661 0.757963 0.282183 0.762403 0.308748 0.771280 0.342809 0.774153 0.372104 0.771803 0.391852 0.762140 0.403435 0.741250 0.416383 0.725060 0.419783 0.720883 0.370739 0.720100 0.333270 0.717487 0.296487 0.712003 0.256974 0.713570 0.207930 0.718793 0.173191 0.726367 0.174548 0.729760 0.204522 0.730807 0.252887 0.740207 0.270600 0.740730 0.229730 0.741513 0.210652
4 0.789037 0.164330 0.801310 0.205209 0.810190 0.248800 0.810710 0.284226 0.804443 0.304661 0.792953 0.295809 0.787210 0.328504 0.765537 0.318965 0.757440 0.286948 0.756137 0.240626 0.761357 0.192948 0.766580 0.170461 0.773893 0.191583 0.784077 0.154800
4 0.776243 0.436817 0.765013 0.452487 0.763447 0.466791 0.763447 0.494722 0.766320 0.523330 0.777287 0.569652 0.781727 0.600304 0.791387 0.643217 0.801310 0.661617 0.821940 0.658209 0.816457 0.634365 0.810710 0.611209 0.801310 0.571696 0.806273 0.569652 0.814890 0.596896 0.819067 0.617339 0.822463 0.639130 0.827947 0.643904 0.831340 0.636409 0.834737 0.616652 0.834737 0.601670 0.830817 0.559435 0.824030 0.526052 0.818547 0.482452 0.818807 0.454530 0.812540 0.435452 0.809927 0.419783 0.798177 0.423191 0.789037 0.419783 0.783813 0.428643 0.780433 0.436174
3 0.727400 0.462000 0.718270 0.465426 0.710177 0.474965 0.704170 0.500165 0.707043 0.524009 0.713833 0.556026 0.718793 0.592130 0.728717 0.647991 0.738900 0.684774 0.751173 0.718157 0.760313 0.702487 0.755873 0.658209 0.745430 0.618017 0.744907 0.596896 0.750130 0.596217 0.756137 0.618696 0.761097 0.639130 0.766320 0.671148 0.768930 0.690904 0.772327 0.696357 0.776243 0.690226 0.779897 0.667061 0.779637 0.630278 0.773893 0.584635 0.768147 0.540357 0.764230 0.500165 0.763700 0.470870 0.754307 0.445670 0.745167 0.438174 0.739423 0.446357
0 0.527387 0.501530 0.544620 0.488591 0.553760 0.504939 0.553500 0.548530 0.552453 0.611209 0.550627 0.679322 0.550887 0.748809 0.549060 0.766522 0.538353 0.737913 0.532870 0.686139 0.529213 0.607800 0.527387 0.557391 0.524253 0.526052
0 0.498400 0.496765 0.516940 0.490635 0.521380 0.506296 0.524267 0.583304 0.527400 0.685478 0.527910 0.738591 0.521120 0.751530 0.502057 0.589409 0.499447 0.520600
2 0.312477 0.183409 0.323707 0.256296 0.335197 0.314200 0.342507 0.406165 0.342767 0.445670 0.332847 0.463383 0.318483 0.473600 0.311693 0.467470 0.306733 0.425235 0.308820 0.357113 0.306210 0.304661 0.305950 0.234496
2 0.345380 0.194304 0.356347 0.237904 0.361307 0.309426 0.369663 0.363243 0.375670 0.391174 0.377497 0.406165 0.375930 0.442270 0.369663 0.457252 0.358697 0.470878 0.351647 0.470878 0.342247 0.451800 0.338850 0.408887 0.337807 0.370061 0.335457 0.312157 0.339633 0.255617 0.338850 0.213383
2 0.610947 0.182722 0.612513 0.231096 0.603637 0.304661 0.600503 0.332591 0.594757 0.387765 0.596323 0.427957 0.604680 0.446357 0.615647 0.450443 0.630533 0.465426 0.633403 0.446357 0.636017 0.427278 0.634450 0.361887 0.631577 0.286948 0.630793 0.229043 0.625310 0.199078 0.614343 0.148670
2 0.655077 0.188174 0.662650 0.227687 0.667873 0.291035 0.668917 0.321696 0.670223 0.357800 0.671530 0.395939 0.672837 0.437496 0.668917 0.457930 0.656907 0.460661 0.645677 0.447035 0.637843 0.444313 0.634710 0.434087 0.633927 0.391852 0.636277 0.342809 0.642283 0.256296 0.643327 0.205887 0.647507 0.175913
2 0.626617 0.499487 0.607813 0.541043 0.622437 0.620739 0.635493 0.682730 0.645157 0.730417 0.652467 0.759704 0.660300 0.765157 0.661083 0.730417 0.657430 0.661617 0.656907 0.602348 0.650377 0.566922 0.647507 0.519243 0.638367 0.501530
2 0.599720 0.498809 0.588490 0.529461 0.585617 0.558070 0.588750 0.608478 0.591623 0.677965 0.599197 0.733139 0.604680 0.759026 0.610687 0.759026 0.618780 0.671835 0.621913 0.586678 0.622700 0.522643 0.611470 0.500852
2 0.380630 0.521287 0.392643 0.502209 0.401260 0.511070 0.406483 0.531504 0.411443 0.536957 0.414580 0.568974 0.410923 0.592130 0.410140 0.613252 0.408833 0.660930 0.402827 0.714748 0.397607 0.744722 0.391337 0.771287 0.386900 0.766522 0.380110 0.717470 0.377760 0.644583 0.378543 0.581235 0.376713 0.547852
