0 0.478882 0.551000 0.488804 0.542808 0.501600 0.550416 0.500557 0.563864 0.501339 0.583168 0.503168 0.607152 0.506561 0.667984 0.506039 0.693136 0.504471 0.712440 0.493507 0.713024 0.485671 0.700744 0.481493 0.645168 0.480711 0.582584
2 0.363482 0.240848 0.377018 0.279592 0.379275 0.323392 0.380779 0.369720 0.382661 0.404256 0.380029 0.445528 0.380029 0.468272 0.376268 0.475848 0.364986 0.491008 0.360475 0.491008 0.352200 0.477536 0.345432 0.457320 0.345057 0.416888 0.344304 0.373928 0.343929 0.312440 0.340546 0.270328 0.346561 0.248432 0.354457 0.266960 0.359346 0.260224
2 0.399957 0.245064 0.411989 0.298968 0.420639 0.368880 0.423646 0.410992 0.424021 0.450584 0.422143 0.473320 0.415375 0.481744 0.407100 0.474168 0.405596 0.482584 0.402589 0.499432 0.395068 0.501960 0.386796 0.495224 0.381157 0.481744 0.379275 0.446368 0.381907 0.388248 0.380779 0.347824 0.375893 0.298128 0.379275 0.256008 0.392436 0.296440
2 0.618804 0.244216 0.603764 0.294752 0.598500 0.335184 0.594361 0.382352 0.592857 0.405096 0.586964 0.435920 0.591250 0.473840 0.607146 0.487640 0.612786 0.491008 0.618429 0.492696 0.626325 0.476688 0.627829 0.448056 0.622564 0.406784 0.622564 0.367192 0.625196 0.314968 0.621061 0.247584
2 0.405764 0.524680 0.404461 0.559184 0.401064 0.580248 0.395582 0.604224 0.391404 0.628792 0.385396 0.666232 0.381482 0.701328 0.378346 0.736424 0.364768 0.761576 0.357979 0.763328 0.361114 0.710096 0.365293 0.656288 0.366075 0.605984 0.362943 0.569128 0.366596 0.535792 0.373125 0.522336 0.383571 0.519416 0.388011 0.532280 0.397932 0.527600
2 0.396889 0.535792 0.417779 0.534624 0.427700 0.552168 0.429007 0.563864 0.424829 0.590776 0.422739 0.620608 0.420129 0.652192 0.416471 0.691384 0.403418 0.721800 0.387225 0.726480 0.383311 0.691384 0.394800 0.599544
2 0.591950 0.530528 0.600568 0.536376 0.606054 0.536960 0.608664 0.553336 0.612318 0.583168 0.611796 0.603056 0.611275 0.641664 0.611796 0.670912 0.612843 0.705416 0.615193 0.722384 0.614668 0.740512 0.608664 0.735248 0.599525 0.712440 0.588818 0.680264 0.581507 0.648680 0.577589 0.606568 0.578111 0.565624 0.577329 0.548072 0.586468 0.536960
2 0.613625 0.517656 0.630861 0.508880 0.642871 0.517656 0.641043 0.538128 0.639739 0.565624 0.641043 0.606568 0.643132 0.641080 0.643914 0.678512 0.647832 0.711856 0.653839 0.743440 0.656711 0.762744 0.648093 0.755720 0.633211 0.729400 0.622243 0.684360 0.612843 0.648096 0.606836 0.614168 0.603179 0.576736 0.597964 0.539920 0.599264 0.517072 0.606836 0.517072
2 0.654264 0.232848 0.643736 0.276648 0.638471 0.312864 0.629446 0.353296 0.624182 0.385304 0.622679 0.413944 0.621171 0.437528 0.621171 0.454368 0.629068 0.471216 0.633582 0.479640 0.645614 0.483008 0.654264 0.482168 0.657271 0.472904 0.659529 0.449320 0.660279 0.420680 0.659904 0.389512 0.662911 0.354976 0.664793 0.307808 0.662536 0.249696 0.662536 0.223584
5 0.310714 0.534624 0.316721 0.530528 0.319854 0.526432 0.327168 0.539888 0.329257 0.541640 0.329779 0.550416 0.326121 0.555680 0.318811 0.563280 0.312282 0.570304 0.308625 0.576152 0.306536 0.566208 0.307061 0.553336 0.310454 0.542808 0.309671 0.541640
5 0.277814 0.499528 0.274157 0.506544 0.271286 0.504200 0.263450 0.503616 0.257182 0.496600 0.256921 0.512392 0.259536 0.528184 0.261886 0.548072 0.268936 0.553336 0.282254 0.554504 0.293482 0.560360 0.297657 0.562696 0.300011 0.566208 0.302361 0.566792 0.306275 0.551000 0.309932 0.535208 0.308886 0.522336 0.305232 0.518240 0.293482 0.515320 0.286693 0.512392
3 0.313064 0.517656 0.316200 0.517656 0.314111 0.534624 0.308625 0.545736 0.303404 0.565624 0.298704 0.579656 0.289304 0.601888 0.275725 0.631720 0.260057 0.665648 0.251700 0.689624 0.242821 0.710096 0.233161 0.718872 0.231593 0.716536 0.235250 0.694304 0.246739 0.665056 0.255879 0.634640 0.259796 0.615344 0.259536 0.608904 0.249089 0.626456 0.245171 0.636400 0.238904 0.653360 0.230550 0.677928 0.220104 0.698400 0.219061 0.672664 0.225064 0.639320 0.237600 0.595456 0.248829 0.557432 0.250132 0.528768 0.250132 0.506544 0.259271 0.496016 0.270764 0.493088 0.278336 0.496016 0.284343 0.507712 0.296614 0.516488 0.306275 0.513560
3 0.371296 0.523504 0.369732 0.497768 0.360329 0.497184 0.348579 0.515904 0.344139 0.522336 0.338396 0.505376 0.327429 0.503616 0.318550 0.514736 0.312282 0.514144 0.306536 0.534624 0.303925 0.555680 0.304186 0.580832 0.303925 0.607736 0.296093 0.644000 0.290607 0.673832 0.287736 0.694888 0.283296 0.718288 0.280164 0.744024 0.287996 0.760984 0.307061 0.741104 0.317504 0.696064 0.320900 0.658624 0.326643 0.641664 0.333693 0.647512 0.334218 0.665056 0.331607 0.686704 0.323771 0.717120 0.320379 0.755136 0.326643 0.756896 0.350668 0.734664 0.358239 0.715360 0.361896 0.670912 0.362157 0.624696 0.364507 0.588432 0.365554 0.563864 0.367118 0.548072
0 0.458775 0.548656 0.474964 0.567376 0.477839 0.590776 0.479664 0.603640 0.477575 0.654528 0.476793 0.689040 0.473139 0.706592 0.460864 0.711856 0.451464 0.692552 0.452246 0.641664 0.459036 0.573808
1 0.551739 0.538712 0.546514 0.557432 0.545993 0.573808 0.547821 0.598376 0.555393 0.635816 0.562704 0.668568 0.567143 0.691384 0.573932 0.717120 0.584379 0.731160 0.595868 0.744024 0.600568 0.749288 0.603704 0.748120 0.602918 0.734664 0.596914 0.710096 0.587771 0.673248 0.582029 0.641080 0.575239 0.614168 0.574457 0.581416 0.574457 0.556264 0.572629 0.539888 0.572629 0.528184 0.567404 0.524680
0 0.521968 0.562112 0.535286 0.550416 0.541293 0.549240 0.545211 0.559776 0.544686 0.573224 0.544946 0.594280 0.546775 0.621776 0.548343 0.652776 0.550171 0.681440 0.552000 0.706008 0.548604 0.718288 0.541554 0.711856 0.536593 0.700152 0.533196 0.675000 0.531632 0.637568 0.524057 0.605400
0 0.502907 0.554504 0.515429 0.553360 0.520929 0.565600 0.522754 0.584928 0.525104 0.620016 0.528496 0.650440 0.531368 0.676760 0.532154 0.705416 0.532675 0.727648 0.531368 0.730568 0.519618 0.714192 0.513089 0.693720 0.509175 0.663304 0.504996 0.634640 0.500821 0.573840
5 0.785971 0.460336 0.789364 0.480808 0.783107 0.498320 0.776046 0.503616 0.772393 0.517072 0.762468 0.521752 0.757246 0.512976 0.750979 0.498936 0.749671 0.489584 0.758289 0.485488 0.761164 0.476712 0.767954 0.466768 0.776307 0.467936 0.778396 0.470864 0.781007 0.464432
4 0.786357 0.448128 0.799632 0.458856 0.801371 0.476400 0.804200 0.503696 0.813557 0.533920 0.819218 0.554392 0.824439 0.573400 0.829661 0.592896 0.830096 0.605088 0.822046 0.605576 0.815082 0.590464 0.805943 0.569504 0.797457 0.557800 0.793104 0.569016 0.798107 0.585104 0.809643 0.603624 0.816821 0.616784 0.815300 0.640184 0.794629 0.613368 0.783529 0.597288 0.774171 0.579736 0.761986 0.556344 0.757850 0.548544 0.749800 0.536360 0.742836 0.521736 0.741964 0.489560 0.747407 0.471040 0.759811 0.475912 0.769189 0.455928 0.775914 0.446176
4 0.769386 0.224880 0.767425 0.245352 0.768296 0.272648 0.771125 0.285808 0.774607 0.268752 0.776346 0.248280 0.777218 0.233168 0.782221 0.227320 0.787229 0.238528 0.786575 0.256080 0.785054 0.277528 0.785704 0.296048 0.787229 0.320904 0.791364 0.342840 0.797239 0.371600 0.799850 0.389640 0.800286 0.406208 0.793975 0.425216 0.790275 0.433016 0.776782 0.445208 0.763725 0.434480 0.755457 0.423272 0.754804 0.388176 0.755893 0.356488 0.755675 0.316032 0.758286 0.279472 0.758286 0.248768 0.763075 0.222928 0.766989 0.216104
3 0.731086 0.248280 0.724993 0.270216 0.719986 0.288736 0.715854 0.306768 0.710196 0.333096 0.710629 0.356488 0.710196 0.378912 0.708671 0.409624 0.708018 0.434480 0.707368 0.453488 0.711500 0.472016 0.715854 0.483712 0.721946 0.485176 0.731304 0.476400 0.738700 0.466656 0.746100 0.467624 0.753064 0.457880 0.757632 0.435944 0.758504 0.409624 0.751539 0.387688 0.747189 0.359904 0.747625 0.333096 0.749582 0.308720 0.753936 0.277528 0.753718 0.254128 0.753282 0.247792 0.748493 0.259000 0.744796 0.279472 0.739571 0.293120 0.733261 0.312136 0.730432 0.307256 0.732389 0.287760 0.737832 0.265336 0.737614 0.245840 0.737396 0.240968
3 0.681336 0.242112 0.674193 0.289280 0.665543 0.333080 0.658775 0.370984 0.654264 0.414784 0.652761 0.435000 0.652007 0.463640 0.661782 0.474584 0.666296 0.481328 0.665543 0.499016 0.681336 0.496488 0.685850 0.491432 0.691489 0.499856 0.699386 0.490592 0.704650 0.472056 0.707282 0.449320 0.706532 0.409728 0.703929 0.368800 0.723893 0.265360 0.693000 0.318720 0.689714 0.256400
1 0.578568 0.259376 0.574057 0.301496 0.572554 0.352032 0.571050 0.390776 0.566911 0.432896 0.566161 0.494376 0.580071 0.509544 0.592107 0.503648 0.598121 0.480904 0.597371 0.451424 0.591354 0.410152 0.595489 0.375616 0.597746 0.313288 0.590225 0.272016 0.587218 0.233264
0 0.546982 0.255168 0.546607 0.304864 0.542471 0.334344 0.540589 0.373928 0.540968 0.415200 0.539461 0.452264 0.537207 0.496904 0.538711 0.522176 0.547736 0.521336 0.564657 0.513752 0.566911 0.497752 0.559393 0.431208 0.558639 0.362984 0.554504 0.320024
0 0.530814 0.273696 0.541343 0.325080 0.540968 0.379824 0.539086 0.426152 0.539461 0.464056 0.539461 0.494376 0.536079 0.529760 0.525925 0.526384 0.509004 0.526384 0.502611 0.525544 0.498850 0.509544 0.501861 0.464056 0.507125 0.428680 0.511636 0.393304 0.514268 0.343608 0.519911 0.284648 0.521414 0.259376
5 0.389804 0.432896 0.383036 0.435416 0.381532 0.453104 0.380029 0.471640 0.383036 0.480064 0.392811 0.484272 0.398829 0.481744 0.405975 0.478376 0.407479 0.464896 0.402964 0.449736 0.400332 0.441312 0.397700 0.430368
1 0.426654 0.244216 0.437182 0.306544 0.437936 0.373088 0.439814 0.414360 0.439064 0.465744 0.433800 0.511224 0.430039 0.514592 0.422518 0.512072 0.415375 0.502800 0.409732 0.480904 0.408229 0.453952 0.410111 0.413520 0.414246 0.346136 0.419886 0.279592
0 0.463129 0.265272 0.473282 0.327608 0.474411 0.368032 0.474411 0.414360 0.469896 0.459000 0.467643 0.494376 0.463129 0.512912 0.454104 0.516280 0.444704 0.505328 0.437936 0.483432 0.442071 0.421104 0.446207 0.354560 0.452225 0.293072 0.455986 0.268648
0 0.490954 0.258536 0.502989 0.329288 0.504868 0.424472 0.502236 0.487640 0.498475 0.523864 0.476289 0.524704 0.466514 0.510384 0.463882 0.465744 0.471779 0.390776 0.481554 0.261904
5 0.356339 0.363824 0.353329 0.388248 0.353329 0.412680 0.349193 0.424472 0.346561 0.438792 0.345811 0.459000 0.348443 0.469952 0.357843 0.472480 0.367993 0.469952 0.374764 0.465744 0.378900 0.454792 0.377018 0.430368 0.374386 0.432048 0.371754 0.397512 0.370629 0.371408 0.364611 0.356240
5 0.346936 0.430368 0.346186 0.446368 0.343554 0.461528 0.340921 0.466584 0.331521 0.469952 0.325129 0.463216 0.317982 0.463216 0.317232 0.459000 0.323625 0.435416 0.331896 0.430368 0.339418 0.428680 0.344304 0.428680
3 0.314221 0.276224 0.308957 0.315816 0.304821 0.365512 0.294293 0.407624 0.297300 0.465744 0.300686 0.493536 0.309711 0.496064 0.315350 0.484272 0.325504 0.493536 0.333025 0.491008 0.340168 0.477536 0.344682 0.457320 0.346186 0.428680 0.347314 0.394992 0.342800 0.368032 0.339793 0.334344 0.336786 0.311600 0.333775 0.282120 0.324375 0.263592
3 0.250300 0.264432 0.247289 0.295600 0.249921 0.341080 0.250675 0.368032 0.246914 0.404256 0.243907 0.429520 0.245036 0.462376 0.252179 0.470792 0.261204 0.470792 0.270604 0.476688 0.276996 0.476688 0.284893 0.474168 0.292036 0.459848 0.293918 0.440472 0.292429 0.407600 0.286771 0.314128 0.279629 0.260224 0.272861 0.245904 0.264211 0.252640 0.268346 0.281280 0.268725 0.301496 0.262707 0.295600 0.258946 0.274544 0.256314 0.262752
4 0.243907 0.274536 0.248793 0.321712 0.245411 0.378984 0.247289 0.409304 0.238643 0.451424 0.227736 0.457320 0.213071 0.438800 0.203286 0.422800 0.198786 0.389920 0.208571 0.351200 0.210064 0.321712 0.222471 0.277064 0.225857 0.277912 0.227361 0.300648 0.227736 0.311600 0.230746 0.313288 0.233379 0.305704 0.234882 0.280440 0.243154 0.272856
1 0.446239 0.543976 0.452246 0.570304 0.457471 0.597792 0.457732 0.624696 0.451204 0.675000 0.442325 0.701912 0.428486 0.737008 0.418039 0.743440 0.410989 0.701912 0.423000 0.633472 0.430836 0.588432 0.435536 0.539296
