1 0.551627 0.471391 0.535959 0.469409 0.532824 0.508261 0.536481 0.556487 0.540919 0.599365 0.543532 0.639557 0.557631 0.687783 0.566251 0.713235 0.574868 0.717922 0.574607 0.697826 0.573824 0.648930 0.573563 0.563191 0.574346 0.514957 0.574085 0.490843 0.562332 0.480800 0.556064 0.475435
3 0.314739 0.194852 0.311112 0.204157 0.309298 0.240209 0.309149 0.265791 0.307939 0.294096 0.302047 0.280139 0.298569 0.245252 0.294942 0.216174 0.286936 0.196409 0.284820 0.194470 0.286180 0.227809 0.288749 0.260365 0.288749 0.286339 0.291014 0.322783 0.293434 0.355730 0.293434 0.388678 0.292224 0.419687 0.293434 0.432096 0.304312 0.440626 0.312020 0.435200 0.318217 0.435583 0.328190 0.440626 0.334234 0.438687 0.339522 0.423183 0.342092 0.398757 0.339824 0.361548 0.333932 0.311148 0.332420 0.276261 0.328037 0.226252 0.327132 0.202609 0.321390 0.187878 0.317461 0.182061
0 0.496610 0.489261 0.463580 0.504539 0.460329 0.518426 0.465746 0.557322 0.470617 0.611496 0.467369 0.678165 0.475492 0.717061 0.485237 0.683722 0.491193 0.614270 0.497153 0.517043
0 0.541963 0.161278 0.539875 0.202139 0.534132 0.258409 0.535437 0.302617 0.528125 0.342139 0.526298 0.363574 0.524729 0.389696 0.539875 0.401087 0.563637 0.405104 0.567556 0.379652 0.565990 0.332757 0.563898 0.275826 0.567295 0.235635 0.559200 0.182043 0.555542 0.153913 0.549275 0.146539
0 0.501451 0.143165 0.493180 0.241417 0.484695 0.298348 0.477512 0.348591 0.474685 0.387670 0.475990 0.401617 0.487742 0.413339 0.522776 0.399948 0.522993 0.348591 0.525169 0.291096 0.513505 0.189391 0.506715 0.153217
0 0.441607 0.174426 0.442695 0.262626 0.441173 0.317887 0.440085 0.382643 0.442261 0.423948 0.474468 0.426183 0.475773 0.389896 0.473814 0.358635 0.464892 0.254252 0.458146 0.204574 0.451183 0.168843 0.449224 0.161591
2 0.358264 0.171078 0.362183 0.209035 0.365227 0.252017 0.363922 0.312870 0.365881 0.353061 0.368058 0.401617 0.357610 0.430652 0.349997 0.432878 0.337373 0.404974 0.336722 0.342452 0.338898 0.284400 0.339769 0.235278 0.343031 0.190061 0.349997 0.166617
2 0.364139 0.167174 0.362183 0.188383 0.364576 0.226339 0.365881 0.268209 0.366532 0.299470 0.366532 0.334635 0.361963 0.365339 0.361529 0.393243 0.363488 0.417252 0.370668 0.421713 0.378502 0.412783 0.385031 0.412226 0.389166 0.407765 0.391342 0.391017 0.393953 0.367009 0.391342 0.327939 0.387641 0.282722 0.385247 0.244209 0.381332 0.208478 0.372410 0.178339 0.368058 0.161591
2 0.646678 0.202139 0.647461 0.218217 0.641976 0.265104 0.642759 0.318696 0.643281 0.363574 0.644586 0.389026 0.640410 0.417835 0.631271 0.432565 0.619258 0.419174 0.609075 0.405104 0.608814 0.371609 0.615603 0.311322 0.621349 0.259078 0.635969 0.201470 0.641454 0.184722
2 0.673051 0.191417 0.654773 0.252374 0.651898 0.289217 0.652685 0.330078 0.645634 0.382330 0.644325 0.408452 0.651376 0.425200 0.660780 0.435243 0.672268 0.424530 0.679841 0.388357 0.675139 0.361565 0.673834 0.311322 0.673573 0.269122 0.673312 0.222904
2 0.643017 0.472783 0.632054 0.476104 0.623176 0.491513 0.623176 0.518983 0.630488 0.570557 0.635186 0.628835 0.647983 0.685774 0.654512 0.699843 0.662607 0.690461 0.659732 0.619461 0.655295 0.563191 0.655295 0.527017 0.658169 0.495565
2 0.615603 0.483478 0.597847 0.480800 0.586878 0.496878 0.591058 0.525009 0.592885 0.574574 0.593668 0.621470 0.603068 0.674383 0.611163 0.709887 0.622132 0.719261 0.620824 0.699843 0.618475 0.650939 0.618997 0.600704 0.623437 0.555817 0.626831 0.513617 0.622393 0.494861
2 0.398732 0.511504 0.389708 0.490287 0.379556 0.493183 0.373539 0.501861 0.373915 0.533696 0.379932 0.582887 0.381810 0.637870 0.381810 0.696713 0.384068 0.717930 0.393844 0.684165 0.393844 0.617609 0.399861 0.534661
0 0.425722 0.173870 0.421807 0.191730 0.419414 0.248113 0.418325 0.301139 0.417017 0.358635 0.417458 0.396609 0.418102 0.416174 0.432905 0.423391 0.441390 0.417809 0.441607 0.392130 0.440956 0.346913 0.432905 0.269887 0.432251 0.211270
3 0.686892 0.208835 0.680885 0.255730 0.675922 0.283861 0.679580 0.318026 0.680624 0.354861 0.676708 0.398409 0.675400 0.432565 0.690807 0.446635 0.729193 0.421852 0.733895 0.412470 0.732590 0.374287 0.728671 0.337452 0.721620 0.310652 0.720837 0.257070 0.724495 0.222235 0.719532 0.204148 0.711437 0.214200 0.706736 0.259078 0.698119 0.241661 0.695508 0.219557 0.690546 0.204148
1 0.593146 0.153913 0.584529 0.194104 0.578522 0.245678 0.571210 0.309313 0.565464 0.366922 0.567034 0.403765 0.581393 0.415826 0.601241 0.418504 0.611163 0.392374 0.602807 0.320704 0.607769 0.248357 0.608031 0.171322 0.602546 0.140513
1 0.425431 0.495113 0.428437 0.548165 0.426559 0.590609 0.423925 0.682243 0.423173 0.714070 0.413020 0.712139 0.402119 0.575174 0.402119 0.517296 0.408508 0.492217 0.418661 0.493183
3 0.755044 0.182713 0.750085 0.214200 0.753739 0.243000 0.755569 0.255061 0.761051 0.216209 0.768624 0.192757 0.773064 0.196783 0.774892 0.216209 0.772803 0.245678 0.775414 0.270461 0.779071 0.295922 0.783508 0.323383 0.785597 0.359557 0.784814 0.381661 0.776458 0.401087 0.763664 0.389026 0.757919 0.402426 0.741207 0.404435 0.733895 0.371609 0.732329 0.329409 0.737027 0.289887 0.733895 0.238983 0.739115 0.187400 0.749041 0.176017
3 0.771254 0.429217 0.779332 0.449983 0.781159 0.486826 0.791603 0.523670 0.807793 0.571896 0.811451 0.613426 0.803617 0.620130 0.785597 0.578600 0.772542 0.555148 0.768363 0.556487 0.777241 0.612087 0.784553 0.656296 0.784553 0.686443 0.774369 0.665678 0.759485 0.614096 0.746688 0.574574 0.735200 0.542426 0.726061 0.514957 0.721098 0.482809 0.721881 0.458696 0.735200 0.450652 0.746949 0.444626 0.762617 0.427209
1 0.390471 0.163826 0.393081 0.220200 0.391122 0.272678 0.388729 0.326817 0.388512 0.375383 0.389383 0.401061 0.393081 0.427861 0.407227 0.426739 0.416149 0.417252 0.417454 0.390461 0.417017 0.348591 0.413756 0.296678 0.410271 0.248113 0.407227 0.202339 0.403308 0.177783 0.395912 0.161035
3 0.274997 0.181678 0.279681 0.190209 0.285424 0.215017 0.286329 0.232843 0.287692 0.285174 0.288597 0.333635 0.290712 0.382861 0.287539 0.421243 0.274241 0.430157 0.265780 0.416974 0.262000 0.414652 0.256105 0.418139 0.251725 0.408452 0.247190 0.387904 0.244925 0.364261 0.249305 0.337122 0.251573 0.309991 0.251119 0.287113 0.248854 0.258426 0.244925 0.217730 0.245831 0.193304 0.253234 0.196791 0.257769 0.215791 0.262153 0.240600 0.267742 0.249130 0.269403 0.240600 0.270010 0.218504 0.272427 0.196409
