0 0.520786 0.535661 0.497546 0.531643 0.496763 0.566470 0.500681 0.633461 0.504858 0.717191 0.507990 0.782165 0.510081 0.821687 0.528359 0.777478 0.522092 0.679009 0.524966 0.603313 0.524444 0.561113
0 0.548207 0.518243 0.553166 0.523600 0.552122 0.563122 0.552383 0.643504 0.552383 0.692400 0.552905 0.744652 0.553949 0.800922 0.549773 0.817000 0.537759 0.780826 0.529142 0.704461 0.530186 0.632791 0.525749 0.584557 0.520525 0.545704 0.523922 0.524270 0.535671 0.524939
1 0.557868 0.522930 0.553688 0.593270 0.557607 0.643504 0.560739 0.697096 0.561000 0.745322 0.563614 0.798913 0.571186 0.823696 0.580586 0.837096 0.587637 0.814991 0.591814 0.756043 0.595210 0.691061 0.589725 0.637478 0.586851 0.593939 0.579803 0.541687 0.567790 0.524270
5 0.613369 0.533600 0.604342 0.518165 0.593437 0.522983 0.590431 0.538417 0.596071 0.556748 0.604719 0.576035 0.608105 0.586652 0.612993 0.581826 0.614495 0.588583 0.620136 0.587617
5 0.621641 0.525878 0.616753 0.536487 0.616376 0.551922 0.621641 0.574113 0.624275 0.588583 0.634803 0.597261 0.638563 0.601122 0.645705 0.599191 0.649468 0.591470 0.653227 0.577965 0.646834 0.556748 0.639692 0.528774 0.635553 0.521061 0.626529 0.517200
5 0.698349 0.501765 0.705495 0.523948 0.709631 0.545174 0.710007 0.561574 0.702861 0.564461 0.695719 0.563496 0.696095 0.577000 0.699854 0.578930 0.694590 0.588583 0.688573 0.586652 0.685566 0.589539 0.681431 0.602087 0.680302 0.605939 0.677292 0.605939 0.674285 0.601122 0.668644 0.582791 0.662627 0.581826 0.656986 0.582791 0.649844 0.578930 0.648339 0.539383 0.649092 0.514304 0.664885 0.503696 0.681803 0.502730 0.689325 0.499835
1 0.590559 0.190687 0.574892 0.238913 0.570976 0.289157 0.570715 0.356139 0.572542 0.412409 0.572281 0.461974 0.579593 0.487426 0.593434 0.488765 0.604139 0.479391 0.609363 0.443217 0.607797 0.411070 0.594478 0.366183 0.596044 0.258339 0.592390 0.195374
3 0.682739 0.208774 0.689529 0.244939 0.689529 0.289157 0.690312 0.301878 0.701278 0.275757 0.700495 0.235565 0.710420 0.218148 0.718515 0.225513 0.719559 0.260348 0.713814 0.294513 0.713031 0.325991 0.714075 0.360826 0.717207 0.388957 0.719820 0.448574 0.717990 0.454609 0.711725 0.468670 0.701017 0.465991 0.692922 0.453270 0.679868 0.466661 0.671512 0.460635 0.666549 0.450591 0.662631 0.431835 0.661325 0.400348 0.662631 0.359487 0.668376 0.317287 0.669681 0.268391 0.670990 0.216139 0.674905 0.196713
5 0.365675 0.409722 0.372725 0.429148 0.378732 0.443217 0.383434 0.431165 0.391529 0.431165 0.393617 0.449243 0.387349 0.460635 0.376905 0.465322 0.371420 0.466661 0.364892 0.465322 0.362542 0.457957 0.361759 0.445896 0.362542 0.425130
5 0.337214 0.433174 0.345047 0.428478 0.345831 0.442548 0.346614 0.459296 0.345047 0.470009 0.340607 0.468000 0.338258 0.463983 0.336169 0.437191
5 0.295695 0.396330 0.304834 0.425800 0.315278 0.418435 0.327553 0.425130 0.333817 0.432504 0.335647 0.454609 0.335386 0.474035 0.333817 0.483409 0.318675 0.480061 0.311102 0.481400 0.298305 0.478052 0.284725 0.461974 0.283942 0.437861 0.287339 0.417765 0.287078 0.401687
5 0.247647 0.352122 0.248953 0.365513 0.258092 0.360157 0.262790 0.340061 0.271410 0.358148 0.273237 0.377574 0.280288 0.390304 0.284464 0.397670 0.286031 0.423122 0.281854 0.443887 0.272715 0.463313 0.259397 0.455948 0.246339 0.435852 0.237722 0.423791 0.237722 0.400348 0.238505 0.373557 0.241119 0.368861
2 0.654536 0.187339 0.657932 0.281113 0.660281 0.340730 0.661325 0.402357 0.665505 0.450591 0.660281 0.465322 0.649576 0.474035 0.637041 0.456617 0.629990 0.419104 0.631559 0.340730 0.640176 0.233557
3 0.707390 0.510435 0.710383 0.559643 0.714895 0.608835 0.736329 0.695652 0.742722 0.727478 0.721664 0.705296 0.706624 0.658026 0.694966 0.625235 0.692332 0.640670 0.698349 0.678287 0.705119 0.702400 0.713014 0.735200 0.714142 0.740983 0.695342 0.720730 0.676166 0.672496 0.661875 0.619443 0.650593 0.570252 0.645705 0.522983 0.651729 0.505652 0.661498 0.506591 0.670915 0.504696 0.682180 0.491157 0.701736 0.496939
5 0.662753 0.394678 0.664203 0.442591 0.675990 0.450035 0.693759 0.447243 0.707180 0.443991 0.710624 0.427243 0.707363 0.420730 0.693397 0.416078 0.687597 0.410965 0.683424 0.423522 0.679617 0.416548 0.668010 0.393748
5 0.643946 0.355887 0.643766 0.378678 0.634698 0.387052 0.628895 0.396357 0.629441 0.413104 0.634881 0.444270 0.645217 0.454504 0.658454 0.451713 0.662624 0.441939 0.660810 0.398678 0.659542 0.392165 0.652108 0.388443 0.649569 0.354957
5 0.221793 0.451930 0.207956 0.482070 0.210566 0.492122 0.207956 0.498148 0.216051 0.525609 0.211871 0.547043 0.212654 0.552409 0.212132 0.568478 0.221532 0.579870 0.231193 0.561783 0.238505 0.553078 0.240597 0.541017 0.243468 0.547043 0.247908 0.546374 0.253390 0.539678 0.260180 0.520252 0.263576 0.511548 0.257308 0.491452 0.251041 0.478722 0.235112 0.457957 0.228322 0.455278
4 0.233546 0.445896 0.242946 0.461304 0.252085 0.474704 0.258614 0.482739 0.262790 0.497478 0.264098 0.508861 0.260702 0.524270 0.248692 0.551739 0.245295 0.556426 0.233807 0.582548 0.224407 0.613365 0.211871 0.636139 0.206386 0.642835 0.190197 0.651539 0.187064 0.645513 0.197508 0.624748 0.207956 0.607330 0.216312 0.583887 0.206373 0.594609 0.196983 0.618696 0.188373 0.634087 0.182624 0.644174 0.182102 0.630774 0.192549 0.594609 0.201166 0.557765 0.205864 0.515565 0.207169 0.474035 0.217617 0.447235 0.226495 0.439870
5 0.312668 0.543696 0.311885 0.559774 0.311885 0.577191 0.308749 0.597287 0.303790 0.597287 0.297000 0.608000 0.288383 0.609339 0.284464 0.610009 0.275586 0.611348 0.271671 0.620730 0.268797 0.625417 0.265664 0.624748 0.259919 0.610009 0.258875 0.595278 0.259397 0.567809 0.256786 0.557765 0.252346 0.554417 0.254695 0.534991 0.260963 0.522261 0.264620 0.516235 0.273759 0.517574 0.286292 0.518913 0.301437 0.528287 0.307966 0.534322
3 0.264098 0.511548 0.258353 0.526278 0.252607 0.547713 0.248169 0.567809 0.241119 0.600635 0.232502 0.630774 0.224929 0.662261 0.219183 0.684365 0.211871 0.703791 0.214742 0.710487 0.224668 0.709148 0.238505 0.685035 0.251302 0.658913 0.257308 0.640157 0.255742 0.658913 0.246600 0.687713 0.236939 0.709148 0.231719 0.723217 0.230149 0.733939 0.247647 0.721878 0.265403 0.701783 0.270885 0.672974 0.285769 0.637478 0.295173 0.620061 0.310068 0.595913 0.311102 0.576522 0.318149 0.549052 0.318149 0.532313 0.309793 0.523600 0.299088 0.524939 0.286553 0.517574 0.277936 0.509530
5 0.368810 0.525609 0.368027 0.543696 0.368288 0.548383 0.372203 0.549722 0.376905 0.539678 0.376905 0.537000 0.373508 0.532313
5 0.348180 0.578530 0.346353 0.590583 0.346353 0.595948 0.353403 0.598626 0.355231 0.589243 0.353925 0.577861 0.350007 0.577191
3 0.249525 0.219722 0.246519 0.287243 0.242007 0.367304 0.235614 0.409748 0.240878 0.442539 0.268702 0.466652 0.284495 0.467617 0.285247 0.419391 0.286000 0.356696 0.281488 0.293026 0.273966 0.228400 0.266447 0.212000
3 0.278854 0.238043 0.286376 0.312322 0.286376 0.411670 0.285624 0.461835 0.288634 0.478226 0.299536 0.484983 0.313451 0.490765 0.322851 0.492696 0.334132 0.484983 0.339773 0.463765 0.334508 0.411670 0.331122 0.356696 0.325108 0.320035 0.320969 0.264096 0.316081 0.234191 0.312322 0.237087 0.311193 0.282417 0.311946 0.310391 0.306305 0.308461 0.297658 0.281452 0.290136 0.242870 0.282617 0.218757
1 0.385647 0.187887 0.390536 0.277591 0.387153 0.418426 0.384895 0.446400 0.388278 0.488843 0.406329 0.500417 0.421424 0.473130 0.419488 0.415530 0.419488 0.363443 0.417986 0.301713 0.411217 0.240939 0.404824 0.189817 0.393919 0.175348
0 0.441675 0.186922 0.426634 0.242870 0.425881 0.333539 0.424376 0.399130 0.422875 0.457009 0.425729 0.490261 0.446939 0.496557 0.455963 0.493661 0.451451 0.411670 0.448068 0.330652 0.447692 0.220687
0 0.462607 0.182643 0.454512 0.277765 0.451641 0.328678 0.453207 0.368861 0.458692 0.408383 0.454773 0.439870 0.452424 0.473365 0.454773 0.490783 0.469397 0.507522 0.494464 0.502165 0.495769 0.475374 0.494203 0.423122 0.491593 0.364174 0.488458 0.317287 0.474359 0.223504
0 0.517444 0.177957 0.528675 0.232887 0.531285 0.291835 0.529719 0.364843 0.531285 0.406374 0.535983 0.471357 0.534156 0.496809 0.518227 0.506183 0.501515 0.500157 0.497600 0.500826 0.494986 0.481400 0.495508 0.447235 0.497339 0.415087 0.498905 0.357478 0.499949 0.291165 0.505173 0.220157
0 0.533895 0.214800 0.537553 0.305226 0.537553 0.353461 0.536508 0.447904 0.536244 0.487426 0.542773 0.494130 0.552698 0.492791 0.566275 0.485417 0.569932 0.473365 0.567841 0.441209 0.567058 0.412409 0.562881 0.366852 0.556614 0.295183 0.551390 0.246948 0.544078 0.212791
5 0.345569 0.529626 0.355753 0.524939 0.362542 0.524939 0.365153 0.526948 0.362542 0.543026 0.360454 0.557765 0.353925 0.559774 0.350007 0.553748 0.346614 0.560443 0.342437 0.547043 0.344003 0.534322
1 0.436963 0.524939 0.441664 0.549722 0.442186 0.583217 0.441664 0.643504 0.439054 0.697096 0.438793 0.740635 0.438010 0.770104 0.427563 0.831730 0.421820 0.822357 0.415292 0.794217 0.412156 0.731922 0.409546 0.674322 0.410329 0.620730 0.411112 0.577191 0.411634 0.536330 0.411895 0.522930 0.419990 0.526278 0.429132 0.528287
0 0.496241 0.534322 0.474827 0.537670 0.470390 0.545035 0.470129 0.583887 0.471695 0.630104 0.476132 0.693070 0.479268 0.750009 0.481617 0.798913 0.484492 0.820348 0.488146 0.831730 0.496763 0.806948 0.498329 0.727904 0.497807 0.654226 0.495719 0.589913
0 0.468037 0.537670 0.444275 0.531643 0.437227 0.551061 0.437488 0.598626 0.438532 0.648861 0.442969 0.691061 0.449759 0.742643 0.461512 0.800252 0.468563 0.786852 0.473783 0.745322 0.468824 0.684365 0.464905 0.628096 0.467254 0.579200 0.469346 0.555757
2 0.372986 0.520252 0.379776 0.533652 0.381603 0.553748 0.378993 0.575852 0.371159 0.604652 0.368288 0.648191 0.364892 0.706470 0.359671 0.744652 0.346353 0.785513 0.340085 0.792878 0.336431 0.744652 0.343481 0.654896 0.343742 0.606661 0.341912 0.567139 0.343729 0.528957 0.365939 0.511548
2 0.392834 0.518243 0.398319 0.526948 0.399885 0.541017 0.406675 0.541017 0.412939 0.540348 0.411895 0.583217 0.405105 0.604652 0.403539 0.634800 0.402234 0.689052 0.400668 0.732591 0.393095 0.786183 0.388393 0.797574 0.376905 0.780157 0.376122 0.707809 0.374295 0.642165 0.374295 0.600635 0.378732 0.560443 0.378993 0.532313 0.389963 0.520252
2 0.611864 0.524913 0.603593 0.517200 0.594942 0.522983 0.588925 0.536487 0.585166 0.549991 0.583285 0.558678 0.584790 0.571217 0.589302 0.587617 0.593814 0.623304 0.594566 0.642600 0.596071 0.673461 0.598702 0.698539 0.605847 0.715904 0.612241 0.735200 0.621264 0.760278 0.628786 0.771852 0.631793 0.772817 0.632169 0.750626 0.623146 0.692757 0.622017 0.599191 0.621641 0.574113 0.613746 0.526843
2 0.641946 0.513339 0.649844 0.538417 0.653227 0.580861 0.656610 0.631983 0.660373 0.672496 0.665261 0.720730 0.666763 0.749661 0.662251 0.760278 0.647963 0.740983 0.637058 0.672496 0.622393 0.585687 0.613746 0.542278 0.616753 0.520096 0.628410 0.510443 0.632546 0.510443
2 0.606488 0.230209 0.600485 0.301878 0.598915 0.365513 0.598654 0.413748 0.594739 0.455948 0.607536 0.479391 0.617458 0.482739 0.635475 0.480061 0.633908 0.440539 0.630512 0.368861 0.627380 0.293843 0.621112 0.239583 0.619285 0.206757
2 0.359325 0.203322 0.354814 0.233226 0.358197 0.282417 0.361583 0.337400 0.360831 0.390452 0.357444 0.454113 0.361956 0.485948 0.378878 0.484983 0.392417 0.466652 0.396553 0.455078 0.389407 0.396243 0.384519 0.342226 0.380383 0.290139 0.374742 0.250591 0.367597 0.215861
2 0.329997 0.235157 0.333756 0.311357 0.333380 0.359583 0.334132 0.415530 0.335261 0.468583 0.340149 0.492696 0.352180 0.473409 0.358573 0.453148 0.361956 0.427104 0.355566 0.386591 0.351427 0.311357 0.349549 0.241904 0.339773 0.216826
