2 0.628641 0.199144 0.616366 0.242096 0.612973 0.270112 0.610621 0.298744 0.606181 0.413912 0.607228 0.448776 0.608272 0.473056 0.614279 0.474920 0.620285 0.484888 0.630990 0.497960 0.637779 0.490488 0.643003 0.471192 0.643785 0.455000 0.641695 0.420144 0.637779 0.371584 0.638564 0.293144 0.634124 0.244584 0.634124 0.202880 0.634124 0.186072
2 0.382654 0.252056 0.393886 0.319912 0.396758 0.408312 0.397802 0.463096 0.388399 0.506672 0.376389 0.501696 0.370383 0.495464 0.371950 0.430728 0.373517 0.376560 0.375604 0.318048 0.375084 0.278824 0.375346 0.243344
2 0.345315 0.259528 0.340352 0.323648 0.339832 0.392752 0.337218 0.441928 0.338527 0.484888 0.346097 0.502936 0.364899 0.492976 0.374299 0.477416 0.371688 0.440688 0.365423 0.393992 0.359678 0.324272 0.356805 0.288168 0.352886 0.265128
2 0.374822 0.524104 0.352886 0.524728 0.345836 0.535928 0.339570 0.568304 0.341138 0.613128 0.338785 0.682224 0.335654 0.718960 0.334087 0.753192 0.349232 0.727048 0.359936 0.679112 0.365943 0.621840 0.370906 0.586976 0.375866 0.565816 0.379523 0.537800
2 0.400413 0.537800 0.409554 0.553360 0.405376 0.576400 0.398064 0.613752 0.389708 0.666664 0.383178 0.719576 0.375866 0.750080 0.368815 0.745728 0.366205 0.697168 0.373517 0.650480 0.375604 0.602544 0.376651 0.556472 0.380305 0.536552 0.393101 0.534688
2 0.628899 0.536552 0.633339 0.577016 0.629423 0.622464 0.635430 0.681608 0.638822 0.750704 0.636735 0.768760 0.621329 0.717088 0.612450 0.639896 0.604094 0.583864 0.599916 0.530328 0.618718 0.524104
4 0.283426 0.501696 0.282906 0.562080 0.272460 0.606280 0.269326 0.647984 0.257574 0.688456 0.232245 0.730784 0.229372 0.716464 0.239819 0.669776 0.251570 0.634912 0.252876 0.618728 0.252876 0.618728 0.249742 0.618728 0.249218 0.618728 0.245564 0.624952 0.243215 0.633672 0.240081 0.649232 0.236946 0.669776 0.231983 0.689696 0.228329 0.703392 0.224933 0.716464 0.223366 0.716464 0.217101 0.708376 0.218144 0.694056 0.222846 0.653592 0.230419 0.606904 0.235379 0.574528 0.235641 0.538424 0.241906 0.494848 0.254963 0.496088 0.268282 0.497960
0 0.470396 0.535312 0.471963 0.572664 0.467000 0.619976 0.461255 0.681608 0.447416 0.740120 0.436450 0.769384 0.425742 0.764400 0.434359 0.696544 0.439584 0.599432 0.440628 0.555856 0.445067 0.540912 0.461517 0.535928
3 0.284993 0.571416 0.295960 0.582000 0.304839 0.580128 0.308235 0.600672 0.301446 0.637408 0.299879 0.680360 0.296745 0.730784 0.288128 0.739496 0.280554 0.694056 0.284473 0.633672 0.282383 0.606904
3 0.344272 0.508544 0.347664 0.531576 0.340091 0.558968 0.338003 0.589472 0.334346 0.649856 0.332258 0.685336 0.326252 0.726424 0.316329 0.761912 0.304839 0.786816 0.297268 0.760664 0.309802 0.705880 0.315285 0.654216 0.307973 0.616240 0.305624 0.567680 0.309017 0.530952 0.323117 0.524104 0.323117 0.508544 0.337218 0.500448
1 0.443238 0.547760 0.437493 0.527840 0.426789 0.532816 0.413732 0.542160 0.408768 0.557096 0.407987 0.590712 0.407725 0.616240 0.400674 0.643632 0.391534 0.710864 0.384745 0.768136 0.384483 0.788680 0.397279 0.780584 0.416081 0.721448 0.427832 0.661064 0.437232 0.587600
0 0.542205 0.235248 0.545077 0.300616 0.543772 0.349792 0.545601 0.397728 0.546383 0.431344 0.546124 0.467456 0.544295 0.484264 0.538289 0.508544 0.512436 0.502312 0.505124 0.494848 0.501993 0.457496 0.505648 0.397728 0.512174 0.356640 0.513483 0.311824 0.518181 0.256416 0.523406 0.220312 0.544295 0.209728
5 0.531762 0.333608 0.531500 0.370336 0.531500 0.392128 0.531500 0.417648 0.529671 0.438816 0.527842 0.448152 0.518966 0.454384 0.513742 0.446912 0.514003 0.422008 0.516614 0.384656 0.519487 0.352904 0.524450 0.331120 0.530715 0.331120
0 0.581376 0.248320 0.577460 0.354152 0.577980 0.410800 0.579285 0.460608 0.571973 0.506672 0.554742 0.503560 0.542990 0.491736 0.544557 0.442552 0.552651 0.397728 0.558658 0.342944 0.569101 0.287544
1 0.604617 0.226536 0.589732 0.275088 0.583463 0.318048 0.580591 0.349792 0.577198 0.398352 0.576413 0.430728 0.575369 0.476792 0.575893 0.494224 0.586336 0.505424 0.592342 0.506048 0.602789 0.492352 0.606443 0.476792 0.608010 0.453760 0.608272 0.412048 0.609054 0.360376 0.612711 0.308088 0.613755 0.265752 0.615846 0.232760 0.617151 0.209728
3 0.691832 0.222176 0.695748 0.271352 0.690789 0.306216 0.693138 0.339832 0.694185 0.354776 0.701493 0.342944 0.701755 0.313688 0.701755 0.273224 0.708285 0.255168 0.716641 0.285672 0.717161 0.321784 0.717423 0.364736 0.720295 0.388392 0.725520 0.432592 0.727346 0.444416 0.721339 0.466832 0.712463 0.479904 0.703846 0.480528 0.695490 0.483640 0.681909 0.480528 0.671725 0.462472 0.676426 0.428856 0.679037 0.383408 0.670158 0.341704 0.674077 0.287544 0.678775 0.250192 0.685567 0.224664
4 0.801507 0.209728 0.786883 0.241472 0.773829 0.324272 0.769651 0.349792 0.766517 0.390880 0.762597 0.416408 0.759725 0.441304 0.765470 0.460608 0.778007 0.473056 0.791060 0.476168 0.809081 0.463720 0.812735 0.420760 0.804641 0.387768 0.802292 0.323024 0.798634 0.256416 0.803074 0.220312
4 0.775134 0.495440 0.775916 0.524728 0.791322 0.593208 0.801245 0.634912 0.799678 0.685336 0.785839 0.654832 0.775654 0.617480 0.770171 0.600056 0.769909 0.601296 0.769909 0.625576 0.778789 0.653592 0.788711 0.676000 0.793674 0.691568 0.791584 0.701528 0.783752 0.699656 0.774087 0.690320 0.762339 0.656704 0.751893 0.626200 0.736748 0.588224 0.727607 0.559592 0.720557 0.526592 0.723430 0.488616 0.747191 0.480528 0.754765 0.467456 0.767299 0.472432
1 0.579023 0.529088 0.588688 0.540912 0.592866 0.578888 0.593909 0.623088 0.611668 0.732032 0.614540 0.768760 0.614017 0.790544 0.602789 0.778096 0.587383 0.720824 0.580332 0.669776 0.569886 0.613752 0.563097 0.578888 0.556047 0.544648 0.562836 0.524728 0.571973 0.521616
0 0.533587 0.526592 0.528889 0.539664 0.530195 0.590712 0.541946 0.669776 0.562836 0.742616 0.571191 0.756928 0.576674 0.755688 0.578765 0.728920 0.567275 0.659816 0.561268 0.595072 0.557352 0.555856 0.555523 0.538424 0.546124 0.530328
0 0.528889 0.535312 0.529671 0.573280 0.530977 0.629936 0.531762 0.680984 0.534111 0.733896 0.533587 0.743232 0.515570 0.694680 0.507738 0.637408 0.503560 0.590712 0.498597 0.541536 0.503037 0.526592 0.516356 0.529704 0.523144 0.534064
2 0.662849 0.524728 0.654232 0.521616 0.643003 0.514144 0.635950 0.512896 0.632819 0.537800 0.632819 0.550248 0.636735 0.569552 0.641174 0.591960 0.644829 0.619352 0.649268 0.669152 0.653970 0.712728 0.664413 0.760664 0.676950 0.784320 0.681909 0.768760 0.680866 0.748216 0.671205 0.681608 0.669376 0.620600 0.665198 0.562080 0.668594 0.541536
0 0.500685 0.532200 0.487369 0.533440 0.473007 0.540288 0.470916 0.553360 0.468567 0.598184 0.467523 0.635536 0.466480 0.669776 0.465433 0.692808 0.463346 0.732032 0.462560 0.760664 0.468047 0.768760 0.482930 0.740744 0.492070 0.692808 0.495463 0.610632 0.496768 0.563320
5 0.262275 0.379680 0.271678 0.397104 0.273765 0.407064 0.273503 0.433216 0.275332 0.455000 0.275856 0.473680 0.267497 0.483640 0.260708 0.482392 0.250265 0.483016 0.243473 0.480528 0.240342 0.456872 0.243473 0.433216 0.240601 0.418896 0.243215 0.411424 0.246346 0.417032 0.253396 0.412672 0.258621 0.410184 0.256530 0.384656 0.259664 0.377184
3 0.247393 0.243344 0.245826 0.290656 0.244779 0.341080 0.242430 0.385904 0.238513 0.425744 0.237728 0.460608 0.242953 0.491112 0.257574 0.494224 0.277161 0.483640 0.285255 0.487376 0.289433 0.464960 0.285779 0.428856 0.281077 0.393376 0.279772 0.356024 0.272983 0.314936 0.264886 0.271976 0.259403 0.253928 0.256792 0.268864 0.258097 0.287544 0.260970 0.305592 0.264624 0.329248 0.263581 0.329872 0.258097 0.319288 0.255748 0.300616 0.253919 0.281320 0.252614 0.262016 0.250265 0.247080
3 0.311369 0.235872 0.312936 0.266376 0.312674 0.301240 0.313980 0.332984 0.318419 0.366600 0.319725 0.364736 0.322597 0.346680 0.320768 0.326760 0.317114 0.300616 0.315023 0.274472 0.315809 0.246456 0.321812 0.243968 0.330168 0.263264 0.334087 0.282560 0.337218 0.308704 0.338785 0.348552 0.337480 0.395240 0.337218 0.427608 0.341399 0.451264 0.343748 0.467456 0.334087 0.488616 0.319987 0.494848 0.302752 0.498576 0.292305 0.489240 0.286299 0.481152 0.289433 0.424496 0.290738 0.395240 0.292829 0.340456 0.293087 0.288784 0.296745 0.249568 0.306144 0.225912
1 0.409030 0.246456 0.417124 0.273848 0.422607 0.339208 0.428352 0.384656 0.429658 0.433216 0.431225 0.475544 0.425221 0.501072 0.410336 0.507920 0.400936 0.498576 0.399107 0.459360 0.398064 0.407688 0.393362 0.340456 0.393886 0.276960 0.396758 0.238984
0 0.430181 0.237120 0.443238 0.279448 0.449245 0.326760 0.455252 0.379680 0.459950 0.427608 0.466218 0.472432 0.465956 0.495464 0.443762 0.500448 0.432272 0.489864 0.429919 0.454384 0.431225 0.402088 0.427047 0.334232 0.423654 0.276960 0.424960 0.243344
0 0.461255 0.253928 0.458383 0.304352 0.460735 0.362872 0.464128 0.408312 0.467523 0.457496 0.468829 0.489240 0.477446 0.494224 0.500426 0.491736 0.505648 0.474920 0.504866 0.443800 0.499379 0.392752 0.493114 0.330496 0.483973 0.281936 0.477446 0.254544 0.467523 0.243344
2 0.657624 0.214080 0.646396 0.270112 0.638302 0.320536 0.637517 0.361000 0.638040 0.424496 0.639084 0.456248 0.642218 0.478040 0.655013 0.478656 0.659715 0.488616 0.668852 0.484264 0.676164 0.471192 0.676950 0.448776 0.673815 0.418896 0.668594 0.359136 0.666765 0.292520 0.663631 0.242720 0.663631 0.210968
