5 0.316341 0.454695 0.310902 0.462162 0.307426 0.470495 0.303193 0.475771 0.306216 0.491133 0.310144 0.500352 0.310144 0.506933 0.316190 0.511324 0.329036 0.512200 0.336138 0.510886 0.339764 0.506057 0.345203 0.496838 0.347774 0.489371 0.344449 0.472257 0.342485 0.456010 0.337800 0.450305 0.328430 0.455571 0.321177 0.454695
4 0.239193 0.168314 0.244938 0.204724 0.249115 0.303324 0.249639 0.345800 0.250161 0.386010 0.237626 0.404971 0.222741 0.392829 0.214125 0.380695 0.208918 0.351143 0.213607 0.299524 0.217780 0.225200 0.217259 0.186514 0.219610 0.169829 0.224570 0.181210 0.227964 0.201686 0.230052 0.208514 0.232925 0.191067 0.234492 0.172867 0.236843 0.162248
3 0.260344 0.182724 0.263479 0.214581 0.264521 0.235819 0.267134 0.253267 0.268177 0.260095 0.269744 0.257819 0.271833 0.242648 0.271574 0.224438 0.269744 0.209267 0.266872 0.188790 0.266089 0.172867 0.268961 0.167552 0.278885 0.167552 0.283846 0.184238 0.285934 0.210029 0.286980 0.241133 0.288807 0.273743 0.288807 0.304086 0.290374 0.322295 0.293770 0.345800 0.294030 0.367800 0.292725 0.392829 0.289590 0.413314 0.276797 0.411800 0.264784 0.404210 0.256689 0.404210 0.251203 0.374629 0.251728 0.330638 0.255121 0.298019 0.252511 0.253267 0.251728 0.205476 0.250682 0.166790 0.254600 0.168314 0.257472 0.167552
4 0.234754 0.423933 0.222741 0.414829 0.215692 0.411800 0.208639 0.417867 0.204984 0.452752 0.202895 0.481581 0.202636 0.511924 0.196889 0.543781 0.191669 0.569571 0.189056 0.587010 0.189318 0.609010 0.192190 0.618867 0.199239 0.609771 0.202636 0.576390 0.209948 0.556676 0.215951 0.536952 0.220390 0.532400 0.214125 0.572600 0.211515 0.587771 0.205767 0.608248 0.201069 0.622667 0.198980 0.635562 0.202895 0.640867 0.222741 0.619629 0.231361 0.589286 0.235538 0.561219 0.238410 0.542257 0.244154 0.528610 0.253295 0.502057 0.255905 0.461095 0.256167 0.443657 0.249639 0.426210 0.242066 0.419381
5 0.235797 0.429238 0.243633 0.435314 0.246505 0.444410 0.251203 0.454276 0.249115 0.469448 0.241282 0.477790 0.237105 0.477790 0.230577 0.469448 0.223787 0.468686 0.217518 0.467171 0.213862 0.451238 0.212820 0.429238 0.218043 0.425448 0.226138 0.423171 0.232141 0.424686
5 0.277557 0.443943 0.284262 0.451333 0.292082 0.454476 0.298413 0.461857 0.299502 0.468705 0.296072 0.477657 0.288623 0.482381 0.282472 0.483971 0.278826 0.484505 0.271754 0.478181 0.267423 0.472390 0.266679 0.453952 0.274495 0.450267
3 0.300472 0.441533 0.306367 0.463476 0.306820 0.480600 0.305308 0.509571 0.296393 0.540295 0.290498 0.579800 0.286721 0.610524 0.282187 0.640819 0.277505 0.660133 0.272820 0.676371 0.267230 0.682514 0.260580 0.683829 0.259370 0.674619 0.261033 0.638181 0.265567 0.600429 0.269043 0.579362 0.263751 0.596476 0.259974 0.620181 0.255744 0.636429 0.251059 0.651790 0.248338 0.657495 0.243803 0.665838 0.241990 0.663200 0.240784 0.636867 0.243502 0.610524 0.248790 0.569705 0.252872 0.541610 0.255289 0.513514 0.256197 0.490257 0.257708 0.467429 0.260426 0.447676 0.263905 0.439333 0.274934 0.437581 0.277957 0.433190 0.281282 0.438019 0.292315 0.442410 0.301079 0.441086
3 0.321931 0.440210 0.311203 0.451629 0.306970 0.452943 0.304252 0.466114 0.304102 0.488057 0.305007 0.522733 0.305459 0.548638 0.304252 0.572781 0.303043 0.609648 0.301230 0.641695 0.300928 0.671543 0.303646 0.700514 0.306669 0.703143 0.314075 0.699638 0.318305 0.684276 0.320269 0.643448 0.321328 0.609648 0.324502 0.580238 0.326466 0.576286 0.329639 0.596924 0.329338 0.632038 0.326767 0.686905 0.327220 0.697438 0.329639 0.706657 0.339161 0.697438 0.343541 0.657495 0.345656 0.604819 0.347623 0.557410 0.350948 0.521419 0.356538 0.492448 0.357597 0.462162 0.356990 0.443286 0.351852 0.431429 0.346564 0.436257 0.339613 0.439333 0.332964 0.440210
1 0.441315 0.408171 0.429679 0.410362 0.423180 0.418267 0.417741 0.438019 0.417285 0.466552 0.415170 0.489810 0.411846 0.519667 0.409580 0.552143 0.407767 0.589019 0.404744 0.621943 0.402475 0.660571 0.400511 0.687343 0.399456 0.713248 0.399000 0.741333 0.414869 0.724657 0.425144 0.664514 0.432702 0.592971 0.440256 0.524057 0.443882 0.471819 0.447056 0.421771
0 0.473974 0.401105 0.459089 0.388210 0.447600 0.392752 0.443423 0.417790 0.443423 0.470886 0.444728 0.526257 0.444990 0.587695 0.445249 0.640790 0.444990 0.689333 0.449689 0.699200 0.454390 0.662790 0.460397 0.578590 0.466400 0.506533 0.472148 0.445857
0 0.478151 0.392752 0.492774 0.390486 0.499043 0.404895 0.498521 0.449648 0.493036 0.511086 0.492515 0.589971 0.484941 0.644581 0.475020 0.673410 0.466141 0.592248 0.469534 0.483019 0.475020 0.395029
0 0.495649 0.386686 0.517843 0.388210 0.523328 0.398067 0.520456 0.448886 0.518105 0.488333 0.518626 0.532324 0.517843 0.586181 0.516016 0.655200 0.510010 0.668095 0.496170 0.565695 0.496170 0.475438 0.493820 0.406410
3 0.308836 0.145029 0.322154 0.167781 0.325810 0.205705 0.331816 0.261838 0.337823 0.301276 0.346698 0.340724 0.346698 0.379410 0.339911 0.394581 0.331554 0.406714 0.318498 0.400648 0.314580 0.397610 0.308052 0.409743 0.299957 0.395333 0.292384 0.352105 0.295518 0.313419 0.296823 0.266390 0.291600 0.196600 0.299695 0.166267 0.309357 0.217086 0.309882 0.249705 0.314580 0.223914 0.308574 0.160952
1 0.394748 0.045657 0.412764 0.167019 0.419554 0.235286 0.430000 0.300524 0.432610 0.339962 0.428170 0.349829 0.411984 0.374857 0.402321 0.364238 0.398403 0.306590 0.391092 0.179914 0.388220 0.110133 0.383259 0.035800
0 0.430784 0.090410 0.444885 0.181438 0.452197 0.268667 0.453502 0.321000 0.440184 0.327829 0.429738 0.322514 0.426344 0.295210 0.427128 0.237562 0.422689 0.101790
0 0.473610 0.048695 0.481180 0.154124 0.486666 0.246667 0.490321 0.312657 0.488754 0.350581 0.463948 0.349829 0.451413 0.345276 0.450108 0.288381 0.454023 0.191295 0.459246 0.051724
0 0.523485 0.076000 0.524269 0.207219 0.531056 0.263352 0.532364 0.320238 0.528708 0.339210 0.508079 0.346029 0.494761 0.344514 0.490580 0.267905 0.499721 0.138200 0.510426 0.055524
0 0.571272 0.057800 0.565266 0.128333 0.553774 0.270943 0.550643 0.311143 0.538630 0.348305 0.531580 0.330105 0.536803 0.243629 0.546203 0.104819
1 0.606784 0.032010 0.598951 0.085857 0.591118 0.174610 0.587984 0.245905 0.581456 0.311143 0.573361 0.357410 0.557954 0.350581 0.553515 0.322514 0.557954 0.238324 0.567092 0.158676 0.584328 0.060067
5 0.652938 0.344695 0.652787 0.360495 0.652180 0.375419 0.654148 0.382886 0.658075 0.392105 0.662305 0.393857 0.671223 0.389905 0.681046 0.395610 0.686938 0.392105 0.689659 0.388590 0.688148 0.376743 0.688148 0.351276 0.686033 0.343381 0.678023 0.338114 0.669108 0.338990 0.662911 0.335914 0.657016 0.344695
3 0.706282 0.174819 0.708246 0.205105 0.698423 0.250314 0.694495 0.291143 0.692377 0.338114 0.692075 0.379810 0.690564 0.385952 0.682102 0.403514 0.662459 0.397810 0.650216 0.386400 0.643416 0.375857 0.639187 0.345133 0.644626 0.320552 0.652331 0.292457 0.657774 0.264800 0.659889 0.215638 0.670921 0.176571 0.684370 0.162086 0.692984 0.174819
5 0.735016 0.346210 0.736757 0.385400 0.734148 0.397410 0.727184 0.391086 0.718043 0.397410 0.709990 0.396143 0.705203 0.393619 0.701721 0.385400 0.703030 0.357590 0.708295 0.351524 0.715213 0.341781 0.729357 0.346838
3 0.745679 0.180600 0.746115 0.226114 0.743069 0.280476 0.739151 0.321562 0.742197 0.371495 0.740239 0.398038 0.725875 0.410048 0.709990 0.410048 0.697370 0.396143 0.694757 0.378448 0.698239 0.333571 0.703246 0.298800 0.708033 0.255819 0.715213 0.200829 0.721308 0.178705 0.730882 0.181229 0.728052 0.224848 0.736757 0.208410 0.741328 0.182495 0.744157 0.179971
4 0.777666 0.166695 0.779410 0.231800 0.782020 0.305124 0.786807 0.355057 0.780495 0.393619 0.756993 0.401838 0.743705 0.385429 0.740675 0.339886 0.744374 0.303229 0.748725 0.219790 0.755472 0.170486 0.757649 0.169857 0.760695 0.204619 0.762436 0.241914 0.767223 0.243181 0.767659 0.214105 0.766787 0.188819 0.771793 0.159105
5 0.766570 0.425857 0.759607 0.420162 0.755252 0.434076 0.751118 0.449876 0.759607 0.484010 0.774403 0.489067 0.790505 0.474524 0.792466 0.442924 0.790941 0.424590 0.782020 0.413210 0.773315 0.418267
4 0.768311 0.419533 0.749813 0.428381 0.745462 0.455562 0.749377 0.494752 0.758734 0.537105 0.768092 0.592724 0.778102 0.633819 0.790941 0.650248 0.802256 0.650886 0.802692 0.628124 0.795295 0.602838 0.788984 0.567448 0.788764 0.541524 0.796600 0.583248 0.801170 0.603476 0.805305 0.608533 0.808787 0.607895 0.809872 0.588305 0.808351 0.556695 0.801387 0.520038 0.797469 0.466943 0.796380 0.434705 0.791593 0.417638 0.785285 0.400571 0.775056 0.406895
3 0.700200 0.443552 0.694977 0.460619 0.695413 0.482114 0.698239 0.517505 0.702157 0.542790 0.710426 0.574400 0.713256 0.607267 0.718695 0.637610 0.726748 0.662257 0.743938 0.679324 0.751554 0.674267 0.750685 0.662257 0.745243 0.638876 0.736105 0.617381 0.729577 0.591467 0.729577 0.571238 0.736541 0.581981 0.740675 0.598419 0.748292 0.637610 0.753511 0.660362 0.757649 0.666686 0.762216 0.660990 0.765046 0.636343 0.758518 0.595886 0.752859 0.555438 0.746984 0.530781 0.745462 0.489067 0.743721 0.447981 0.736321 0.437229 0.728925 0.438495 0.718695 0.441657 0.707597 0.439762
5 0.700852 0.456829 0.699328 0.470733 0.703462 0.480219 0.709990 0.494752 0.713692 0.497914 0.717174 0.491590 0.722177 0.479581 0.729577 0.470105 0.735016 0.461248 0.730666 0.448610 0.723702 0.442924 0.715866 0.446714 0.708033 0.453667
5 0.675174 0.551638 0.685836 0.652143 0.691495 0.664152 0.693889 0.641400 0.684748 0.549114 0.695846 0.514352 0.694977 0.469467 0.692148 0.457457 0.680613 0.457457 0.666689 0.457457 0.656679 0.460619 0.647974 0.465048 0.643839 0.480219 0.646885 0.511190 0.652977 0.544686 0.660813 0.556695 0.668646 0.553543
3 0.642751 0.475162 0.645797 0.496019 0.647321 0.559229 0.651672 0.619276 0.654502 0.669210 0.657984 0.699552 0.664295 0.711562 0.669082 0.707771 0.671692 0.700181 0.670387 0.667952 0.669518 0.618648 0.670170 0.575657 0.673433 0.579457 0.678220 0.607267 0.681702 0.645829 0.684531 0.671105 0.688449 0.691333 0.690843 0.692600 0.699980 0.673638 0.701941 0.616114 0.695413 0.557962 0.694757 0.508657 0.696282 0.462514 0.686925 0.450505 0.672564 0.453667 0.659941 0.453667 0.648843 0.457457
5 0.589656 0.412476 0.592528 0.421581 0.597751 0.436752 0.599315 0.448133 0.595659 0.463295 0.592266 0.468610 0.586259 0.467095 0.582866 0.451924 0.579993 0.432962 0.582082 0.420067 0.584692 0.416267
1 0.566675 0.387448 0.551007 0.395790 0.544741 0.411724 0.544479 0.447371 0.547872 0.503505 0.550485 0.571010 0.554403 0.659000 0.564846 0.727267 0.573203 0.737886 0.582082 0.712848 0.585738 0.661276 0.583908 0.580867 0.576338 0.483019 0.574770 0.428410
0 0.523590 0.388962 0.522023 0.431438 0.519672 0.489848 0.519672 0.572524 0.523590 0.640790 0.526462 0.686305 0.531161 0.693133 0.537430 0.663543 0.545000 0.582390 0.548656 0.491362 0.547872 0.439029 0.547613 0.419305 0.536905 0.395790 0.524895 0.384410
2 0.356085 0.442848 0.354272 0.458210 0.352761 0.487181 0.354121 0.513952 0.354725 0.539419 0.353062 0.567952 0.352761 0.591210 0.352459 0.624571 0.355328 0.667590 0.357141 0.682514 0.366662 0.664076 0.375577 0.602190 0.381170 0.558733 0.383285 0.506057 0.389784 0.470943 0.391144 0.449867 0.386911 0.433190 0.379207 0.429676 0.374370 0.421333 0.366361 0.421333 0.360013 0.428362
2 0.404138 0.409048 0.395374 0.419581 0.389482 0.431429 0.386761 0.446362 0.384344 0.478400 0.383889 0.517029 0.384646 0.562238 0.384344 0.616676 0.383587 0.653105 0.381321 0.688219 0.380413 0.703590 0.388574 0.681638 0.400662 0.648276 0.404895 0.598676 0.406105 0.549514 0.410787 0.497714 0.415321 0.462162 0.413357 0.445038 0.407462 0.424410
2 0.593311 0.406410 0.581311 0.421619 0.575813 0.448133 0.579469 0.485295 0.583908 0.530048 0.585216 0.599076 0.588872 0.656724 0.595400 0.699952 0.602711 0.717400 0.607151 0.704505 0.602970 0.619552 0.602187 0.554324 0.607410 0.495152 0.611590 0.450400 0.605062 0.418543
2 0.613590 0.429648 0.607282 0.441029 0.607062 0.483371 0.613157 0.518143 0.617292 0.565552 0.618161 0.626857 0.622731 0.679962 0.625777 0.721676 0.635351 0.715990 0.643403 0.673638 0.642751 0.580714 0.644928 0.485905 0.644492 0.446086 0.634046 0.425219 0.620554 0.425219
2 0.651934 0.112714 0.652456 0.190076 0.650626 0.256829 0.648538 0.325095 0.647495 0.363019 0.635220 0.391086 0.620075 0.380467 0.611459 0.359990 0.613810 0.301581 0.620075 0.223457 0.631043 0.135467 0.644098 0.092229
2 0.620885 0.099514 0.622190 0.210257 0.616446 0.289905 0.614879 0.353619 0.604695 0.374095 0.595554 0.358171 0.587721 0.349829 0.580410 0.333133 0.583544 0.245905 0.611223 0.115438
2 0.373597 0.101029 0.392397 0.220114 0.405193 0.303552 0.405977 0.353619 0.390570 0.370305 0.384043 0.382438 0.369941 0.364990 0.366544 0.299762 0.366023 0.220114 0.366544 0.095724
2 0.354010 0.174610 0.365761 0.275486 0.363672 0.294457 0.358974 0.309619 0.344610 0.296724 0.340954 0.300524 0.338344 0.259562 0.346698 0.181438
