5 0.292677 0.498046 0.299860 0.499477 0.307256 0.500431 0.312698 0.500908 0.316179 0.509492 0.321404 0.507108 0.326625 0.509015 0.327495 0.513308 0.327930 0.519038 0.323361 0.523331 0.315526 0.525715 0.313568 0.529054 0.306386 0.536685 0.298989 0.535254 0.294853 0.532392 0.292677 0.527146 0.290067 0.522377 0.286804 0.517600 0.283972 0.509969 0.285063 0.499477 0.288761 0.499000
5 0.399232 0.424700 0.389309 0.429285 0.385130 0.437869 0.384870 0.446454 0.396881 0.439015 0.398449 0.433862
5 0.368940 0.414969 0.362151 0.418977 0.359018 0.432146 0.357189 0.437869 0.362151 0.442446 0.374947 0.441300 0.382260 0.442446 0.383565 0.441300 0.384347 0.427562 0.374165 0.416115
5 0.263628 0.492085 0.248481 0.485215 0.241172 0.485785 0.242214 0.508685 0.258926 0.511546 0.274333 0.499523
3 0.347161 0.215062 0.358912 0.242538 0.359698 0.269446 0.357607 0.313523 0.358653 0.350162 0.359698 0.376500 0.361526 0.399969 0.357084 0.428592 0.351604 0.444623 0.342986 0.456646 0.333323 0.452638 0.312432 0.452069 0.311126 0.449777 0.306947 0.441762 0.309821 0.390808 0.308775 0.361615 0.307470 0.329554 0.311389 0.302077 0.322618 0.272877 0.330189 0.250554 0.345074 0.211054
5 0.308463 0.386546 0.312632 0.397277 0.313358 0.408015 0.313902 0.417162 0.313719 0.421531 0.308281 0.420338 0.304474 0.415569 0.300119 0.412385 0.298849 0.399669 0.299032 0.388138 0.302116 0.386946 0.304291 0.388931
5 0.274912 0.416362 0.272919 0.402846 0.266211 0.405231 0.261495 0.413577 0.257505 0.430277 0.259137 0.435846 0.266028 0.438231 0.285965 0.447000 0.300846 0.440615 0.302116 0.430677 0.293772 0.418746 0.289060 0.407615 0.285432 0.402846 0.279811 0.408415
3 0.261312 0.249792 0.264758 0.284377 0.264396 0.316577 0.260589 0.344408 0.259137 0.368654 0.255874 0.403246 0.253698 0.423123 0.253698 0.436238 0.262221 0.444192 0.264396 0.450954 0.277453 0.454531 0.289965 0.457308 0.303382 0.458900 0.311000 0.452538 0.312814 0.421931 0.309551 0.390123 0.308281 0.356331 0.308642 0.322938 0.306649 0.292323 0.297039 0.259731 0.291053 0.259331 0.287425 0.268477 0.285614 0.272054 0.282347 0.274038 0.279811 0.268077 0.276547 0.260523 0.269656 0.251377 0.268025 0.249392 0.265123 0.247400
4 0.254175 0.237615 0.261242 0.263823 0.262691 0.296423 0.256526 0.325846 0.257614 0.356846 0.255982 0.395415 0.252537 0.425623 0.246551 0.432785 0.217902 0.437554 0.210828 0.420462 0.202849 0.395808 0.207200 0.360431 0.217358 0.339354 0.224249 0.298408 0.227874 0.261038 0.233133 0.239969 0.242200 0.236792 0.244014 0.248315 0.242382 0.282508 0.242200 0.301592 0.249818 0.294431 0.248547 0.258654 0.247821 0.238777
0 0.451095 0.238046 0.455232 0.293862 0.456972 0.350154 0.458495 0.388800 0.459582 0.443185 0.456319 0.478485 0.446091 0.487069 0.431295 0.483731 0.422372 0.477054 0.423242 0.436977 0.425200 0.397862 0.429772 0.354446 0.437604 0.307700 0.438474 0.261900 0.439561 0.233277 0.443046 0.228023
0 0.481779 0.249015 0.488961 0.315808 0.494182 0.391185 0.501800 0.449385 0.501800 0.479438 0.500277 0.488500 0.494835 0.490408 0.487435 0.485638 0.477211 0.483731 0.470681 0.483731 0.466330 0.486592 0.463281 0.487546 0.460235 0.484685 0.459582 0.467038 0.460018 0.432685 0.463063 0.415515 0.466330 0.372577 0.465025 0.333931 0.468070 0.298154 0.473944 0.262377 0.477211 0.241862
0 0.538793 0.272869 0.536182 0.345862 0.538358 0.419808 0.542491 0.449385 0.543796 0.472762 0.543796 0.488500 0.537705 0.494708 0.518337 0.489931 0.503105 0.488023 0.498098 0.487069 0.499186 0.447000 0.503758 0.409785 0.507674 0.357308 0.508326 0.318192 0.514204 0.285277 0.526607 0.263331
0 0.558158 0.267146 0.563382 0.331546 0.570779 0.407400 0.574481 0.457492 0.576004 0.489931 0.568386 0.493754 0.559246 0.494708 0.551414 0.495662 0.547495 0.494231 0.544014 0.486115 0.539228 0.472285 0.540968 0.434115 0.545754 0.391185 0.550761 0.339662 0.552284 0.288615
3 0.639326 0.243292 0.653470 0.293385 0.665874 0.355400 0.671316 0.403585 0.676537 0.440800 0.670881 0.474669 0.651512 0.475623 0.637368 0.448908 0.635628 0.411692 0.634540 0.280977
3 0.727891 0.239000 0.723758 0.282892 0.722018 0.325346 0.722018 0.356831 0.725716 0.392138 0.727674 0.417900 0.728765 0.438885 0.718972 0.449862 0.708309 0.458446 0.694600 0.457015 0.686330 0.456062 0.676754 0.438408 0.674144 0.410738 0.679582 0.386408 0.683502 0.350154 0.690246 0.305785 0.695035 0.283369 0.707221 0.260946 0.712442 0.255223 0.713965 0.276685 0.710919 0.290523 0.710049 0.296246 0.712007 0.290046 0.714400 0.282892 0.715923 0.277162 0.718102 0.265715 0.721365 0.253785 0.723975 0.244723 0.724846 0.239000
3 0.639544 0.509015 0.630404 0.519515 0.628011 0.537638 0.633018 0.562923 0.639326 0.587731 0.640414 0.624469 0.641067 0.657385 0.639979 0.691254 0.641067 0.715108 0.643677 0.722738 0.655863 0.686962 0.663698 0.650708 0.666091 0.619215 0.663698 0.586300 0.664133 0.557677 0.668705 0.540500 0.665874 0.526192 0.660435 0.516169 0.649554 0.508062 0.644551 0.508538
5 0.757270 0.371623 0.764453 0.392615 0.767281 0.410262 0.756182 0.414562 0.750740 0.414085 0.745298 0.420769 0.742702 0.411231 0.752484 0.401200 0.750305 0.379731 0.752484 0.366377
4 0.746607 0.224208 0.735291 0.243769 0.727021 0.276208 0.728765 0.312469 0.731811 0.349200 0.729418 0.382115 0.729853 0.410738 0.737249 0.437454 0.751175 0.445569 0.775112 0.413131 0.779032 0.375915 0.769239 0.346338 0.763144 0.294338 0.752267 0.241862
5 0.751828 0.467515 0.757705 0.466562 0.758358 0.477054 0.754660 0.488977 0.752919 0.495662 0.746607 0.497569 0.742039 0.500431 0.736161 0.504723 0.734856 0.497092 0.741821 0.480392 0.745302 0.474669 0.751611 0.467515
4 0.762926 0.443662 0.754877 0.455585 0.749653 0.454631 0.745519 0.468946 0.738337 0.476100 0.731811 0.474669 0.729853 0.486115 0.725281 0.483731 0.722888 0.504723 0.725281 0.516646 0.728982 0.533346 0.733333 0.547662 0.747042 0.561015 0.759881 0.581531 0.775330 0.604908 0.791435 0.617308 0.797526 0.637823 0.812109 0.643069 0.813196 0.628285 0.806884 0.584392 0.794263 0.537162 0.785993 0.518562 0.781425 0.472762 0.769891 0.444615
3 0.678495 0.509492 0.672404 0.520946 0.671968 0.552908 0.677189 0.575331 0.687200 0.591546 0.693077 0.605385 0.700691 0.627808 0.708744 0.651185 0.717014 0.662631 0.735726 0.683146 0.749000 0.691731 0.752919 0.682669 0.745954 0.659292 0.735074 0.642592 0.732246 0.635915 0.732463 0.634008 0.734856 0.632577 0.736596 0.633531 0.741821 0.644500 0.751393 0.661677 0.755530 0.674554 0.759446 0.686008 0.767933 0.696500 0.769239 0.688869 0.769456 0.674077 0.764888 0.649754 0.762491 0.629238 0.754007 0.606815 0.744867 0.589162 0.737249 0.572469 0.729853 0.540500 0.723540 0.511400 0.717014 0.494708 0.709179 0.485638 0.703519 0.481823 0.700474 0.491846 0.692860 0.503292 0.683502 0.502815
5 0.313540 0.405631 0.311726 0.413185 0.313175 0.423515 0.316986 0.429877 0.321337 0.427100 0.324421 0.427100 0.324965 0.433462 0.326053 0.438623 0.332761 0.440615 0.340558 0.446577 0.351982 0.446577 0.355611 0.439023 0.359600 0.423515 0.361049 0.408808 0.361775 0.390123 0.359782 0.381377 0.352347 0.379785 0.340379 0.381377 0.329677 0.377008 0.322968 0.400062 0.321337 0.402446 0.315716 0.404438
0 0.537705 0.510446 0.528130 0.512354 0.527042 0.525715 0.529435 0.551477 0.530740 0.606338 0.533786 0.649269 0.536835 0.694592 0.537053 0.726077 0.539881 0.739438 0.549021 0.684100 0.554460 0.588685 0.558158 0.551954 0.563818 0.522377 0.561207 0.512831 0.552502 0.508062 0.543144 0.510923
0 0.498968 0.517600 0.498098 0.543362 0.500277 0.595362 0.503105 0.644023 0.505933 0.686008 0.511372 0.722262 0.516379 0.757092 0.521600 0.761385 0.528782 0.719400 0.529870 0.665492 0.526389 0.599662 0.527260 0.554815 0.527912 0.524285 0.523993 0.514738 0.516161 0.513785 0.509632 0.513308 0.504628 0.514738
0 0.497881 0.515692 0.487000 0.508062 0.473726 0.510923 0.466547 0.527623 0.470246 0.578192 0.473074 0.632100 0.473726 0.677423 0.478733 0.709862 0.487870 0.746592 0.495053 0.765200 0.500056 0.731808 0.500712 0.666446 0.498316 0.562446
0 0.456972 0.509969 0.440653 0.508538 0.438691 0.516169 0.439561 0.550523 0.440435 0.611108 0.444786 0.660246 0.456972 0.711292 0.462193 0.736577 0.468940 0.746592 0.473726 0.734192 0.471116 0.694592 0.469593 0.643069 0.468288 0.580100 0.470246 0.541454 0.470246 0.522854 0.464589 0.516646
3 0.365793 0.503769 0.373193 0.514738 0.369495 0.546708 0.361660 0.569600 0.356874 0.601092 0.352084 0.689823 0.343596 0.720831 0.336853 0.735146 0.329670 0.713200 0.333372 0.661677 0.335547 0.608246 0.335330 0.556246 0.330758 0.529531 0.333154 0.507108 0.350779 0.501385
3 0.286151 0.491362 0.282014 0.499000 0.277011 0.512831 0.273747 0.535731 0.272004 0.569123 0.270481 0.586777 0.264389 0.614446 0.260474 0.633531 0.257425 0.656431 0.255467 0.677423 0.254814 0.697931 0.266347 0.696977 0.274618 0.680762 0.284846 0.639254 0.291589 0.630192 0.285498 0.649754 0.280056 0.665969 0.276140 0.679331 0.272660 0.693162 0.274835 0.695069 0.287239 0.690300 0.297032 0.677900 0.305081 0.658338 0.311828 0.630192 0.318572 0.602523 0.320533 0.582485 0.325754 0.556723 0.330758 0.531438 0.333372 0.500908 0.327277 0.493277 0.317702 0.495185 0.309435 0.499477 0.302470 0.492800 0.295723 0.490408
4 0.279186 0.494708 0.267218 0.475623 0.250898 0.472762 0.242411 0.468946 0.233488 0.462262 0.226526 0.467038 0.221954 0.481346 0.218909 0.498046 0.218691 0.515692 0.217168 0.534777 0.214993 0.551000 0.211509 0.570077 0.207811 0.584869 0.205200 0.606815 0.203677 0.623515 0.201937 0.639254 0.202372 0.648315 0.209551 0.653569 0.219126 0.650708 0.235881 0.630192 0.249158 0.594408 0.263519 0.559585 0.271568 0.543838 0.274835 0.521900 0.278751 0.502815
2 0.382116 0.505677 0.372758 0.513308 0.370147 0.525238 0.369277 0.542408 0.369495 0.562923 0.372323 0.581531 0.374063 0.611108 0.374933 0.638300 0.373846 0.668354 0.374281 0.696977 0.375368 0.721785 0.376456 0.735623 0.382333 0.727031 0.391688 0.707000 0.396042 0.680762 0.397782 0.629715 0.396477 0.584869 0.400611 0.570077 0.404312 0.545754 0.405618 0.523808 0.400175 0.512831 0.389730 0.507585
2 0.413667 0.500431 0.406705 0.510446 0.405835 0.529531 0.403221 0.561492 0.401916 0.600138 0.403656 0.644023 0.408011 0.697931 0.411926 0.731808 0.420849 0.754223 0.437386 0.727031 0.436298 0.585823 0.436516 0.553862 0.441523 0.520469 0.434558 0.506631 0.420849 0.499000
2 0.595151 0.519038 0.589277 0.512354 0.586449 0.500431 0.579919 0.500908 0.570779 0.507585 0.566646 0.510446 0.562512 0.541931 0.562947 0.564831 0.562947 0.617308 0.564035 0.670738 0.567951 0.704615 0.570561 0.728946 0.578614 0.762338 0.588189 0.751838 0.596895 0.686008 0.597547 0.617308 0.596021 0.546708
2 0.611895 0.511846 0.598632 0.523769 0.597765 0.541931 0.599070 0.563400 0.601898 0.597754 0.601028 0.639254 0.602333 0.712246 0.607337 0.743731 0.610604 0.748500 0.619958 0.717969 0.622137 0.663585 0.626923 0.595838 0.632365 0.552908 0.628011 0.523808 0.620614 0.510923
2 0.620614 0.240908 0.636933 0.346815 0.642154 0.431731 0.643242 0.460354 0.633670 0.477531 0.614302 0.467038 0.602986 0.440323 0.606032 0.394046 0.608428 0.272392
2 0.585361 0.220392 0.599505 0.261900 0.607119 0.314854 0.610386 0.376392 0.613432 0.454631 0.612779 0.470854 0.602333 0.486592 0.588625 0.492800 0.579049 0.479438 0.575786 0.445569 0.576874 0.408354 0.582747 0.345862 0.580789 0.282892
2 0.401698 0.205608 0.413449 0.259992 0.421284 0.308654 0.423677 0.359692 0.423242 0.393569 0.423460 0.418377 0.423025 0.453200 0.417151 0.480869 0.396477 0.473238 0.385596 0.468946 0.384074 0.446046 0.391253 0.409308 0.395172 0.368762 0.394737 0.315331 0.398870 0.247108 0.398435 0.209900
2 0.379204 0.177338 0.394558 0.330531 0.392677 0.387546 0.384218 0.445254 0.378263 0.472731 0.360716 0.474792 0.351000 0.456246 0.358835 0.397169 0.360088 0.350454 0.367611 0.232292
