3 0.257690 0.446470 0.251524 0.457443 0.248624 0.473904 0.247717 0.501800 0.246448 0.525583 0.246628 0.557591 0.244814 0.586861 0.240283 0.616583 0.237379 0.635330 0.236838 0.667800 0.245359 0.668713 0.254790 0.649965 0.260955 0.611096 0.263310 0.594174 0.265124 0.587313 0.268028 0.587774 0.270021 0.591435 0.272017 0.600574 0.272197 0.610635 0.265307 0.644939 0.259686 0.685174 0.260228 0.699809 0.275100 0.686096 0.284166 0.647678 0.291238 0.595548 0.295410 0.563991 0.296497 0.542957 0.304659 0.524670 0.307559 0.496313 0.310641 0.469791 0.307014 0.463852 0.297403 0.459730 0.287431 0.457904 0.278728 0.451504 0.270748 0.449670 0.264400 0.442357
5 0.324969 0.477113 0.316083 0.483513 0.308103 0.502722 0.305745 0.515522 0.308283 0.526496 0.315538 0.533817 0.322610 0.532896 0.329683 0.548904 0.334579 0.571765 0.336210 0.591887 0.340562 0.601496 0.345821 0.595087 0.346183 0.554852 0.348724 0.525122 0.355797 0.523296 0.359421 0.509122 0.361055 0.498600 0.357066 0.478026 0.345097 0.472078 0.331676 0.475278
5 0.302483 0.464304 0.309010 0.468417 0.309190 0.477565 0.307559 0.495861 0.306107 0.521009 0.301755 0.528322 0.297403 0.524670 0.287793 0.523757 0.284348 0.519635 0.278183 0.504548 0.268390 0.496774 0.267483 0.481226 0.262586 0.474826 0.258597 0.473452 0.257328 0.463391 0.259866 0.454704 0.269841 0.455157 0.275824 0.455617 0.281628 0.457443 0.290693 0.464765 0.296679 0.464765
3 0.311003 0.466130 0.307921 0.488087 0.305566 0.510035 0.304293 0.530609 0.303931 0.554852 0.303024 0.584574 0.300307 0.614757 0.296679 0.639904 0.293052 0.668261 0.291600 0.684261 0.292869 0.701183 0.301210 0.700722 0.312455 0.665974 0.318259 0.623896 0.322972 0.594174 0.328231 0.586400 0.331676 0.599209 0.331134 0.635791 0.329683 0.679235 0.334217 0.716270 0.346366 0.720391 0.354524 0.677861 0.355797 0.618870 0.354707 0.566278 0.360693 0.513235 0.365224 0.479400 0.361055 0.462478 0.351262 0.458357 0.344190 0.462017 0.336934 0.467504 0.327145 0.467504 0.317897 0.465678
2 0.597710 0.466896 0.597397 0.507983 0.603666 0.555400 0.604603 0.603600 0.608993 0.654965 0.614945 0.689730 0.624972 0.726078 0.634372 0.699217 0.627479 0.620191 0.627479 0.542757 0.627479 0.503243 0.628734 0.470052 0.626538 0.455043 0.614631 0.447930 0.602097 0.447930
2 0.365717 0.466670 0.360279 0.474357 0.360497 0.506183 0.361148 0.551183 0.360279 0.594530 0.359407 0.652148 0.358972 0.692209 0.356797 0.718548 0.358972 0.738852 0.383128 0.683426 0.393355 0.609348 0.394659 0.557217 0.394659 0.499052 0.395748 0.461739 0.391179 0.459539 0.380514 0.468870 0.374859 0.466122
3 0.308172 0.210078 0.318510 0.268557 0.321645 0.320704 0.331359 0.364957 0.332928 0.407626 0.327286 0.426591 0.311303 0.430548 0.302217 0.426591 0.295010 0.440026 0.282476 0.435287 0.274955 0.393409 0.274955 0.332565 0.276834 0.261443 0.273076 0.191904 0.278717 0.187957 0.286548 0.216400 0.289055 0.241687 0.293131 0.258278 0.297831 0.269348 0.303783 0.251957 0.300966 0.219565 0.298145 0.173730 0.305345 0.177652
2 0.379303 0.155557 0.393403 0.271713 0.404683 0.364165 0.405310 0.397357 0.395283 0.432913 0.386510 0.425809 0.378048 0.447139 0.368021 0.435287 0.363948 0.382348 0.368021 0.318339 0.363321 0.260652 0.363321 0.160296
5 0.319710 0.534270 0.300307 0.644478 0.305021 0.645852 0.326962 0.542043 0.322610 0.532443
5 0.384448 0.474826 0.370666 0.479400 0.365952 0.495861 0.361962 0.513696 0.362503 0.521470 0.369034 0.518270 0.373203 0.519183 0.369397 0.552104 0.373386 0.609722 0.371752 0.632591 0.374472 0.634878 0.379190 0.598748 0.380276 0.556678 0.384266 0.521470 0.388979 0.522383 0.392424 0.512774 0.391338 0.489913 0.390614 0.479852 0.386441 0.474365
5 0.407114 0.464765 0.396414 0.470252 0.390793 0.481226 0.392424 0.498600 0.393876 0.513696 0.398228 0.521470 0.406569 0.521922 0.413824 0.508209 0.413100 0.494026 0.417993 0.493113 0.423255 0.485800 0.423255 0.478478 0.415638 0.470704 0.410924 0.467504
1 0.441034 0.455043 0.431945 0.461365 0.430066 0.497713 0.431007 0.560930 0.431321 0.620983 0.432886 0.680252 0.438841 0.735565 0.447300 0.776652 0.457641 0.735565 0.462655 0.596487 0.459207 0.522209 0.462028 0.490600 0.456076 0.455043
0 0.467669 0.447139 0.460148 0.455835 0.463283 0.530113 0.465162 0.584635 0.465162 0.643113 0.467041 0.750574 0.486469 0.694470 0.486155 0.602017 0.487097 0.481913 0.488038 0.447930
0 0.489603 0.450304 0.485845 0.526948 0.495559 0.663652 0.504331 0.739513 0.518431 0.730035 0.513417 0.548287 0.513731 0.462157 0.512793 0.451087
0 0.515300 0.454252 0.515300 0.556191 0.520938 0.615452 0.528145 0.655757 0.535041 0.707113 0.539428 0.684991 0.541307 0.613078 0.537234 0.555400 0.535979 0.489809 0.535979 0.456626 0.529400 0.449513
0 0.539428 0.449513 0.537859 0.490600 0.546634 0.561722 0.549455 0.605183 0.550079 0.654174 0.557290 0.704748 0.563241 0.684200 0.563555 0.628096 0.562928 0.545122 0.564183 0.492974 0.564183 0.459783 0.559169 0.440026 0.548200 0.441609
1 0.412831 0.140539 0.424738 0.255122 0.430066 0.340461 0.431945 0.396565 0.424738 0.429757 0.404997 0.429757 0.394345 0.406843 0.396538 0.338096 0.399983 0.201391
1 0.570134 0.448722 0.579538 0.447930 0.588938 0.443983 0.596145 0.467687 0.597083 0.510357 0.596772 0.575157 0.601786 0.678670 0.600217 0.734774 0.596459 0.742678 0.582355 0.729243 0.577655 0.650217 0.567317 0.569617 0.571703 0.530113 0.566062 0.506409 0.566690 0.464522
0 0.453255 0.137383 0.453883 0.224304 0.457328 0.323078 0.462655 0.376026 0.463283 0.410000 0.458269 0.427383 0.445421 0.429757 0.435707 0.415530 0.433514 0.355478 0.436021 0.270139 0.438528 0.152400 0.442914 0.122365
0 0.493366 0.131061 0.494931 0.281200 0.507152 0.372070 0.504017 0.427383 0.473934 0.425017 0.463283 0.427383 0.464848 0.364165 0.467983 0.321496 0.468921 0.271713 0.480517 0.127113
0 0.535666 0.142913 0.542872 0.266183 0.544755 0.330191 0.546007 0.381557 0.546007 0.415530 0.528145 0.421852 0.506524 0.418696 0.507466 0.349948 0.517179 0.284357 0.521879 0.210870 0.527521 0.140539
0 0.571390 0.172939 0.572955 0.227461 0.573583 0.292261 0.575776 0.361009 0.573583 0.413165 0.554155 0.423435 0.546948 0.394983 0.547886 0.343626 0.552276 0.292261 0.558228 0.211661
1 0.609931 0.125530 0.610559 0.173730 0.611810 0.254330 0.616200 0.351522 0.616514 0.402887 0.609617 0.429757 0.584552 0.421061 0.575776 0.351522 0.586431 0.242478 0.597083 0.139757
5 0.628421 0.281200 0.629359 0.295426 0.632807 0.289887 0.635314 0.301739 0.638134 0.337304 0.639386 0.353896 0.645341 0.358635 0.647848 0.368913 0.648162 0.406052 0.643462 0.419487 0.632493 0.425809 0.623093 0.403678 0.617766 0.405261 0.616824 0.396565 0.620272 0.382348 0.619331 0.355478 0.619645 0.323870 0.624034 0.309643 0.622466 0.279617 0.627793 0.270139
5 0.665083 0.282783 0.660697 0.293052 0.658503 0.308852 0.655055 0.334930 0.654114 0.353896 0.652862 0.360217 0.649100 0.366539 0.647221 0.372070 0.647534 0.387878 0.647848 0.393409 0.656621 0.413165 0.666962 0.417904 0.673231 0.420270 0.677303 0.408417 0.678869 0.387087 0.679810 0.365748 0.677303 0.354687 0.673231 0.349157 0.672917 0.313600 0.671976 0.279617 0.668217 0.277243
3 0.723993 0.259861 0.727128 0.337304 0.734021 0.392617 0.725245 0.421061 0.702997 0.422643 0.685452 0.419487 0.672917 0.391826 0.681062 0.341252 0.690466 0.279617 0.696731 0.216400 0.705193 0.214035 0.711459 0.257496 0.718038 0.255913 0.724621 0.237739 0.729634 0.240104
4 0.766297 0.162670 0.773503 0.200600 0.789483 0.247217 0.798572 0.278035 0.817686 0.265391 0.835548 0.230626 0.832414 0.193487 0.823014 0.147652 0.798886 0.135800 0.774755 0.158713
2 0.412555 0.453791 0.404393 0.458357 0.398593 0.465678 0.392607 0.466591 0.391521 0.478026 0.391155 0.493574 0.392424 0.510948 0.395145 0.535643 0.396597 0.558965 0.400769 0.600574 0.401493 0.633043 0.402707 0.694417 0.403362 0.725696 0.413807 0.718557 0.423817 0.650513 0.427079 0.599478 0.424903 0.553383 0.427514 0.512226 0.428603 0.475461 0.423379 0.467235
5 0.751569 0.245643 0.756269 0.269348 0.757834 0.274878 0.761597 0.281200 0.765355 0.261443 0.769741 0.270139 0.768176 0.292261 0.770055 0.318339 0.773190 0.345991 0.769431 0.365748 0.781024 0.364165 0.785097 0.382348 0.777576 0.409209 0.757207 0.406052 0.751255 0.412374 0.737779 0.406052 0.731200 0.387878 0.732455 0.349157 0.739348 0.333348 0.746241 0.326243 0.748748 0.289887
2 0.642834 0.153974 0.649100 0.226678 0.652234 0.297000 0.650041 0.355478 0.649414 0.401304 0.646907 0.427383 0.637821 0.429757 0.620272 0.419487 0.612438 0.400522 0.612124 0.341252 0.614631 0.292261 0.623093 0.225096 0.633434 0.153974
5 0.654114 0.456626 0.659755 0.469270 0.661634 0.487443 0.663203 0.500087 0.661321 0.511939 0.657562 0.515096 0.655369 0.536435 0.654741 0.569617 0.653490 0.581470 0.646593 0.571991 0.645028 0.526948 0.640641 0.500087 0.636255 0.476374 0.636255 0.457409 0.641579 0.455835 0.643772 0.456626
3 0.657248 0.451878 0.661948 0.486652 0.669469 0.547496 0.672290 0.599652 0.677617 0.651800 0.685138 0.681826 0.693283 0.662078 0.690776 0.599652 0.691403 0.575157 0.702372 0.594113 0.712086 0.627304 0.719607 0.670765 0.726186 0.688939 0.728693 0.688148 0.733079 0.669183 0.727441 0.619400 0.720859 0.558557 0.719607 0.516678 0.718666 0.466104 0.716472 0.449513 0.706445 0.441609 0.696417 0.443983 0.688583 0.447930 0.676676 0.446348 0.668217 0.443191 0.664455 0.446348
5 0.659755 0.455835 0.660697 0.472426 0.662576 0.493765 0.664455 0.508774 0.669783 0.501661 0.674797 0.491391 0.679183 0.486652 0.684197 0.480330 0.697672 0.498504 0.701117 0.514304 0.707072 0.524583 0.713024 0.528530 0.715531 0.519835 0.717414 0.500087 0.717100 0.482696 0.717100 0.466896 0.711459 0.451878 0.706131 0.445557 0.694538 0.445557 0.684197 0.448722 0.677617 0.453461 0.671976 0.451087 0.661948 0.450304
3 0.719921 0.447930 0.716159 0.483487 0.723679 0.521417 0.734021 0.566461 0.742169 0.628096 0.751569 0.672348 0.756269 0.685783 0.759714 0.653383 0.753448 0.566461 0.763790 0.582261 0.774131 0.629678 0.781338 0.651009 0.788545 0.631252 0.784469 0.570409 0.775069 0.501661 0.770997 0.444765 0.761597 0.428174 0.751883 0.419487 0.741541 0.437661 0.725559 0.440026
5 0.721800 0.451087 0.717724 0.470843 0.719921 0.492974 0.726500 0.507191 0.732141 0.507983 0.732141 0.483487 0.735900 0.474009 0.743734 0.469270 0.753762 0.456626 0.755328 0.451878 0.749690 0.441609 0.737155 0.442400 0.729007 0.445557
4 0.778517 0.410000 0.768176 0.430548 0.772562 0.458991 0.775383 0.504035 0.781652 0.553026 0.786666 0.594904 0.801393 0.618617 0.810479 0.616243 0.811107 0.599652 0.798259 0.568043 0.799197 0.530904 0.808914 0.555400 0.816431 0.590165 0.822700 0.599652 0.826148 0.559348 0.821445 0.519052 0.819566 0.496922 0.821134 0.462157 0.823952 0.431339 0.814866 0.413165 0.802017 0.407626 0.794810 0.413948
3 0.767234 0.210870 0.776010 0.259861 0.779455 0.312017 0.788231 0.357843 0.790424 0.392617 0.782903 0.406052 0.766924 0.413948 0.747493 0.408417 0.737779 0.408417 0.728379 0.389452 0.734021 0.328609 0.742793 0.297791 0.741541 0.229835 0.746555 0.195070 0.756897 0.227461 0.760655 0.249591
2 0.674169 0.172939 0.682945 0.221930 0.685452 0.288313 0.683255 0.341252 0.682317 0.381557 0.679183 0.419487 0.670097 0.432913 0.653490 0.427383 0.650669 0.403678 0.646593 0.382348 0.651607 0.333348 0.661634 0.255122 0.665397 0.199809
2 0.634686 0.447139 0.625286 0.458991 0.626538 0.495339 0.631552 0.536435 0.640328 0.625722 0.652234 0.686574 0.662890 0.725287 0.673855 0.722922 0.671034 0.669183 0.662262 0.599652 0.663514 0.511939 0.661321 0.470843 0.658190 0.458991 0.646593 0.447139
3 0.259600 0.204548 0.266497 0.230626 0.267748 0.285148 0.274328 0.357061 0.276834 0.394200 0.275897 0.421852 0.264928 0.430548 0.249572 0.426591 0.227324 0.420270 0.215417 0.410000 0.214790 0.361009 0.217610 0.329400 0.230772 0.300165 0.233279 0.266183 0.240172 0.217983 0.246441 0.204548 0.251455 0.227461 0.251766 0.248009 0.253021 0.263026 0.257407 0.244061 0.254272 0.215609 0.253648 0.199017
4 0.245186 0.182426 0.245500 0.225887 0.237038 0.258278 0.230459 0.291470 0.225759 0.308061 0.206331 0.319130 0.198810 0.310435 0.187841 0.281200 0.178128 0.251957 0.174683 0.214817 0.195052 0.168200 0.221372 0.165035 0.235159 0.174522
5 0.342328 0.284357 0.347655 0.300165 0.348593 0.323870 0.351414 0.353104 0.358307 0.364957 0.362697 0.373652 0.365200 0.378391 0.368334 0.395774 0.368962 0.402096 0.368021 0.417113 0.359248 0.421061 0.337941 0.436078 0.332300 0.434496 0.328224 0.422643 0.328538 0.394200 0.332928 0.370487 0.338879 0.349157 0.340448 0.333348 0.340448 0.304904
2 0.344834 0.181635 0.359876 0.289887 0.368021 0.374443 0.371155 0.415530 0.357683 0.435287 0.338566 0.447139 0.326345 0.436870 0.329479 0.368122 0.331359 0.277243 0.328852 0.219565 0.330731 0.163461 0.337628 0.145287
4 0.244814 0.444643 0.249169 0.474826 0.246993 0.499513 0.243545 0.525122 0.241190 0.554391 0.239555 0.589148 0.234662 0.616122 0.227769 0.631670 0.220334 0.640817 0.213445 0.643104 0.207279 0.633957 0.215259 0.606070 0.218521 0.591435 0.216528 0.577252 0.212717 0.574974 0.209634 0.583200 0.206372 0.601948 0.203107 0.620243 0.194041 0.633504 0.190959 0.625270 0.188417 0.602861 0.189869 0.562626 0.190959 0.529243 0.190052 0.496313 0.192952 0.458817 0.198210 0.442357 0.204376 0.434122 0.216528 0.439609 0.223779 0.445096 0.232303 0.440522
