4 0.205033 0.279280 0.197977 0.282776 0.192173 0.264064 0.188907 0.250568 0.187277 0.256664 0.186733 0.274504 0.188000 0.296704 0.189090 0.321512 0.183107 0.358064 0.177483 0.384184 0.178933 0.408120 0.182380 0.428136 0.186913 0.436840 0.193803 0.443368 0.203960 0.453816 0.209400 0.447720 0.220280 0.431616 0.226807 0.410728 0.226083 0.349360 0.223907 0.306280 0.220460 0.270592 0.216100 0.247120 0.209400 0.235760 0.201767 0.226640 0.195980 0.230552 0.193080 0.234464 0.197070 0.246216 0.200697 0.256224
3 0.228983 0.239256 0.225720 0.263624 0.225540 0.283208 0.227170 0.310192 0.227897 0.333264 0.228077 0.356760 0.227897 0.378960 0.224993 0.398104 0.224813 0.412904 0.226083 0.439456 0.230617 0.449896 0.237690 0.450768 0.252013 0.452512 0.265613 0.451640 0.278490 0.427704 0.279217 0.405072 0.271963 0.368080 0.265613 0.319336 0.264347 0.267104 0.259087 0.241432 0.249293 0.224024 0.241497 0.229240 0.244760 0.245344 0.249113 0.263192 0.248930 0.282776 0.245667 0.291480 0.241677 0.272768 0.241860 0.250136 0.238050 0.234464 0.232973 0.227064
3 0.274683 0.241432 0.279033 0.253184 0.287193 0.237512 0.289007 0.218360 0.295717 0.220976 0.302970 0.236208 0.305327 0.252312 0.306597 0.274944 0.311493 0.317592 0.316933 0.355888 0.325637 0.385920 0.330897 0.402456 0.333617 0.426832 0.329083 0.434232 0.317660 0.445984 0.310950 0.453816 0.306233 0.448592 0.300613 0.427264 0.296807 0.416384 0.290277 0.407680 0.289007 0.376784 0.284293 0.373304 0.279397 0.378520 0.275770 0.387664 0.271237 0.361552 0.268697 0.322816 0.266160 0.279728 0.266160 0.248832 0.267610 0.232728
4 0.200540 0.461448 0.185123 0.473176 0.168580 0.481304 0.161437 0.490328 0.159930 0.521912 0.169330 0.560720 0.173467 0.598624 0.177603 0.656376 0.187757 0.687064 0.193020 0.666304 0.190767 0.614864 0.194150 0.601328 0.199037 0.619376 0.198660 0.643744 0.196407 0.678040 0.197910 0.696088 0.208063 0.670816 0.215207 0.631112 0.215207 0.581472 0.218967 0.539960 0.218590 0.489424 0.214080 0.473176
3 0.226940 0.476424 0.218667 0.503504 0.219043 0.546816 0.214153 0.609992 0.210393 0.655112 0.209267 0.702040 0.214907 0.720088 0.223930 0.695728 0.224307 0.662336 0.229193 0.628040 0.236717 0.613600 0.237843 0.632552 0.232957 0.655112 0.222803 0.710168 0.221673 0.721896 0.225433 0.721896 0.232203 0.714680 0.239723 0.696624 0.251003 0.669552 0.257773 0.622624 0.264917 0.589232 0.274317 0.554040 0.282213 0.522456 0.281087 0.500792 0.272063 0.485448 0.260407 0.480936 0.243483 0.480040
5 0.238597 0.483648 0.231827 0.488160 0.225060 0.502600 0.228443 0.516136 0.233330 0.530576 0.239333 0.539280 0.258900 0.535088 0.266420 0.540504 0.273943 0.526968 0.276950 0.513424 0.274317 0.498992 0.264917 0.488160 0.254390 0.491768 0.250630 0.481840 0.244987 0.487256
5 0.290123 0.490424 0.296913 0.489800 0.303180 0.491048 0.306837 0.494184 0.312843 0.492928 0.321983 0.495440 0.325637 0.498568 0.329553 0.502960 0.331907 0.504216 0.332690 0.511104 0.330077 0.523640 0.328250 0.536800 0.320153 0.545576 0.312580 0.551840 0.303443 0.546200 0.296130 0.534920 0.286990 0.524896 0.288037 0.508600
3 0.283073 0.491680 0.281247 0.511104 0.281767 0.528024 0.282553 0.552472 0.282290 0.580672 0.275763 0.628928 0.272630 0.677808 0.273150 0.719800 0.275763 0.743616 0.285163 0.734216 0.290387 0.707264 0.288297 0.689088 0.291690 0.646472 0.298220 0.622664 0.303703 0.623912 0.306313 0.640208 0.302660 0.661520 0.295870 0.695984 0.288820 0.722304 0.286470 0.750512 0.298220 0.741736 0.313887 0.704760 0.319633 0.649608 0.327203 0.598216 0.332427 0.562496 0.341567 0.523640 0.339477 0.493560 0.335040 0.481648 0.324070 0.491048 0.312843 0.487288 0.303703 0.485408 0.295870 0.486664 0.291170 0.486040
0 0.573920 0.172744 0.568173 0.251712 0.570263 0.331928 0.571307 0.409640 0.569220 0.451008 0.551463 0.459152 0.541017 0.449752 0.533967 0.435960 0.535533 0.375176 0.538933 0.337600 0.538927 0.265496 0.559037 0.192176
1 0.604210 0.152688 0.613350 0.256728 0.613090 0.334440 0.608910 0.397104 0.608390 0.439720 0.603950 0.454768 0.588020 0.458528 0.585410 0.461032 0.581493 0.434080 0.572613 0.411520 0.574963 0.362640 0.583580 0.286808 0.594287 0.195304
3 0.706313 0.249832 0.694040 0.274272 0.687510 0.306864 0.685160 0.335064 0.684117 0.369536 0.686727 0.403376 0.695867 0.413400 0.706313 0.412152 0.720413 0.405256 0.724330 0.408392 0.727723 0.374544 0.723023 0.332560 0.719630 0.300592 0.718323 0.264248 0.716233 0.253592 0.713363 0.258608 0.711013 0.274896 0.710230 0.299344 0.702657 0.316264 0.700307 0.308744 0.705007 0.278656 0.708400 0.261736
3 0.768200 0.226016 0.772117 0.266752 0.773160 0.299344 0.773160 0.334440 0.781777 0.390840 0.786217 0.415280 0.778907 0.446616 0.768983 0.442232 0.759060 0.455392 0.746003 0.449752 0.737127 0.443480 0.728507 0.421552 0.731380 0.371416 0.733990 0.320024 0.734773 0.267376 0.737387 0.227896 0.750180 0.208464 0.755143 0.212856 0.751747 0.242312 0.751487 0.269888 0.753577 0.282416 0.758800 0.286808 0.762717 0.273016 0.761410 0.251088 0.760887 0.236672 0.762193 0.220376 0.766110 0.212232
4 0.782560 0.450376 0.772640 0.476072 0.769243 0.494872 0.774207 0.532480 0.779690 0.572584 0.788047 0.644032 0.796140 0.676616 0.805280 0.651552 0.793530 0.603296 0.797967 0.568200 0.806063 0.585120 0.807370 0.623976 0.812330 0.644656 0.821470 0.621472 0.824343 0.580104 0.820687 0.544384 0.828260 0.521192 0.830610 0.486104 0.823820 0.456648 0.812590 0.449128 0.798750 0.452256 0.788830 0.449128
5 0.719630 0.501144 0.737910 0.483592 0.744960 0.484848 0.759583 0.479208 0.762193 0.494872 0.756970 0.513048 0.752793 0.529968 0.740260 0.540624 0.728770 0.553784 0.720153 0.541248 0.715190 0.519944 0.716497 0.506784
2 0.626407 0.152688 0.638680 0.257352 0.644423 0.348848 0.645990 0.417160 0.643380 0.450376 0.634500 0.459776 0.626667 0.461032 0.623013 0.437840 0.616223 0.447248 0.610740 0.443480 0.606037 0.417792 0.608127 0.370160 0.612567 0.296832 0.619617 0.212856
2 0.670013 0.168984 0.676020 0.218496 0.678370 0.337568 0.678633 0.405880 0.681767 0.444736 0.672627 0.468552 0.658003 0.464792 0.646513 0.449752 0.640507 0.419040 0.642857 0.369536 0.649907 0.306864 0.661397 0.193424
3 0.730073 0.481712 0.715973 0.494248 0.709183 0.514928 0.708400 0.543128 0.721197 0.586376 0.745220 0.651552 0.760367 0.692288 0.779167 0.731144 0.779167 0.701688 0.768723 0.664088 0.758277 0.624600 0.756187 0.602672 0.764543 0.607680 0.769767 0.631496 0.770027 0.660952 0.777860 0.691032 0.783343 0.710464 0.788307 0.704824 0.785433 0.655936 0.780733 0.594520 0.772377 0.533104 0.771073 0.500512 0.766110 0.476696 0.755143 0.469176 0.743393 0.466048 0.734773 0.478576
2 0.639457 0.497432 0.628423 0.513752 0.626007 0.524632 0.625553 0.540224 0.629527 0.565032 0.632927 0.595752 0.638927 0.667200 0.647027 0.736760 0.655383 0.788152 0.661383 0.788152 0.665570 0.754936 0.662697 0.717936 0.659570 0.672208 0.660083 0.613304 0.662953 0.561912 0.667140 0.539976 0.663997 0.522416 0.650153 0.501128
2 0.607027 0.495136 0.602013 0.511680 0.594803 0.519952 0.592610 0.534248 0.593863 0.558312 0.596370 0.590648 0.600760 0.649312 0.606713 0.728272 0.627707 0.793704 0.628333 0.722256 0.622380 0.641784 0.628333 0.572600 0.626140 0.512432 0.617993 0.504160
2 0.391180 0.494184 0.378123 0.506720 0.372903 0.528024 0.369507 0.558736 0.368987 0.606992 0.370030 0.672800 0.369247 0.740480 0.372903 0.781848 0.376557 0.787488 0.385437 0.744240 0.391443 0.661520 0.399537 0.600096 0.406327 0.560616 0.412333 0.538680 0.408677 0.521136 0.396927 0.497320
2 0.353580 0.497320 0.342350 0.506720 0.332690 0.515496 0.333993 0.535544 0.334777 0.566880 0.335823 0.601976 0.335823 0.663400 0.335823 0.708520 0.335560 0.759912 0.337127 0.782472 0.351750 0.757400 0.360630 0.692224 0.362457 0.622032 0.362717 0.578160 0.368987 0.539936 0.370813 0.523640 0.363763 0.506096
0 0.514333 0.231200 0.508333 0.231200 0.503667 0.239200 0.502333 0.246400 0.501000 0.263200 0.499000 0.270400 0.499000 0.275200 0.497333 0.278400 0.498000 0.284800 0.496667 0.294400 0.497000 0.299200 0.496000 0.308800 0.496667 0.314400 0.495000 0.324800 0.495333 0.331200 0.492667 0.345600 0.490333 0.376000 0.489333 0.380000 0.487333 0.423200 0.486333 0.430400 0.486667 0.442400 0.485000 0.448000 0.485000 0.452800 0.486667 0.455200 0.493667 0.458400 0.499333 0.457600 0.502333 0.453600 0.515000 0.456000 0.516333 0.454400 0.521333 0.456000 0.526000 0.452800 0.530667 0.443200 0.531667 0.437600 0.532000 0.385600 0.531667 0.369600 0.530000 0.346400 0.530333 0.328800 0.529333 0.315200 0.530000 0.312000 0.529333 0.293600 0.526667 0.272000 0.522000 0.252000 0.522667 0.247200
0 0.463000 0.207200 0.453667 0.228800 0.446667 0.274400 0.447333 0.342400 0.440333 0.408000 0.443667 0.440000 0.446333 0.448800 0.451000 0.455200 0.467000 0.460800 0.481667 0.452800 0.484333 0.443200 0.485333 0.348000 0.484000 0.338400 0.484000 0.297600 0.482333 0.288000 0.483000 0.258400 0.482000 0.243200 0.479333 0.232800 0.480000 0.224800 0.470333 0.214400 0.469000 0.208800
5 0.646557 0.507224 0.643233 0.514112 0.646407 0.521008 0.648370 0.532608 0.647463 0.548208 0.653207 0.552560 0.661217 0.551472 0.661520 0.547120 0.660007 0.525360 0.660913 0.523544 0.658647 0.518104 0.656987 0.511216 0.652150 0.506136 0.648977 0.504320
5 0.632807 0.515568 0.629483 0.518464 0.628123 0.524272 0.627970 0.530432 0.630237 0.537688 0.630843 0.548928 0.636887 0.547840 0.643687 0.545664 0.640817 0.532976 0.638397 0.518464 0.640210 0.511936 0.635980 0.512304
5 0.600760 0.518448 0.605773 0.528224 0.604967 0.538560 0.601900 0.543920 0.596500 0.543920 0.594490 0.529728 0.595430 0.520704
5 0.615173 0.511680 0.606400 0.513184 0.605460 0.519200 0.607653 0.525968 0.608593 0.536504 0.609533 0.543272 0.617367 0.544776 0.620813 0.541016 0.621127 0.534248 0.619873 0.527472 0.620187 0.519200 0.616740 0.515440
1 0.568170 0.492880 0.558143 0.505664 0.558143 0.531992 0.558143 0.605688 0.561903 0.640280 0.570363 0.738048 0.583210 0.785432 0.590730 0.804984 0.596997 0.792200 0.593550 0.733536 0.591983 0.613208 0.594177 0.550040 0.587597 0.498144 0.575690 0.495136
0 0.528060 0.498896 0.526180 0.532744 0.532447 0.605688 0.539653 0.695184 0.547800 0.731280 0.555010 0.744064 0.559397 0.698192 0.556577 0.632008 0.556577 0.543272 0.556577 0.504912 0.544980 0.492128 0.532760 0.494384
0 0.524300 0.495136 0.502677 0.486112 0.497037 0.516192 0.505813 0.625992 0.508007 0.721504 0.520540 0.764376 0.531820 0.722256 0.529627 0.604936 0.525867 0.512432
0 0.472913 0.486664 0.471870 0.529280 0.479967 0.610752 0.481793 0.692848 0.488320 0.748632 0.500333 0.726064 0.501900 0.624544 0.502683 0.528024 0.501640 0.488544 0.487017 0.484160
0 0.470303 0.483528 0.442883 0.504216 0.440273 0.525520 0.442883 0.567512 0.447063 0.630184 0.450720 0.721056 0.458030 0.774320 0.466387 0.723560 0.473437 0.623288 0.473437 0.556232 0.473437 0.508600
2 0.354333 0.248800 0.347000 0.251200 0.345000 0.255200 0.343667 0.277600 0.343333 0.308800 0.340333 0.345600 0.340000 0.364000 0.336667 0.384000 0.334000 0.415200 0.335000 0.430400 0.336333 0.436000 0.344333 0.452800 0.349000 0.456800 0.353333 0.456000 0.358000 0.450400 0.371000 0.421600 0.373667 0.404800 0.373333 0.378400 0.370667 0.361600 0.370667 0.357600 0.368000 0.345600 0.368667 0.340800 0.367667 0.337600 0.368000 0.333600 0.366667 0.328800 0.366000 0.302400 0.364000 0.292000 0.363000 0.279200 0.360667 0.272800 0.358000 0.255200 0.357000 0.252000
1 0.423040 0.485408 0.408417 0.516744 0.405020 0.551840 0.403717 0.593832 0.406067 0.694728 0.411027 0.759280 0.420427 0.798136 0.429307 0.802528 0.435313 0.699120 0.441317 0.552472 0.442623 0.514240 0.431657 0.490424
2 0.393333 0.230400 0.391000 0.232800 0.391667 0.236000 0.388667 0.244000 0.382333 0.245600 0.381333 0.248000 0.376667 0.248000 0.374333 0.279200 0.373333 0.282400 0.373333 0.294400 0.374333 0.298400 0.374333 0.319200 0.374200 0.325520 0.374333 0.328000 0.373667 0.333600 0.373667 0.358400 0.374667 0.376000 0.374667 0.404800 0.373667 0.414400 0.373667 0.425600 0.374333 0.432000 0.379333 0.452000 0.384000 0.464800 0.387333 0.467200 0.392000 0.465600 0.397333 0.456000 0.401667 0.436800 0.406000 0.426400 0.407667 0.404800 0.408333 0.359200 0.406000 0.329600 0.405667 0.309600 0.405000 0.301600 0.403000 0.292000 0.402000 0.276000 0.399333 0.268000 0.401333 0.264000 0.400333 0.256000 0.395000 0.236800 0.395667 0.232800
1 0.422333 0.214400 0.418000 0.217600 0.418000 0.220800 0.415000 0.231200 0.415333 0.237600 0.413333 0.252000 0.412667 0.279200 0.411667 0.290400 0.412333 0.302400 0.411333 0.342400 0.410667 0.345600 0.410667 0.357600 0.410000 0.360000 0.408333 0.416800 0.410000 0.432000 0.413667 0.439200 0.419667 0.444800 0.428667 0.448000 0.436000 0.444800 0.440000 0.436000 0.445400 0.408000 0.444667 0.376320 0.442000 0.370400 0.442000 0.351200 0.438333 0.322400 0.438333 0.313600 0.439000 0.312000 0.438333 0.302400 0.437000 0.297600 0.433667 0.270400 0.431000 0.260000 0.429333 0.235200 0.425000 0.221600 0.426000 0.216000
