2 0.411107 0.445809 0.394653 0.470330 0.391260 0.476461 0.394653 0.513930 0.396220 0.547991 0.397787 0.575922 0.398310 0.618835 0.396483 0.652896 0.392827 0.684226 0.396220 0.706026 0.413977 0.677417 0.424683 0.618835 0.429123 0.558209 0.423900 0.516652 0.429123 0.480548 0.425730 0.453304 0.419723 0.443765
2 0.379770 0.433548 0.368280 0.436948 0.352613 0.462835 0.355223 0.490087 0.359923 0.522783 0.360447 0.558887 0.359140 0.605209 0.353397 0.645400 0.356007 0.697174 0.356270 0.730548 0.361490 0.740774 0.380293 0.641313 0.387867 0.562296 0.392567 0.509843 0.398310 0.460791 0.394917 0.436270 0.388650 0.426730
2 0.610870 0.425374 0.599120 0.435591 0.595983 0.458748 0.600423 0.509157 0.602513 0.565017 0.607473 0.639270 0.614263 0.690357 0.627843 0.724417 0.636200 0.722374 0.632803 0.665157 0.626800 0.599043 0.629930 0.478504 0.630193 0.438991 0.618963 0.419243
2 0.634633 0.421965 0.630193 0.428096 0.629930 0.464878 0.634370 0.510522 0.638550 0.538452 0.639593 0.592270 0.646903 0.641313 0.652910 0.704670 0.666490 0.736687 0.676673 0.710800 0.670930 0.665157 0.665707 0.526870 0.666230 0.458070 0.664400 0.438991 0.657873 0.426730 0.646903 0.413113
2 0.682157 0.108609 0.684247 0.225774 0.686073 0.284365 0.692080 0.344304 0.692080 0.364748 0.687120 0.392670 0.673280 0.387904 0.661267 0.389948 0.654477 0.341583 0.660327 0.268417 0.665653 0.166243 0.670980 0.115557 0.677560 0.101661
2 0.638393 0.084513 0.648107 0.172791 0.658760 0.275791 0.663147 0.377157 0.657193 0.401678 0.644660 0.393504 0.634007 0.388600 0.626170 0.370617 0.621783 0.316661 0.625543 0.251270 0.628677 0.154809
2 0.377053 0.114757 0.408390 0.276609 0.413403 0.313391 0.418730 0.362443 0.415283 0.396774 0.410270 0.412304 0.401183 0.404948 0.397423 0.413122 0.382693 0.423748 0.375800 0.414757 0.373293 0.385330 0.375173 0.322383 0.375173 0.244730 0.371727 0.185052 0.369533 0.118843
2 0.353240 0.131104 0.356687 0.205496 0.362953 0.261078 0.372353 0.317478 0.378307 0.342009 0.381440 0.373070 0.380500 0.403313 0.374547 0.413939 0.357313 0.429470 0.352300 0.425383 0.344780 0.416391 0.339767 0.387783 0.339767 0.321565 0.338200 0.271704 0.340080 0.185052 0.335377 0.127017 0.350107 0.112304
1 0.454713 0.425374 0.461243 0.439678 0.459937 0.478504 0.457063 0.519374 0.459413 0.589539 0.458110 0.644722 0.454193 0.703304 0.451057 0.731235 0.444790 0.750304 0.434083 0.710800 0.434083 0.616113 0.433040 0.522104 0.430690 0.468965 0.428600 0.451939 0.440353 0.441722
0 0.479783 0.420600 0.489707 0.427417 0.486573 0.453983 0.484733 0.505043 0.487617 0.637226 0.494143 0.715565 0.482133 0.730548 0.473777 0.685591 0.464900 0.595652 0.460467 0.518000 0.460720 0.478504 0.460980 0.436270
0 0.490490 0.429461 0.486833 0.458070 0.487617 0.496217 0.488140 0.547991 0.489443 0.610661 0.491533 0.663113 0.496493 0.713522 0.506680 0.738730 0.513730 0.705348 0.509813 0.649487 0.510597 0.570470 0.514250 0.545261 0.512423 0.503713 0.510857 0.437635 0.494407 0.420600
0 0.511117 0.430139 0.534360 0.424687 0.532790 0.505757 0.532530 0.556165 0.534620 0.596357 0.536187 0.653574 0.535403 0.720330 0.523130 0.671287 0.518170 0.577965 0.514513 0.500304
0 0.540103 0.421287 0.534620 0.434226 0.535927 0.475096 0.542453 0.541174 0.545063 0.601122 0.551070 0.664478 0.559687 0.721696 0.566217 0.696496 0.562037 0.612704 0.561517 0.508478 0.562820 0.433548 0.551593 0.423330
1 0.574573 0.411748 0.565957 0.434226 0.562560 0.475096 0.568043 0.513243 0.570917 0.560252 0.572223 0.613383 0.581623 0.702626 0.591023 0.736000 0.603557 0.677417 0.598857 0.579322 0.597030 0.487365 0.596507 0.438313 0.586847 0.429461
1 0.395857 0.079609 0.412463 0.163800 0.427190 0.242278 0.440667 0.304400 0.447873 0.357539 0.445367 0.391870 0.437533 0.413939 0.419670 0.420478 0.412150 0.399226 0.408703 0.351817 0.405257 0.300313 0.397423 0.228383 0.393663 0.153991 0.388650 0.105765 0.389590 0.082061
0 0.462913 0.064070 0.473880 0.170339 0.477327 0.230017 0.477953 0.279061 0.477953 0.340374 0.476387 0.383696 0.471687 0.403313 0.456020 0.408217 0.448187 0.404130 0.443800 0.367348 0.443487 0.327296 0.444740 0.257809 0.447247 0.177696 0.448500 0.121296 0.453513 0.068974 0.456647 0.052626
0 0.496757 0.080426 0.496757 0.160530 0.504903 0.221026 0.510543 0.275791 0.516497 0.318296 0.519630 0.360809 0.517437 0.383696 0.507410 0.397591 0.498323 0.403313 0.485477 0.398409 0.479207 0.386965 0.478267 0.337104 0.480147 0.280696 0.478893 0.219391 0.478580 0.160530 0.482653 0.100043 0.484537 0.057530 0.492057 0.053443
0 0.541567 0.077974 0.549400 0.116391 0.553473 0.211217 0.555040 0.291322 0.560053 0.361626 0.557233 0.384513 0.547207 0.397591 0.529970 0.392687 0.523703 0.390235 0.519943 0.352635 0.523703 0.298678 0.529970 0.240643 0.532480 0.179330 0.534987 0.117209
0 0.583240 0.092687 0.588257 0.248000 0.588883 0.306035 0.593583 0.365713 0.582930 0.390235 0.566633 0.383696 0.560367 0.335470 0.566947 0.294591 0.570707 0.181783 0.577913 0.116391
1 0.620530 0.066522 0.630247 0.121296 0.629307 0.178513 0.626797 0.321565 0.626483 0.364896 0.625230 0.393504 0.617710 0.403313 0.604237 0.391052 0.596090 0.381243 0.594210 0.343643 0.596403 0.301948 0.606117 0.258626 0.612383 0.178513 0.614890 0.116391
3 0.262067 0.149130 0.271767 0.162983 0.278660 0.189139 0.280853 0.210400 0.278973 0.244730 0.277407 0.263530 0.278660 0.292957 0.280227 0.313391 0.283673 0.328930 0.287120 0.348548 0.287120 0.367348 0.284300 0.382061 0.272080 0.398409 0.259233 0.401678 0.249833 0.399226 0.239803 0.390235 0.229777 0.368983 0.229463 0.316661 0.236043 0.289687 0.239803 0.258626 0.239177 0.214487 0.237297 0.181783 0.238237 0.138461 0.244193 0.130287 0.252653 0.159713 0.253593 0.182600 0.253907 0.212035 0.257353 0.240643 0.260487 0.252087 0.265500 0.243913 0.266127 0.233287 0.262367 0.202226 0.258293 0.173609 0.255473 0.151539
3 0.309683 0.136826 0.306237 0.153174 0.305923 0.176061 0.309057 0.208765 0.315323 0.234104 0.317830 0.259443 0.312190 0.267617 0.303730 0.247183 0.301223 0.216939 0.297463 0.173609 0.289943 0.150722 0.289003 0.234104 0.292137 0.306035 0.284613 0.361626 0.294017 0.413122 0.304983 0.415574 0.316577 0.411487 0.331303 0.407400 0.341020 0.394322 0.345720 0.366530 0.343213 0.336287 0.332557 0.296226 0.321900 0.182609
3 0.266567 0.415000 0.254657 0.423174 0.249017 0.453426 0.246197 0.487757 0.246197 0.521270 0.232097 0.592391 0.229277 0.629991 0.228023 0.662687 0.239617 0.646339 0.252777 0.605470 0.257790 0.572774 0.268133 0.549061 0.264060 0.589122 0.257790 0.613643 0.247137 0.636530 0.242437 0.664322 0.245570 0.678226 0.259987 0.657783 0.277847 0.614461 0.291320 0.562148 0.293827 0.526991 0.298840 0.505739 0.301033 0.492661 0.305733 0.454243 0.301347 0.441165 0.290380 0.427270 0.278787 0.432174
3 0.314197 0.437078 0.303853 0.452609 0.298527 0.477948 0.302287 0.503287 0.305733 0.540070 0.299780 0.605470 0.296333 0.675765 0.301033 0.713374 0.311690 0.700296 0.317017 0.662687 0.316703 0.617730 0.323910 0.565417 0.328933 0.570348 0.326417 0.612009 0.320777 0.641435 0.316077 0.682313 0.322970 0.700296 0.335190 0.675765 0.342710 0.623452 0.350543 0.577678 0.351170 0.539252 0.356810 0.485304 0.359633 0.459965 0.358380 0.440348 0.353990 0.431357 0.338950 0.437078 0.332057 0.444435 0.324850 0.440348
3 0.737777 0.139948 0.740910 0.195122 0.740127 0.231913 0.734907 0.288452 0.737257 0.330687 0.740390 0.365426 0.733077 0.379052 0.720020 0.395400 0.706180 0.391313 0.695997 0.386539 0.689730 0.370191 0.689470 0.338174 0.693647 0.299348 0.697563 0.268009 0.695997 0.225774 0.702527 0.176730 0.711403 0.132452 0.720283 0.116783 0.722370 0.139261 0.717410 0.166513 0.714800 0.195809 0.715843 0.221009 0.721327 0.230548 0.726810 0.216243 0.726810 0.188991 0.728377 0.165148 0.735950 0.139261
3 0.785043 0.140626 0.790263 0.198530 0.786870 0.231913 0.781910 0.268009 0.784780 0.290496 0.788177 0.320470 0.789480 0.351800 0.786347 0.372235 0.779820 0.382452 0.771987 0.384496 0.764153 0.381096 0.753447 0.379052 0.744307 0.378365 0.740390 0.357252 0.738300 0.314339 0.745090 0.271417 0.745613 0.228504 0.747700 0.182861 0.754750 0.153574 0.764413 0.133130 0.766763 0.137904 0.764937 0.174009 0.763107 0.200574 0.766763 0.216922 0.774857 0.198530 0.777993 0.171965 0.776423 0.154252 0.779037 0.135861 0.784780 0.135174
3 0.750050 0.393357 0.736993 0.401530 0.727070 0.406296 0.721327 0.410383 0.718453 0.430139 0.716103 0.453304 0.720803 0.483278 0.725767 0.507800 0.733600 0.542539 0.738040 0.594313 0.750833 0.637226 0.764153 0.650852 0.776163 0.656304 0.774597 0.635183 0.765980 0.617470 0.756840 0.582730 0.757100 0.547991 0.762323 0.557522 0.764673 0.580687 0.767807 0.609296 0.773813 0.624965 0.782170 0.648122 0.789743 0.641313 0.789743 0.622922 0.780080 0.572513 0.775380 0.520739 0.769373 0.489409 0.772247 0.440357 0.758930 0.398809
3 0.667013 0.418557 0.663357 0.445809 0.668840 0.500983 0.674323 0.558887 0.680590 0.640635 0.703310 0.686957 0.710620 0.686957 0.710880 0.646078 0.699393 0.611339 0.694170 0.559565 0.698610 0.549348 0.702003 0.570470 0.703830 0.592270 0.706443 0.616113 0.708793 0.637904 0.712710 0.658348 0.715060 0.667878 0.717933 0.667878 0.718977 0.649487 0.718193 0.603843 0.716627 0.508478 0.719500 0.443765 0.713233 0.424009 0.698610 0.421287 0.678763 0.413791
5 0.671713 0.422643 0.671973 0.439678 0.677457 0.460113 0.686597 0.473052 0.690773 0.476461 0.695213 0.490765 0.698870 0.503026 0.702787 0.512565 0.713753 0.508478 0.717150 0.505757 0.717410 0.452617 0.715583 0.432861 0.709313 0.424009 0.697827 0.419922 0.689207 0.420600 0.681373 0.417200 0.671713 0.419243
5 0.692863 0.330687 0.697303 0.327957 0.701743 0.340904 0.705660 0.341583 0.712450 0.342948 0.714277 0.342948 0.717150 0.351122 0.717933 0.354522 0.719760 0.344304 0.720020 0.322513 0.724720 0.302070 0.731250 0.294583 0.735690 0.307522 0.737257 0.317739 0.737517 0.338861 0.738823 0.358617 0.740127 0.364061 0.735167 0.372235 0.726287 0.381774 0.721067 0.390626 0.715320 0.389270 0.706963 0.386539 0.695473 0.387226 0.691037 0.374278 0.687903 0.362017 0.692340 0.339539
5 0.740650 0.322513 0.740390 0.349757 0.740910 0.366104 0.745613 0.377009 0.750573 0.374965 0.757363 0.377687 0.765980 0.379052 0.776163 0.378365 0.781910 0.374278 0.788437 0.345670 0.785827 0.321826 0.780080 0.314339 0.769373 0.303435 0.759450 0.315017 0.751617 0.327957 0.744307 0.320470
5 0.756580 0.418557 0.757363 0.435591 0.753967 0.449217 0.747440 0.458070 0.740390 0.464878 0.735427 0.463522 0.731250 0.456026 0.726027 0.455348 0.722110 0.451261 0.720803 0.436270 0.721067 0.430139 0.732293 0.420600 0.742217 0.413791 0.752140 0.411748
