1 0.585957 0.193975 0.569767 0.248167 0.569767 0.295167 0.567417 0.371550 0.568463 0.401575 0.567417 0.442050 0.570030 0.451192 0.569767 0.460333 0.588830 0.468167 0.598493 0.454458 0.606587 0.397658 0.605543 0.340867 0.597187 0.211608
3 0.728690 0.213825 0.736263 0.237975 0.734957 0.275842 0.732087 0.328067 0.732347 0.357442 0.739137 0.391392 0.740180 0.410325 0.733653 0.429258 0.715373 0.438392 0.704143 0.446883 0.691870 0.447533 0.687953 0.436433 0.690567 0.403142 0.690567 0.374417 0.692393 0.338517 0.691610 0.292167 0.694483 0.255608 0.699967 0.230142 0.706493 0.222967 0.711717 0.230142 0.713283 0.252992 0.713023 0.277150 0.714067 0.298692 0.718507 0.297383 0.722163 0.278450 0.721640 0.264092 0.721900 0.243200 0.725817 0.226883 0.726600 0.221658
3 0.727540 0.477892 0.744223 0.455675 0.758913 0.442533 0.769067 0.424850 0.777590 0.435275 0.780493 0.458850 0.787020 0.497842 0.790647 0.511442 0.793910 0.520958 0.803887 0.555417 0.806607 0.568558 0.809507 0.593042 0.809143 0.609367 0.806423 0.618883 0.803523 0.618883 0.796630 0.610725 0.792823 0.596217 0.789197 0.581258 0.784483 0.569467 0.779587 0.559042 0.773420 0.544533 0.772693 0.545892 0.771970 0.554058 0.773240 0.562217 0.777047 0.571283 0.785207 0.595767 0.789377 0.606192 0.795180 0.620242 0.799170 0.629308 0.798990 0.636108 0.794637 0.639283 0.789017 0.635658 0.783213 0.629767 0.775053 0.615258 0.761813 0.593042 0.754017 0.567658 0.740960 0.542267 0.736247 0.534558 0.732620 0.513708 0.729353 0.494217
0 0.548093 0.226617 0.540520 0.259258 0.535300 0.325850 0.538170 0.383300 0.536867 0.423117 0.540260 0.451192 0.558540 0.459025 0.568723 0.434217 0.567680 0.386558 0.568983 0.327158 0.567680 0.260567 0.560367 0.225967
2 0.369887 0.510308 0.365170 0.524817 0.357917 0.537508 0.352477 0.546125 0.349393 0.556092 0.355560 0.595992 0.359910 0.638608 0.363537 0.681217 0.363537 0.718850 0.371553 0.781408 0.382000 0.749450 0.386440 0.699175 0.388527 0.611675 0.389053 0.530075 0.383830 0.514433 0.376523 0.509850
2 0.620167 0.514250 0.609537 0.526525 0.604837 0.533708 0.605097 0.560475 0.613193 0.670150 0.623117 0.729558 0.626773 0.776558 0.639830 0.770683 0.645833 0.715842 0.638000 0.658400 0.642500 0.573083 0.643133 0.527500
2 0.679123 0.535467 0.686560 0.520958 0.702880 0.506450 0.717567 0.483783 0.727723 0.485600 0.734793 0.530483 0.734070 0.537283 0.728630 0.539550 0.723190 0.525950 0.717567 0.533200 0.712853 0.542725 0.710133 0.551792 0.706143 0.550883 0.705057 0.563125 0.705963 0.582158 0.705780 0.592592 0.702153 0.598483 0.701430 0.608458 0.697800 0.610725 0.693267 0.602567 0.686377 0.578533 0.679123 0.546350
2 0.684743 0.519150 0.678037 0.535467 0.678397 0.544992 0.681663 0.562667 0.687103 0.587150 0.699977 0.620700 0.721377 0.688700 0.740237 0.716808 0.747670 0.716350 0.748757 0.706383 0.748757 0.695050 0.746943 0.683258 0.743500 0.672833 0.736970 0.654242 0.728993 0.639283 0.725367 0.621600 0.726633 0.617067 0.728630 0.616617 0.731530 0.617525 0.734250 0.622058 0.738060 0.636108 0.743317 0.651075 0.750210 0.670567 0.758370 0.685075 0.768887 0.685983 0.769973 0.682350 0.770520 0.674642 0.769793 0.665575 0.768887 0.654700 0.767437 0.646083 0.765987 0.639283 0.757463 0.612083 0.744407 0.577625 0.736063 0.539550 0.734070 0.518242 0.730807 0.506000 0.728267 0.484242 0.725183 0.481517 0.720107 0.481975 0.717203 0.484692 0.712490 0.487867 0.711220 0.492400 0.705780 0.499650 0.704330 0.504642 0.695627 0.509175
2 0.741503 0.538642 0.745313 0.531842 0.747307 0.524133 0.746400 0.512350 0.746943 0.502825 0.747670 0.494667 0.751477 0.488775 0.754923 0.479250 0.758730 0.473358 0.764717 0.467467 0.764353 0.454775 0.762360 0.442533 0.753473 0.451142 0.745313 0.460208 0.735883 0.468375 0.730623 0.478342 0.727723 0.482425 0.731530 0.501467 0.733163 0.512350 0.736427 0.528217 0.738060 0.535017
2 0.666410 0.230367 0.666630 0.230367 0.665540 0.229275 0.660970 0.233625 0.656620 0.249950 0.654660 0.259200 0.650090 0.281500 0.648350 0.302175 0.646390 0.329375 0.643780 0.348958 0.637687 0.379425 0.632900 0.402817 0.630290 0.419142 0.631160 0.436000 0.635510 0.452867 0.644433 0.463750 0.650960 0.471908 0.656400 0.471367 0.669023 0.462117 0.676857 0.459392 0.687303 0.458850 0.689043 0.446883 0.687953 0.432742 0.689477 0.397925 0.687953 0.366908 0.686867 0.336992 0.688607 0.303808 0.689477 0.276608 0.691000 0.248858 0.691220 0.231450 0.687737 0.228733 0.682513 0.230908 0.681643 0.234717 0.675933 0.254500 0.672867 0.274750 0.671600 0.287500 0.669133 0.298667 0.668733 0.286750 0.666433 0.272750 0.668587 0.256475 0.669240 0.238525 0.668807 0.228183
2 0.672913 0.309767 0.675483 0.320725 0.675030 0.334325 0.673670 0.352833 0.672913 0.359633 0.664903 0.354350 0.665960 0.329417 0.669587 0.312408
2 0.673670 0.360392 0.664450 0.354725 0.660220 0.359633 0.655080 0.366433 0.651153 0.384192 0.649037 0.393633 0.647223 0.398925 0.644050 0.399308 0.639820 0.402325 0.639063 0.397792 0.637097 0.396658 0.633170 0.405350 0.630600 0.414417 0.629997 0.425375 0.631810 0.435192 0.633923 0.447658 0.636190 0.452950 0.643293 0.454083 0.650547 0.453708 0.655080 0.460125 0.660220 0.463525 0.663997 0.459375 0.670343 0.458617 0.681377 0.455975 0.685757 0.451817 0.687270 0.436325 0.687117 0.401192 0.688177 0.374750 0.685457 0.368700 0.677750 0.366058
2 0.250823 0.210667 0.255393 0.220458 0.261270 0.242767 0.262357 0.250925 0.263880 0.266700 0.264750 0.280850 0.266927 0.291183 0.268670 0.295533 0.270410 0.294992 0.270410 0.291183 0.270410 0.277042 0.269103 0.271600 0.266273 0.263983 0.264100 0.242767 0.264970 0.224817 0.270193 0.216108 0.276720 0.222092 0.282597 0.240050 0.284553 0.258000 0.286513 0.274867 0.287817 0.296625 0.288037 0.319475 0.288907 0.353200 0.291083 0.370067 0.292607 0.384758 0.294563 0.400533 0.296087 0.410867 0.295653 0.431000 0.294130 0.442967 0.289993 0.453300 0.279330 0.459833 0.260183 0.444600 0.247560 0.431000 0.240597 0.421750 0.237987 0.399442 0.244297 0.364625 0.247127 0.349942 0.245383 0.317842 0.243210 0.276500 0.244730 0.236242 0.245820 0.210667
2 0.290430 0.250383 0.295000 0.306417 0.293693 0.363542 0.295000 0.423383 0.293910 0.436983 0.297177 0.447858 0.305880 0.461458 0.329600 0.468533 0.346353 0.456567 0.352013 0.440792 0.351577 0.419575 0.347660 0.390742 0.343307 0.370067 0.341567 0.317300 0.340697 0.271600 0.336780 0.243308 0.332210 0.234058 0.327203 0.231342 0.322417 0.243308 0.320893 0.261267 0.320893 0.277583 0.321113 0.280300 0.316760 0.263983 0.313060 0.243858 0.306750 0.231883 0.297827 0.228075 0.290430 0.237325
0 0.511083 0.219917 0.497590 0.307508 0.492370 0.373875 0.484100 0.423925 0.483230 0.458742 0.485623 0.474517 0.496070 0.476150 0.512170 0.473975 0.528710 0.473975 0.532843 0.453300 0.532190 0.383667 0.533060 0.297717 0.518483 0.205775
0 0.446020 0.222092 0.433833 0.303700 0.429263 0.351025 0.425563 0.398358 0.423607 0.428275 0.424477 0.444600 0.439707 0.451667 0.469737 0.456567 0.471480 0.414675 0.474307 0.354833 0.462557 0.257458
0 0.435357 0.222642 0.420560 0.224817 0.406413 0.255283 0.397057 0.294992 0.390093 0.339600 0.388137 0.389108 0.387917 0.415767 0.391180 0.436983 0.407283 0.439700 0.422083 0.428825 0.426650 0.397808 0.430787 0.327092 0.433613 0.263983
1 0.356800 0.226450 0.349620 0.249292 0.352447 0.284108 0.356583 0.334158 0.353753 0.376592 0.352447 0.415767 0.352447 0.442967 0.359410 0.450583 0.375730 0.445683 0.390747 0.434258 0.392053 0.398358 0.386613 0.362992 0.380520 0.301517 0.370290 0.241133 0.363327 0.215567
1 0.568280 0.519342 0.569847 0.573533 0.582380 0.715842 0.587863 0.790917 0.605097 0.764150 0.608233 0.699525 0.605620 0.617267 0.604053 0.550683 0.599877 0.525225 0.597263 0.515425 0.588907 0.512167 0.577940 0.515425
0 0.498297 0.505633 0.499603 0.604208 0.504303 0.723025 0.524147 0.764150 0.536420 0.724983 0.531983 0.501067 0.515010 0.499758 0.507173 0.499758
0 0.462783 0.504333 0.497000 0.504333 0.497513 0.580058 0.500647 0.698217 0.492813 0.748483 0.473750 0.717150 0.464350 0.576792
0 0.432153 0.508508 0.431630 0.523525 0.431370 0.562692 0.433457 0.595333 0.437113 0.662575 0.442860 0.702400 0.445470 0.725900 0.450693 0.725900 0.459570 0.691950 0.462703 0.643642 0.460353 0.565308 0.461667 0.513083 0.457483 0.502633 0.441553 0.505242
1 0.413100 0.494167 0.401333 0.502667 0.394033 0.525500 0.394290 0.559425 0.391940 0.605125 0.392460 0.667800 0.394550 0.725242 0.398727 0.761150 0.408913 0.799017 0.419097 0.762458 0.420923 0.696525 0.426930 0.616875 0.430063 0.559425 0.431107 0.530050 0.428757 0.506550 0.424580 0.500675
5 0.278670 0.507133 0.273957 0.509400 0.264163 0.538867 0.259087 0.557000 0.261080 0.571958 0.264890 0.575133 0.263257 0.586467 0.247117 0.632708 0.250927 0.640417 0.273230 0.589642 0.278127 0.595992 0.285200 0.601433 0.289370 0.611858 0.299887 0.606417 0.303877 0.596900 0.313127 0.581933 0.315303 0.557000 0.315120 0.536150 0.308050 0.527533 0.285923 0.509850
4 0.223907 0.428700 0.231703 0.448200 0.250563 0.462250 0.267973 0.504417 0.265797 0.524358 0.252920 0.561992 0.221187 0.625000 0.203417 0.640417 0.194530 0.646767 0.189997 0.633167 0.197430 0.610500 0.209217 0.588283 0.217017 0.572417 0.217197 0.566975 0.215747 0.566067 0.213027 0.569692 0.210670 0.573775 0.199243 0.595533 0.188547 0.618658 0.176033 0.633617 0.172223 0.618658 0.174400 0.597350 0.188547 0.555642 0.199970 0.522092 0.205773 0.499425 0.207403 0.484008 0.209217 0.463608 0.213570 0.437767 0.219010 0.425983
5 0.227533 0.440033 0.219917 0.448650 0.210670 0.467692 0.207587 0.485825 0.207043 0.495350 0.209400 0.515750 0.217197 0.515750 0.230797 0.513483 0.233337 0.502600 0.234970 0.492175 0.234423 0.489450 0.240590 0.501242 0.249293 0.506683 0.250747 0.508042 0.250200 0.523450 0.250747 0.537050 0.252560 0.546125 0.257817 0.539775 0.262893 0.527983 0.267427 0.511667 0.265433 0.498975 0.254553 0.475850 0.247300 0.462708 0.235877 0.452275
3 0.274500 0.501242 0.267973 0.510758 0.260537 0.547483 0.257637 0.568333 0.242583 0.615483 0.233337 0.648575 0.227713 0.674417 0.226447 0.696633 0.228077 0.703433 0.236420 0.695725 0.251107 0.669883 0.257453 0.649033 0.268517 0.624100 0.275407 0.616392 0.271780 0.640417 0.265253 0.657642 0.254917 0.675775 0.247843 0.700258 0.246210 0.719300 0.252197 0.720658 0.268517 0.707967 0.282660 0.667617 0.291003 0.639058 0.298620 0.614575 0.304783 0.596900 0.309500 0.591458 0.316210 0.575592 0.322737 0.550200 0.322737 0.545667 0.317477 0.532975 0.308957 0.523450 0.302970 0.522092 0.294447 0.516200 0.288100 0.505775 0.282297 0.498517
5 0.297610 0.379858 0.296087 0.392917 0.295870 0.425558 0.295870 0.438617 0.303920 0.456567 0.312843 0.453850 0.319590 0.456025 0.323507 0.457658 0.328077 0.457658 0.333950 0.457108 0.338087 0.454933 0.342220 0.454933 0.349620 0.444600 0.351360 0.421208 0.348313 0.401617 0.346790 0.399442 0.339610 0.407608 0.336343 0.420658 0.329380 0.421750 0.327640 0.411417 0.333297 0.395092 0.328293 0.371700 0.322853 0.363542 0.312407 0.365717 0.303050 0.370067
5 0.248213 0.359733 0.249083 0.368975 0.248650 0.379317 0.252130 0.370067 0.256917 0.370608 0.258223 0.371158 0.259310 0.354833 0.260183 0.331983 0.258440 0.305875 0.263227 0.308592 0.271063 0.344500 0.277807 0.357008 0.279983 0.361908 0.283030 0.380950 0.291517 0.388567 0.295870 0.412500 0.294563 0.428825 0.291300 0.441875 0.282813 0.454933 0.268887 0.449492 0.259530 0.440792 0.246690 0.428825 0.241467 0.414133 0.239290 0.398358 0.242120 0.379858 0.245820 0.364625
0 0.533027 0.513467 0.546607 0.676675 0.552873 0.726942 0.558617 0.745225 0.569323 0.737392 0.574287 0.679942 0.573763 0.599642 0.566450 0.522608 0.563317 0.512167 0.546343 0.512167
5 0.623640 0.518042 0.641397 0.527833 0.643223 0.546108 0.643483 0.569617 0.639307 0.576142 0.633823 0.576142 0.629123 0.571575 0.629383 0.557208 0.629907 0.546108 0.627557 0.539583 0.623640 0.543500 0.617110 0.542850 0.611887 0.542850 0.610583 0.540233 0.611627 0.530442 0.617370 0.525225
5 0.367710 0.526625 0.366983 0.536150 0.368797 0.554283 0.368433 0.560625 0.365713 0.563350 0.359910 0.566525 0.358280 0.563800 0.357553 0.555192 0.357010 0.551558 0.355560 0.545667 0.356283 0.539775 0.358823 0.536600 0.363900 0.530250
5 0.372243 0.511217 0.382580 0.518917 0.381673 0.534333 0.379677 0.549750 0.368617 0.540225 0.369887 0.523000
5 0.365460 0.341883 0.362850 0.358750 0.358280 0.370717 0.355667 0.389217 0.353273 0.420225 0.352840 0.441442 0.360020 0.449058 0.371770 0.443075 0.380257 0.434367 0.388743 0.428933 0.387873 0.420225 0.384393 0.407717 0.378080 0.394658 0.374383 0.384867 0.371117 0.338075
