2 0.640054 0.143909 0.644949 0.219436 0.647127 0.271764 0.647308 0.337282 0.647670 0.397345 0.643681 0.410991 0.636428 0.416909 0.626091 0.403709 0.619199 0.391882 0.613576 0.382327 0.613214 0.333645 0.617750 0.274491 0.624822 0.222164 0.628083 0.185764 0.630080 0.164382 0.632438 0.148455 0.633888 0.143455 0.636790 0.140264 0.638601 0.139355
2 0.671605 0.155736 0.677772 0.205791 0.679402 0.246282 0.682123 0.309527 0.682123 0.358664 0.682667 0.396891 0.672514 0.414627 0.662902 0.417364 0.652022 0.399164 0.646217 0.367309 0.650025 0.330000 0.657826 0.254927 0.665986 0.172118
2 0.368949 0.152555 0.381826 0.181673 0.387993 0.209427 0.394156 0.245827 0.395971 0.284500 0.398326 0.317264 0.399417 0.344109 0.400685 0.384600 0.399236 0.399164 0.396696 0.403255 0.393069 0.397345 0.387446 0.410082 0.379286 0.421909 0.375478 0.426918 0.370402 0.423727 0.365322 0.416909 0.360790 0.398255 0.362786 0.336827 0.364417 0.290873 0.366957 0.222164 0.364779 0.161655
2 0.331957 0.163473 0.325428 0.184400 0.325428 0.218982 0.326156 0.253564 0.326337 0.299973 0.326699 0.323636 0.326156 0.344564 0.326156 0.366400 0.326699 0.387327 0.327243 0.403255 0.328692 0.415091 0.331594 0.426009 0.342837 0.426464 0.354261 0.417364 0.358431 0.410991 0.361514 0.396891 0.362243 0.370500 0.358069 0.325909 0.351906 0.275400 0.348460 0.229445 0.345739 0.194864 0.339935 0.173482
2 0.369036 0.468618 0.350105 0.485545 0.345101 0.493736 0.342707 0.510118 0.343359 0.547245 0.347275 0.586009 0.350105 0.634055 0.350322 0.678827 0.349670 0.697936 0.347931 0.720327 0.349453 0.739436 0.360116 0.783664 0.366210 0.786391 0.371649 0.749264 0.375348 0.701218 0.381225 0.661355 0.384707 0.608945 0.387315 0.553800 0.387098 0.501382 0.385359 0.484455 0.373826 0.470809
2 0.397754 0.442455 0.386667 0.452818 0.381877 0.471900 0.380134 0.498109 0.381225 0.537964 0.385359 0.592018 0.387533 0.660809 0.389710 0.695209 0.393844 0.724691 0.403203 0.750900 0.412341 0.699036 0.414736 0.599664 0.415605 0.515573 0.417783 0.472445 0.413649 0.448418
2 0.618851 0.442964 0.604489 0.441318 0.598178 0.458245 0.598178 0.486636 0.599486 0.525955 0.602529 0.569082 0.605141 0.603482 0.607754 0.650982 0.610145 0.694664 0.613409 0.720327 0.616239 0.742709 0.620156 0.738345 0.624290 0.702309 0.625163 0.651527 0.629297 0.517764 0.631471 0.467527 0.624725 0.445691
2 0.643442 0.448418 0.638217 0.463164 0.631688 0.474082 0.628207 0.490464 0.631471 0.529227 0.638652 0.564173 0.645616 0.632418 0.654322 0.677736 0.660413 0.714864 0.671076 0.745991 0.676518 0.734518 0.678040 0.708318 0.671728 0.660264 0.666290 0.533045 0.666290 0.480636 0.662156 0.459882 0.653884 0.449509
5 0.610279 0.446918 0.607551 0.451655 0.605348 0.463245 0.603982 0.465609 0.604192 0.474827 0.604402 0.482727 0.606399 0.485882 0.611120 0.488518 0.614583 0.489309 0.616786 0.497473 0.621402 0.506427 0.624866 0.513273 0.628623 0.505636 0.630112 0.490364 0.630181 0.476909 0.628645 0.468245 0.625076 0.462718 0.620355 0.457445 0.615946 0.451127
5 0.397004 0.464500 0.390837 0.469045 0.389388 0.479518 0.391380 0.488618 0.399181 0.490436 0.414413 0.487245 0.415326 0.470455 0.409333 0.463136 0.400268 0.459491
5 0.345685 0.484973 0.343870 0.511818 0.343870 0.523645 0.348225 0.532291 0.357833 0.533655 0.372341 0.522282 0.378507 0.497718 0.379594 0.489982 0.379232 0.484518 0.372884 0.482245 0.365812 0.480882 0.360554 0.481791 0.352214 0.485427
5 0.308873 0.467227 0.301801 0.472236 0.301438 0.489073 0.306152 0.501355 0.308330 0.512273 0.313949 0.515918 0.323743 0.514545 0.329362 0.509545 0.337707 0.497718 0.339518 0.486336 0.336072 0.481336 0.328638 0.477691 0.323018 0.476782 0.320659 0.469045 0.318120 0.464500 0.313406 0.462227
5 0.243591 0.435382 0.255558 0.438564 0.259547 0.449482 0.268254 0.448118 0.276232 0.454945 0.283848 0.467227 0.281304 0.489545 0.278772 0.498173 0.268616 0.500445 0.260457 0.498173 0.248304 0.490436 0.243772 0.483609 0.239058 0.471327 0.238514 0.462227 0.240870 0.448118 0.240870 0.439927
5 0.369902 0.360209 0.365072 0.365545 0.363696 0.376091 0.362790 0.389000 0.363696 0.397000 0.369601 0.402291 0.374601 0.406818 0.382899 0.402673 0.392268 0.394327 0.396500 0.380682 0.397859 0.365136 0.395138 0.362482 0.388641 0.365518 0.383652 0.373473 0.380935 0.373855 0.376551 0.364000 0.370054 0.360209
5 0.347536 0.379927 0.339982 0.381436 0.334391 0.393191 0.333786 0.402673 0.337565 0.409873 0.340435 0.416700 0.344667 0.416318 0.346178 0.411391 0.351616 0.412155 0.356152 0.408736 0.356000 0.402673 0.353884 0.396982 0.353279 0.388645
5 0.280442 0.364755 0.277721 0.370818 0.276058 0.379164 0.275152 0.382200 0.279536 0.393573 0.283616 0.401536 0.287848 0.400773 0.296913 0.402291 0.302051 0.398882 0.307341 0.402291 0.311268 0.402673 0.315953 0.394709 0.318522 0.396227 0.317464 0.388645 0.316257 0.373100 0.305525 0.375755 0.298728 0.374991 0.290565 0.368173
3 0.278297 0.333400 0.275272 0.349327 0.273007 0.367900 0.274065 0.392173 0.276786 0.408473 0.284641 0.414536 0.289025 0.413400 0.305344 0.419845 0.314866 0.409609 0.325141 0.395582 0.326500 0.382309 0.325746 0.351218 0.322572 0.327709 0.324688 0.289036 0.322873 0.233682 0.317239 0.185218 0.308094 0.177600 0.304605 0.187955 0.304181 0.221282 0.304605 0.230527 0.303957 0.255673 0.300254 0.249645 0.298304 0.237091 0.297428 0.213091 0.293725 0.187418 0.288721 0.177600 0.283072 0.174873 0.280895 0.189055 0.281105 0.209264 0.281333 0.244182 0.281333 0.282400 0.280018 0.313527
5 0.239924 0.335173 0.236337 0.332318 0.233540 0.334736 0.232754 0.340000 0.231616 0.349218 0.230656 0.359745 0.230217 0.366545 0.231442 0.370718 0.234152 0.373355 0.238264 0.376864 0.241587 0.381036 0.246833 0.383009 0.256558 0.386091 0.260833 0.383000 0.262065 0.374909 0.261873 0.358873 0.258377 0.354045 0.255141 0.353164 0.253304 0.343291 0.248319 0.340655 0.242721 0.339345
3 0.276304 0.188545 0.280591 0.225582 0.279087 0.257664 0.276076 0.296345 0.274199 0.342582 0.271942 0.376545 0.265551 0.388809 0.251261 0.396355 0.243362 0.386918 0.236594 0.377491 0.227569 0.371827 0.220428 0.349182 0.227196 0.307673 0.235467 0.278418 0.247123 0.235018 0.253141 0.207664 0.260659 0.171809 0.266678 0.174636 0.267428 0.183127 0.268558 0.197282 0.264420 0.219927 0.261790 0.234073 0.261036 0.240682 0.261413 0.242573 0.263670 0.242573 0.265551 0.239736 0.267428 0.233136 0.270062 0.213318 0.270062 0.202945 0.270812 0.193509 0.271565 0.185018 0.271942 0.177464 0.271942 0.174636 0.271942 0.168973 0.271942 0.167091 0.272355 0.167091 0.272620 0.166900 0.273293 0.166618 0.273935 0.168409 0.274536 0.170391 0.275062 0.175200 0.275475 0.179355 0.275663 0.183509
3 0.722562 0.166200 0.722743 0.218982 0.721112 0.258564 0.721293 0.293145 0.724196 0.321355 0.725645 0.336827 0.728728 0.372773 0.727098 0.395064 0.722018 0.399618 0.715851 0.399618 0.705699 0.405073 0.698264 0.410536 0.693728 0.405991 0.684844 0.387327 0.683029 0.363218 0.684301 0.325455 0.687928 0.293600 0.688109 0.263118 0.690467 0.229900 0.693185 0.198964 0.696087 0.177582 0.700438 0.162109 0.704428 0.173482 0.703159 0.201691 0.702072 0.226718 0.707330 0.249918 0.710051 0.239455 0.712225 0.212609 0.715127 0.190318 0.717848 0.172118 0.721656 0.159382
3 0.759645 0.398191 0.747891 0.412382 0.737663 0.421664 0.727656 0.436409 0.723522 0.448418 0.722649 0.465345 0.721562 0.476809 0.724391 0.495373 0.728743 0.511755 0.737663 0.531409 0.745283 0.561991 0.756380 0.614945 0.770739 0.652618 0.782493 0.684836 0.788149 0.691936 0.789891 0.681018 0.789674 0.663545 0.786409 0.639518 0.778141 0.599664 0.774221 0.572364 0.774442 0.560891 0.776616 0.558709 0.786627 0.580009 0.794895 0.616036 0.803819 0.640064 0.808170 0.641700 0.809692 0.632964 0.810562 0.622045 0.810562 0.595836 0.804906 0.561991 0.798812 0.533045 0.787496 0.501927 0.780967 0.472991 0.777486 0.436955 0.772264 0.414018 0.765953 0.404191
3 0.684134 0.452245 0.668902 0.472445 0.666725 0.500291 0.676301 0.536873 0.688486 0.582736 0.696319 0.636245 0.706112 0.695209 0.713076 0.721418 0.717645 0.723055 0.720040 0.713773 0.718949 0.688109 0.715033 0.642791 0.714815 0.607855 0.716123 0.594745 0.721127 0.605664 0.723301 0.617682 0.730920 0.656991 0.740710 0.691936 0.748109 0.688655 0.747891 0.670636 0.737011 0.589836 0.728525 0.540145 0.724174 0.486091 0.720257 0.454973 0.714380 0.436409 0.704587 0.436409 0.694797 0.444600
1 0.575764 0.427127 0.566406 0.448418 0.564667 0.477355 0.565101 0.514482 0.568583 0.567445 0.573587 0.614400 0.577504 0.649345 0.582511 0.700127 0.587732 0.738891 0.594478 0.749264 0.599486 0.701764 0.596438 0.636245 0.594913 0.542327 0.594913 0.469164 0.594913 0.441318 0.587732 0.430400
0 0.563362 0.443509 0.551609 0.433127 0.538554 0.434227 0.533112 0.444600 0.532895 0.470264 0.535072 0.493736 0.534420 0.528682 0.535942 0.561991 0.538554 0.598573 0.547909 0.687564 0.552264 0.725236 0.559663 0.690845 0.562054 0.613855 0.562717 0.508455
0 0.516793 0.448964 0.507870 0.452791 0.506565 0.479545 0.510699 0.518309 0.512225 0.578364 0.514833 0.641700 0.519623 0.694118 0.528109 0.718145 0.533330 0.710500 0.537902 0.663545 0.532678 0.582191 0.533547 0.529773 0.534420 0.499745 0.531156 0.460427 0.530938 0.447327 0.526587 0.449509
0 0.501127 0.447873 0.484370 0.458245 0.482409 0.478991 0.482409 0.501927 0.485457 0.549427 0.490464 0.612218 0.494815 0.663545 0.500036 0.695209 0.506565 0.720327 0.511569 0.702855 0.513312 0.673373 0.509395 0.601845 0.507000 0.523218 0.506565 0.477900 0.505043 0.451145
0 0.465004 0.436409 0.451728 0.438045 0.449116 0.452791 0.451511 0.482273 0.455210 0.527591 0.460431 0.573455 0.467830 0.646073 0.472185 0.681564 0.478710 0.725782 0.488069 0.708318 0.491551 0.648255 0.485457 0.566355 0.486326 0.511209 0.482409 0.456064 0.478493 0.440227
1 0.438888 0.424391 0.422351 0.445691 0.417572 0.475182 0.416909 0.536873 0.414518 0.580009 0.418217 0.711045 0.426703 0.754727 0.435627 0.759636 0.449333 0.708864 0.454558 0.600209 0.451946 0.507936 0.448029 0.453336
3 0.315942 0.452245 0.305496 0.447873 0.295920 0.457700 0.290264 0.483909 0.289391 0.512300 0.288957 0.547245 0.286783 0.583282 0.281558 0.608400 0.273942 0.629145 0.268286 0.650436 0.265891 0.664636 0.265891 0.683200 0.266326 0.709409 0.270895 0.711591 0.275467 0.700673 0.280254 0.676100 0.287435 0.642245 0.295703 0.618227 0.301145 0.600755 0.302667 0.602936 0.305279 0.619864 0.305062 0.635155 0.302449 0.653718 0.300493 0.666273 0.295920 0.685927 0.293746 0.704491 0.293312 0.729609 0.295920 0.731791 0.302449 0.721964 0.312895 0.692482 0.320511 0.654809 0.324428 0.622591 0.328127 0.598018 0.330739 0.580009 0.335308 0.557618 0.342707 0.536327 0.346623 0.523218 0.349453 0.489918 0.348366 0.480636 0.343576 0.472991 0.333786 0.465891 0.320293 0.460982
3 0.249351 0.416755 0.261540 0.442409 0.277859 0.442409 0.287652 0.463164 0.289174 0.477355 0.286348 0.499745 0.281993 0.522673 0.273942 0.541236 0.268721 0.557618 0.262409 0.591473 0.257188 0.620409 0.251094 0.641700 0.244130 0.663545 0.235862 0.681564 0.230638 0.688109 0.225634 0.685382 0.224764 0.680464 0.224764 0.667909 0.230855 0.634600 0.235210 0.607309 0.234120 0.599664 0.231511 0.599664 0.224112 0.613309 0.215841 0.629145 0.208659 0.648255 0.206486 0.654809 0.196909 0.660809 0.196040 0.649891 0.199957 0.622045 0.204525 0.595291 0.213884 0.561991 0.222152 0.529227 0.227594 0.489918 0.231728 0.452791 0.236949 0.431491 0.242609 0.420573
1 0.406670 0.158927 0.417551 0.201236 0.425167 0.250836 0.429699 0.304518 0.434775 0.331364 0.434413 0.357755 0.431514 0.384145 0.425891 0.408718 0.417732 0.418273 0.407033 0.405991 0.400141 0.385509 0.396333 0.336373 0.394699 0.272218 0.394337 0.216709 0.392707 0.167109 0.398873 0.143909
0 0.450011 0.114336 0.457446 0.137082 0.461435 0.181218 0.468688 0.241282 0.469957 0.293600 0.469051 0.341373 0.467054 0.377773 0.463428 0.395064 0.458895 0.400982 0.447833 0.400527 0.440942 0.399618 0.435138 0.382782 0.433870 0.344564 0.434594 0.305436 0.435866 0.264482 0.439855 0.212609 0.441486 0.153464
0 0.488453 0.115245 0.492261 0.155736 0.500058 0.214891 0.505319 0.264482 0.508221 0.299973 0.509670 0.337282 0.509851 0.391427 0.508402 0.398255 0.500420 0.403709 0.470500 0.404164 0.466149 0.392336 0.465243 0.355027 0.467054 0.318173 0.468145 0.275855 0.469051 0.233091 0.474308 0.184400 0.477391 0.144818 0.482105 0.123891
0 0.528348 0.107509 0.524721 0.145727 0.518192 0.189864 0.513659 0.237182 0.508946 0.296791 0.507855 0.349564 0.508036 0.384600 0.511301 0.404618 0.531069 0.406900 0.547931 0.401436 0.553011 0.375045 0.549203 0.312255 0.546120 0.268118 0.545033 0.204882 0.543399 0.156191 0.534696 0.111145
0 0.569873 0.144364 0.571145 0.153464 0.574228 0.217164 0.575678 0.243555 0.578942 0.293145 0.581482 0.339100 0.580935 0.363673 0.575134 0.390518 0.568605 0.401891 0.554641 0.395973 0.551558 0.386873 0.550833 0.355482 0.554098 0.306345 0.557725 0.267664 0.557543 0.223991 0.557543 0.188500 0.563348 0.147091 0.566793 0.135264
1 0.605236 0.118427 0.599069 0.136627 0.593993 0.167109 0.590728 0.194409 0.588188 0.230809 0.584562 0.278136 0.582750 0.317718 0.581120 0.349564 0.581482 0.370955 0.585109 0.390518 0.589822 0.403709 0.603062 0.408718 0.609949 0.399618 0.612851 0.359118 0.613214 0.327273 0.614123 0.294055 0.613757 0.264027 0.611583 0.216709 0.610315 0.179400 0.610130 0.143455
3 0.737431 0.161200 0.740877 0.168027 0.741605 0.181673 0.742511 0.208064 0.743054 0.228536 0.744504 0.236273 0.745232 0.238091 0.748130 0.217164 0.748312 0.201236 0.748312 0.180764 0.748859 0.158009 0.755746 0.157100 0.759739 0.175300 0.761551 0.193500 0.761732 0.220345 0.762457 0.251745 0.766083 0.282682 0.770982 0.301336 0.775333 0.323636 0.774971 0.344564 0.772069 0.358664 0.761551 0.376409 0.753391 0.384600 0.743598 0.388700 0.736163 0.384145 0.727460 0.365945 0.726007 0.339100 0.728366 0.299518 0.727822 0.266755 0.727279 0.236727 0.727279 0.210791 0.733986 0.167109
5 0.630214 0.361873 0.624775 0.362636 0.621601 0.365291 0.619638 0.369455 0.620243 0.381591 0.621957 0.384727 0.625076 0.386518 0.629007 0.393345 0.635957 0.398273 0.638678 0.386136 0.640341 0.380073 0.637609 0.365636 0.634899 0.360355
5 0.656812 0.365664 0.653638 0.378182 0.654395 0.388036 0.660438 0.392209 0.662402 0.400927 0.666634 0.400545 0.669960 0.394100 0.675246 0.391073 0.673888 0.369455 0.670413 0.362255 0.665424 0.366045 0.659533 0.363391
5 0.719373 0.362255 0.723453 0.376282 0.721036 0.386136 0.713935 0.394100 0.708493 0.396382 0.704866 0.389173 0.698370 0.389173 0.693080 0.386136 0.690964 0.384245 0.691721 0.369455 0.694438 0.364145 0.700033 0.363773 0.709551 0.362636 0.714540 0.357327
5 0.760478 0.334955 0.748236 0.333818 0.737960 0.341400 0.736601 0.353536 0.739638 0.373636 0.751109 0.377418 0.763801 0.359218 0.765768 0.342536
5 0.748391 0.429255 0.738040 0.430718 0.732721 0.436382 0.730681 0.449000 0.729587 0.463264 0.734254 0.477345 0.742707 0.474782 0.751232 0.475145 0.758594 0.469109 0.761652 0.457045 0.763768 0.454482 0.765587 0.440773 0.765225 0.427418 0.763620 0.421391 0.761069 0.418100 0.755312 0.419373 0.750793 0.423945
5 0.682290 0.467836 0.678793 0.469482 0.677920 0.474236 0.676533 0.478800 0.675370 0.482100 0.677772 0.488491 0.679739 0.495264 0.681127 0.499282 0.686446 0.495082 0.689214 0.494527 0.689870 0.495264 0.691982 0.502573 0.694388 0.504773 0.697960 0.503673 0.702333 0.498918 0.704884 0.495082 0.709254 0.492336 0.711953 0.488864 0.713848 0.483927 0.715304 0.473500 0.714721 0.469109 0.713337 0.461800 0.711804 0.458691 0.708018 0.458327 0.705174 0.460882 0.701967 0.462709 0.700366 0.463627 0.699928 0.463809 0.697083 0.459418 0.695993 0.457045 0.692203 0.456127 0.689069 0.457227 0.686884 0.463627 0.684623 0.466373
5 0.641699 0.459973 0.639076 0.467655 0.636525 0.469664 0.632953 0.475882 0.631424 0.478618 0.632225 0.482645 0.633975 0.487036 0.634337 0.493064 0.635431 0.501845 0.639149 0.508064 0.644105 0.510982 0.649134 0.507691 0.651685 0.507691 0.656783 0.501664 0.658605 0.497273 0.660210 0.488309 0.658899 0.470209 0.656783 0.466000 0.651319 0.463991 0.648768 0.462709 0.647018 0.464727 0.644906 0.464727 0.643739 0.460700
