0 0.564821 0.227768 0.570043 0.291348 0.572914 0.357572 0.577093 0.413210 0.580750 0.445000 0.581011 0.459833 0.576571 0.478377 0.569261 0.488442 0.559336 0.492152 0.551243 0.488971 0.545236 0.470428 0.543146 0.434399 0.547325 0.396254 0.548889 0.343268 0.553068 0.284993 0.555682 0.251080 0.558814 0.225116
0 0.530611 0.208696 0.542100 0.310420 0.545757 0.367645 0.542100 0.454007 0.535575 0.499036 0.527218 0.510167 0.505021 0.505928 0.494575 0.501688 0.493532 0.448174 0.498754 0.395725 0.506850 0.329493
0 0.453057 0.222471 0.478646 0.353870 0.482304 0.397312 0.486743 0.480493 0.484393 0.501688 0.458539 0.513348 0.445221 0.508043 0.438432 0.469370 0.441307 0.427514 0.440521 0.364993 0.437650 0.309362 0.439479 0.250551 0.441046 0.215580
0 0.408404 0.185384 0.407096 0.268565 0.410232 0.351217 0.402136 0.419036 0.400832 0.453471 0.404746 0.487384 0.419632 0.504870 0.435039 0.497449 0.439479 0.464072 0.437389 0.422746 0.433211 0.348036 0.429293 0.296116 0.425379 0.236775 0.419111 0.200746 0.417021 0.182203 0.414150 0.180087
1 0.368971 0.192268 0.380464 0.279159 0.387514 0.344862 0.397175 0.450297 0.399786 0.475725 0.385686 0.504341 0.371325 0.520761 0.355657 0.486326 0.355918 0.438638 0.353043 0.386717 0.351739 0.294000 0.353568 0.245254 0.354611 0.209225 0.358268 0.191739
1 0.569671 0.510493 0.563686 0.513804 0.556614 0.528159 0.554257 0.548761 0.554800 0.581877 0.564232 0.633022 0.570761 0.680478 0.574929 0.711391 0.592157 0.781667 0.597596 0.795645 0.614282 0.789761 0.605939 0.707341 0.591614 0.595486 0.589436 0.562007 0.585629 0.536616 0.577468 0.522638
0 0.537575 0.527420 0.525786 0.527790 0.523611 0.533674 0.521796 0.549130 0.520889 0.569000 0.521796 0.591812 0.524518 0.614623 0.525786 0.638906 0.529050 0.684529 0.530139 0.712862 0.534311 0.749652 0.539386 0.769891 0.545007 0.769152 0.550993 0.730891 0.549361 0.664659 0.548636 0.614623 0.550632 0.582246 0.551718 0.554283 0.551536 0.534043 0.547186 0.529261
0 0.512257 0.523152 0.493943 0.530145 0.491404 0.545594 0.494125 0.569514 0.495393 0.599319 0.497754 0.637210 0.498479 0.670696 0.501014 0.716319 0.502286 0.740601 0.508996 0.761210 0.516611 0.776290 0.521689 0.778870 0.520964 0.767094 0.516068 0.746123 0.513711 0.708225 0.517882 0.644203 0.520418 0.586072 0.520964 0.543022 0.519875 0.525362
0 0.470661 0.527790 0.461229 0.547659 0.462500 0.578935 0.466125 0.623087 0.467757 0.670551 0.469211 0.713594 0.468664 0.750761 0.473018 0.764000 0.490425 0.716174 0.489339 0.608732 0.491332 0.531833 0.482086 0.524109
0 0.457239 0.530732 0.445454 0.523007 0.433668 0.530362 0.428407 0.546551 0.428046 0.561268 0.428950 0.582609 0.431671 0.607261 0.435661 0.647739 0.437293 0.680478 0.441282 0.729783 0.442732 0.760688 0.449807 0.748551 0.456332 0.695565 0.457786 0.591442 0.459054 0.569000 0.459779 0.544710
1 0.408461 0.509761 0.399936 0.517486 0.395404 0.529630 0.390325 0.546188 0.387607 0.565688 0.387061 0.592174 0.387243 0.621978 0.387061 0.645899 0.385975 0.668341 0.382529 0.706971 0.379264 0.738246 0.377271 0.768790 0.378357 0.787181 0.382346 0.795645 0.389964 0.788652 0.401207 0.750391 0.411361 0.700348 0.419521 0.641116 0.422425 0.592543 0.421696 0.550971 0.418979 0.523377
5 0.749179 0.370290 0.746304 0.365522 0.740300 0.376123 0.727243 0.392014 0.724632 0.404732 0.729854 0.413739 0.737425 0.415326 0.742911 0.413210 0.748132 0.412145 0.754139 0.414797 0.760668 0.414268 0.766411 0.405261 0.766150 0.395196 0.762757 0.377710 0.759100 0.370819 0.751264 0.373471
5 0.681021 0.414268 0.690161 0.423804 0.692250 0.431754 0.692771 0.435464 0.691468 0.442348 0.685982 0.451355 0.680761 0.452413 0.672929 0.457181 0.665354 0.455065 0.663789 0.446058 0.661700 0.433341 0.665354 0.428043 0.674754 0.423804
4 0.809757 0.192268 0.815243 0.227239 0.819943 0.266442 0.820204 0.297703 0.823075 0.326319 0.823075 0.343797 0.819682 0.369232 0.814461 0.384065 0.808454 0.381420 0.802707 0.384594 0.793829 0.382478 0.782600 0.390957 0.777639 0.389362 0.771636 0.368703 0.766411 0.334790 0.769021 0.306710 0.770589 0.271746 0.772157 0.238362 0.784429 0.209225
3 0.771636 0.425391 0.749179 0.442348 0.743954 0.456123 0.741864 0.460891 0.736121 0.462478 0.726982 0.470428 0.723586 0.474667 0.723064 0.494804 0.725936 0.514406 0.735075 0.536130 0.754143 0.553623 0.763286 0.573188 0.771371 0.592819 0.783386 0.611362 0.808714 0.625667 0.818375 0.622493 0.818114 0.611891 0.812893 0.596529 0.804536 0.586993 0.794875 0.574275 0.788607 0.559971 0.787039 0.548841 0.788607 0.545138 0.793046 0.541957 0.797486 0.541957 0.804796 0.549906 0.811846 0.560500 0.818114 0.570565 0.824121 0.579043 0.829343 0.579043 0.832479 0.571094 0.832214 0.557848 0.827779 0.539304 0.823075 0.523413 0.812111 0.508043 0.799575 0.496391 0.790957 0.481558 0.779989 0.439167
3 0.664571 0.485797 0.658564 0.499572 0.665093 0.548841 0.677889 0.595471 0.679457 0.640500 0.696689 0.714681 0.720975 0.751768 0.731682 0.750710 0.733511 0.745942 0.734554 0.738522 0.733246 0.728986 0.729332 0.722094 0.718104 0.707790 0.707396 0.682891 0.697475 0.633616 0.698518 0.605536 0.701914 0.602884 0.707657 0.607652 0.713925 0.619841 0.720714 0.643152 0.726982 0.677594 0.733246 0.699312 0.741082 0.716797 0.753354 0.721036 0.761450 0.720507 0.761450 0.716268 0.759621 0.699841 0.755443 0.688717 0.748914 0.670174 0.739254 0.632029 0.731682 0.586993 0.725154 0.532949 0.720975 0.490565 0.711836 0.477848 0.702957 0.470957 0.694600 0.475725 0.683632 0.478377 0.676061 0.478906 0.672668 0.480493
3 0.270096 0.478486 0.267561 0.481428 0.266107 0.493203 0.264839 0.506449 0.262843 0.518957 0.263207 0.531833 0.262843 0.546551 0.259400 0.557594 0.254321 0.574884 0.250150 0.588862 0.243443 0.614254 0.238182 0.633754 0.234557 0.648101 0.228936 0.667239 0.222950 0.684159 0.220050 0.705130 0.227304 0.713964 0.240721 0.704399 0.246704 0.681217 0.253414 0.657304 0.259036 0.640007 0.263207 0.628232 0.272457 0.610572 0.273907 0.610203 0.277171 0.613514 0.280071 0.620507 0.281886 0.627130 0.282068 0.637065 0.279346 0.649572 0.274089 0.669442 0.265564 0.686739 0.252146 0.709913 0.248518 0.720217 0.243804 0.732732 0.244168 0.736043 0.246525 0.739355 0.254864 0.738246 0.262664 0.732362 0.276625 0.707341 0.292039 0.668341 0.297661 0.638167 0.302557 0.604319 0.309086 0.566420 0.318154 0.541768 0.327221 0.513072 0.328489 0.499087 0.323050 0.489522 0.315796 0.487319 0.309086 0.488420 0.300564 0.485841 0.294396 0.481428 0.289864 0.470022 0.285693 0.473703 0.277350 0.476645
4 0.175168 0.422551 0.163136 0.413399 0.154864 0.417978 0.146214 0.428659 0.143957 0.444681 0.143207 0.475964 0.143207 0.498087 0.140950 0.524029 0.128918 0.549964 0.125532 0.566754 0.130421 0.584297 0.142832 0.570565 0.157496 0.549964 0.164264 0.537000 0.166286 0.556014 0.163889 0.587355 0.157118 0.619399 0.155239 0.657543 0.167271 0.646101 0.175168 0.615580 0.183064 0.580486 0.187954 0.543101 0.192464 0.509529 0.201489 0.472145 0.204121 0.437812 0.194346 0.424080 0.184193 0.414928
3 0.219614 0.442312 0.206829 0.449942 0.205325 0.475123 0.204575 0.504116 0.198557 0.529290 0.192539 0.555232 0.183893 0.589565 0.176371 0.611688 0.169979 0.639920 0.164714 0.673486 0.166971 0.681116 0.177875 0.656703 0.183518 0.636101 0.199686 0.597196 0.209086 0.578123 0.216232 0.572014 0.219989 0.572014 0.217736 0.604826 0.208711 0.649841 0.204575 0.692565 0.203446 0.714688 0.210589 0.709348 0.217736 0.684167 0.233150 0.629239 0.239543 0.600246 0.242929 0.572014 0.250071 0.545312 0.259096 0.512507 0.265489 0.475123 0.262107 0.465964 0.251954 0.456812 0.244432 0.451471 0.227886 0.451471
2 0.313614 0.209225 0.319357 0.255848 0.325625 0.316246 0.327193 0.380355 0.325886 0.428572 0.318054 0.470957 0.305779 0.485797 0.289068 0.463543 0.281757 0.448703 0.287239 0.413210 0.297164 0.366580 0.304736 0.311478
2 0.339725 0.196507 0.353829 0.353870 0.357221 0.434928 0.353568 0.481029 0.345211 0.495862 0.331893 0.497978 0.322232 0.478377 0.322754 0.432283 0.330064 0.381420 0.329282 0.331616 0.332936 0.269623
2 0.641068 0.211877 0.652036 0.304594 0.654125 0.361283 0.654125 0.421688 0.657782 0.464072 0.653604 0.479435 0.643421 0.480493 0.628796 0.476254 0.622268 0.472022 0.617046 0.432812 0.621225 0.371884 0.631668 0.254261
2 0.673971 0.199159 0.675018 0.239428 0.676843 0.289225 0.680500 0.340094 0.688071 0.390428 0.693557 0.422217 0.693557 0.438109 0.687289 0.452942 0.680761 0.465130 0.673189 0.465659 0.663264 0.454536 0.654911 0.431754 0.654911 0.396254 0.659871 0.327377 0.660393 0.270152 0.670054 0.209754
2 0.775289 0.199159 0.775811 0.222471 0.774507 0.246841 0.770329 0.264326 0.767196 0.284457 0.765889 0.306710 0.765889 0.328964 0.767979 0.348036 0.771371 0.367116 0.772418 0.378768 0.770589 0.395725 0.764846 0.413210 0.756489 0.417449 0.744475 0.423804 0.726721 0.420623 0.715493 0.399964 0.716014 0.361283 0.723325 0.318899 0.722804 0.281812 0.721496 0.239428 0.722282 0.218232 0.726982 0.188029 0.732464 0.164717 0.738993 0.155710 0.743171 0.155710 0.746304 0.161007 0.747089 0.171080 0.746829 0.193326 0.744214 0.210812 0.742125 0.228297 0.741343 0.243130 0.743432 0.258500 0.746304 0.270681 0.749179 0.270152 0.752050 0.263797 0.755704 0.255319 0.758057 0.236775 0.760143 0.218232 0.763279 0.205514 0.774246 0.192797
2 0.650211 0.493210 0.638457 0.499036 0.631407 0.509638 0.623050 0.514406 0.622268 0.540370 0.637154 0.596529 0.657782 0.691370 0.676843 0.758123 0.676061 0.684478 0.668229 0.555203 0.655693 0.493739
2 0.607571 0.511601 0.597236 0.517116 0.589257 0.533304 0.588350 0.559428 0.598143 0.608370 0.614825 0.705870 0.622079 0.738986 0.628968 0.773935 0.634229 0.772464 0.634589 0.742659 0.631507 0.701457 0.628243 0.642587 0.626068 0.588130 0.622986 0.532572 0.617182 0.514913
2 0.370014 0.528522 0.364939 0.528522 0.357143 0.543978 0.355146 0.555754 0.355511 0.588130 0.357868 0.623819 0.357504 0.654725 0.356236 0.687471 0.355146 0.707710 0.355511 0.733464 0.356596 0.776884 0.359136 0.784609 0.362582 0.783138 0.370921 0.763268 0.374911 0.695196 0.380532 0.646261 0.383964 0.597681 0.387786 0.566420 0.389964 0.557225 0.389964 0.538094 0.388332 0.532203 0.380714 0.527790 0.372554 0.523739
2 0.328671 0.510862 0.337739 0.511601 0.346443 0.521167 0.357321 0.524109 0.363307 0.532203 0.364032 0.549130 0.360768 0.562739 0.353332 0.578565 0.346804 0.595123 0.341364 0.614993 0.331211 0.641848 0.325043 0.660978 0.317971 0.682688 0.311261 0.704029 0.302196 0.733833 0.296211 0.752232 0.287143 0.768420 0.283154 0.767681 0.282068 0.746341 0.281886 0.719486 0.288232 0.676804 0.305821 0.605790 0.315979 0.563848
2 0.236536 0.455283 0.235032 0.453761 0.230393 0.467681 0.234643 0.479565 0.239607 0.477754 0.242679 0.468986 0.243821 0.456304
5 0.705907 0.484420 0.698336 0.487594 0.695986 0.489717 0.689718 0.486007 0.683711 0.488123 0.671179 0.488652 0.669611 0.499254 0.676139 0.527862 0.688150 0.525210 0.701989 0.538986 0.722361 0.533159 0.723925 0.520971 0.719486 0.492362 0.711654 0.486536
3 0.202371 0.172138 0.200021 0.217703 0.200021 0.241543 0.201589 0.264326 0.201589 0.291348 0.200021 0.304594 0.193232 0.323138 0.184879 0.342210 0.182264 0.351746 0.178611 0.363935 0.177304 0.376652 0.181743 0.390428 0.187229 0.396783 0.197150 0.402080 0.205246 0.406319 0.221175 0.414268 0.226136 0.412681 0.234493 0.386717 0.237625 0.339565 0.242064 0.310420 0.248332 0.282870 0.253293 0.256377 0.254075 0.233065 0.254600 0.199688 0.252511 0.173725 0.252511 0.147232 0.246243 0.137167 0.240236 0.170543 0.239975 0.181145 0.239714 0.188029 0.237104 0.210812 0.236582 0.215051 0.232925 0.189094 0.231618 0.161007 0.226657 0.142993 0.225614 0.141406 0.218825 0.135580 0.209686 0.135051
5 0.225354 0.346449 0.208639 0.337971 0.197411 0.338500 0.190621 0.340094 0.186182 0.346978 0.182529 0.349630 0.182789 0.355986 0.182789 0.367645 0.182529 0.378239 0.185139 0.386188 0.189318 0.392014 0.196889 0.397312 0.205507 0.403138 0.218039 0.408971 0.222739 0.407913 0.227443 0.394667 0.232925 0.376652 0.234493 0.361812 0.229268 0.354399
5 0.291679 0.412681 0.296118 0.415855 0.298207 0.424862 0.301604 0.431225 0.305257 0.442348 0.307346 0.452413 0.306825 0.459304 0.303954 0.465130 0.301864 0.466188 0.294289 0.457181 0.285936 0.452413 0.284629 0.440761 0.285671 0.433341 0.286979 0.421688 0.289068 0.414797
5 0.286718 0.396254 0.289329 0.402080 0.289329 0.406319 0.288546 0.411087 0.286979 0.421152 0.284107 0.431754 0.282279 0.443935 0.281757 0.446058 0.276271 0.445529 0.272357 0.442348 0.266350 0.441290 0.258775 0.439696 0.254600 0.441290 0.249114 0.434928 0.243893 0.429101 0.241282 0.426986 0.237104 0.421688 0.233446 0.415855 0.230836 0.414268 0.230836 0.405261 0.232925 0.393601 0.233707 0.375587 0.237625 0.367645 0.242586 0.378239 0.243632 0.395725 0.248071 0.404732 0.252771 0.413210 0.258254 0.414797 0.262432 0.414797 0.268961 0.414797 0.278882 0.405261 0.280450 0.398370
3 0.288546 0.193326 0.295596 0.241014 0.299775 0.286051 0.294550 0.326319 0.288546 0.353870 0.286457 0.376652 0.288821 0.403696 0.283586 0.446058 0.275229 0.459304 0.261129 0.443935 0.230314 0.421152 0.225614 0.404732 0.236057 0.359696 0.248593 0.330022 0.251986 0.287109 0.255643 0.251609 0.257732 0.219290 0.261650 0.188029 0.269482 0.194920 0.271571 0.206043 0.272879 0.230420 0.272093 0.255848 0.269221 0.277043 0.267654 0.302471 0.268439 0.326319 0.272879 0.321551 0.276271 0.308833 0.278882 0.285522 0.281232 0.254790 0.281757 0.232007 0.282279 0.219290 0.283846 0.201275 0.284889 0.193326
1 0.616525 0.191210 0.620179 0.268036 0.620700 0.378768 0.626186 0.436522 0.621746 0.488442 0.612086 0.504870 0.601900 0.503812 0.585971 0.469899 0.584929 0.459304 0.581793 0.439696 0.587279 0.390428 0.598243 0.268036
