1 0.410267 0.529919 0.404102 0.545945 0.403558 0.560451 0.402467 0.596713 0.403011 0.637939 0.395705 0.731418 0.392568 0.783634 0.395449 0.786950 0.403011 0.767710 0.413204 0.735842 0.421818 0.674276 0.430432 0.606640 0.436958 0.550606 0.437740 0.527511 0.436958 0.523656 0.432516 0.524764 0.424954 0.525871 0.419207 0.524764
0 0.508775 0.535775 0.496765 0.538523 0.495719 0.553914 0.498853 0.578095 0.502509 0.613272 0.509821 0.663294 0.523137 0.712208 0.531495 0.735295 0.536193 0.742991 0.538284 0.719904 0.536456 0.685281 0.531754 0.648449 0.528881 0.611625 0.528361 0.581396 0.525747 0.550613 0.523660 0.541824 0.522095 0.535229 0.514260 0.532474
0 0.528621 0.530827 0.526533 0.540724 0.525747 0.553360 0.528621 0.577001 0.535151 0.614926 0.540632 0.646256 0.546902 0.682533 0.554474 0.720458 0.561786 0.739690 0.568575 0.745192 0.569881 0.744092 0.573014 0.736942 0.575102 0.730901 0.572232 0.708914 0.562828 0.636913 0.561000 0.584697 0.555256 0.532474 0.548730 0.524786 0.534105 0.524232
1 0.565961 0.513789 0.560481 0.522585 0.559172 0.553914 0.563091 0.589092 0.567267 0.619321 0.575884 0.661647 0.601214 0.750133 0.612705 0.771573 0.616098 0.730347 0.610877 0.665495 0.604347 0.607777 0.600954 0.557762 0.597298 0.534675 0.585025 0.522031
5 0.623411 0.517637 0.630200 0.530281 0.633074 0.543471 0.633596 0.566558 0.629940 0.570953 0.627589 0.578095 0.627326 0.588538 0.628635 0.601182 0.628372 0.613826 0.621582 0.612179 0.619754 0.608877 0.616098 0.590192 0.612965 0.571499 0.610095 0.550066 0.609309 0.541824 0.605133 0.534129 0.604088 0.528626 0.612705 0.517637 0.620540 0.517090
3 0.755540 0.458272 0.744053 0.459926 0.735435 0.465421 0.722119 0.478065 0.716635 0.484106 0.712979 0.494003 0.713239 0.501145 0.713761 0.512142 0.720811 0.543471 0.726558 0.559963 0.742484 0.591292 0.754498 0.628117 0.782698 0.662194 0.799411 0.667688 0.805158 0.663294 0.806986 0.659446 0.806986 0.656145 0.802025 0.644055 0.796277 0.639660 0.782698 0.629217 0.771211 0.612179 0.765986 0.598981 0.763375 0.587445 0.763375 0.578648 0.765726 0.574801 0.768077 0.574801 0.771733 0.580295 0.776172 0.591292 0.784789 0.615473 0.794189 0.636359 0.808551 0.643508 0.817691 0.644601 0.814818 0.622068 0.803067 0.598434 0.791579 0.563257 0.780611 0.522585 0.774344 0.487408 0.758154 0.461573
4 0.774344 0.439040 0.765467 0.462674 0.768337 0.478612 0.778523 0.507194 0.797582 0.537976 0.833098 0.587991 0.849547 0.598981 0.849811 0.589092 0.848765 0.584143 0.845109 0.576448 0.838060 0.562157 0.826832 0.547319 0.819779 0.536876 0.818474 0.533028 0.818996 0.529180 0.821084 0.526433 0.825263 0.528080 0.829182 0.534129 0.834144 0.542917 0.840147 0.558309 0.842498 0.564357 0.846154 0.572600 0.849028 0.576448 0.849028 0.576448 0.851116 0.574247 0.851898 0.570953 0.851898 0.564904 0.851898 0.555015 0.848242 0.529727 0.838060 0.508294 0.831007 0.483560 0.819779 0.440687 0.811425 0.419254 0.804372 0.408811 0.794449 0.409357 0.786618 0.416499 0.780351 0.428597
4 0.759460 0.196647 0.759982 0.237866 0.760242 0.303826 0.761288 0.365384 0.765986 0.390672 0.778000 0.406056 0.804635 0.386824 0.810902 0.362090 0.803330 0.317016 0.788705 0.248309 0.781656 0.193346 0.773298 0.182356 0.773039 0.198840 0.770688 0.203789 0.765467 0.206536 0.761547 0.195547 0.759196 0.188397
3 0.743270 0.187304 0.750060 0.219180 0.752930 0.253257 0.753975 0.284040 0.756849 0.318117 0.761547 0.391765 0.760765 0.406056 0.756326 0.423102 0.750319 0.429143 0.734912 0.438486 0.726035 0.435739 0.716635 0.421448 0.721333 0.327459 0.726295 0.260406 0.731779 0.202688
3 0.710105 0.215879 0.712456 0.263700 0.711674 0.307674 0.711151 0.359889 0.714284 0.390118 0.716372 0.416499 0.715067 0.436839 0.709063 0.448929 0.699660 0.452777 0.684253 0.453331 0.675898 0.453877 0.670677 0.453877 0.665712 0.439586 0.663365 0.413205 0.666758 0.371979 0.669368 0.327459 0.669368 0.294483 0.670937 0.268648 0.674070 0.241713 0.682947 0.214786 0.688954 0.213685 0.692351 0.223028 0.692611 0.241713 0.693133 0.256004 0.698095 0.252157 0.702533 0.235672 0.703839 0.220827 0.705144 0.218080 0.707235 0.215886
1 0.582674 0.226876 0.581891 0.276891 0.592337 0.329106 0.597298 0.372533 0.602260 0.432445 0.603042 0.467622 0.590249 0.486854 0.580063 0.474764 0.570404 0.473663 0.568053 0.459926 0.564656 0.407710 0.561263 0.363737 0.561786 0.297777 0.565961 0.259306 0.569095 0.226876 0.577975 0.210384
0 0.538544 0.209284 0.554474 0.270849 0.559695 0.329106 0.567007 0.413205 0.566484 0.460473 0.563614 0.475864 0.553168 0.482459 0.538807 0.477511 0.533846 0.469269 0.533323 0.404409 0.533846 0.365938 0.535670 0.305473 0.533846 0.262053 0.535670 0.237866 0.536456 0.226329 0.535933 0.219727
0 0.509298 0.216433 0.521832 0.301625 0.526793 0.346699 0.530449 0.379129 0.534105 0.430790 0.533582 0.481359 0.528361 0.491256 0.510604 0.500598 0.501986 0.500598 0.496242 0.487954 0.493891 0.463220 0.493891 0.432445 0.494151 0.392319 0.492586 0.340103 0.492846 0.297777 0.493632 0.256558 0.494674 0.235118 0.495979 0.224675 0.501204 0.216433 0.504337 0.212585 0.506947 0.212585
0 0.480842 0.220310 0.478484 0.214232 0.465688 0.207637 0.461772 0.213685 0.458379 0.224129 0.454460 0.246115 0.453677 0.274143 0.451326 0.334055 0.454200 0.373634 0.454460 0.408257 0.455246 0.436292 0.452632 0.453877 0.456288 0.480258 0.460726 0.503900 0.481358 0.506093 0.492323 0.500052 0.493109 0.449483 0.492063 0.422001 0.486842 0.404409 0.486056 0.351093 0.483968 0.311521 0.482140 0.270295 0.481358 0.227976
0 0.428870 0.247216 0.438533 0.280192 0.446105 0.323612 0.450021 0.365938 0.450804 0.407157 0.451067 0.436292 0.452109 0.477511 0.451589 0.495103 0.444800 0.497297 0.433309 0.495650 0.422351 0.485229 0.419470 0.437939 0.427302 0.378028 0.427302 0.328560 0.427042 0.289535 0.425214 0.264254
1 0.415814 0.490155 0.419730 0.478065 0.419993 0.439586 0.418684 0.408811 0.417902 0.364284 0.418165 0.314269 0.414768 0.268102 0.411112 0.226876 0.400667 0.204889 0.397011 0.202142 0.393877 0.212585 0.393095 0.227976 0.393618 0.253811 0.394923 0.286787 0.393618 0.337356 0.392572 0.373634 0.388916 0.432991 0.386828 0.461027 0.386305 0.482459 0.388916 0.497297 0.394400 0.505547 0.403540 0.504993 0.413723 0.498951
3 0.309796 0.251056 0.321284 0.290081 0.325723 0.330207 0.326768 0.357142 0.328856 0.395066 0.331470 0.428043 0.331470 0.447829 0.333035 0.467622 0.326509 0.481359 0.316846 0.486854 0.305095 0.479712 0.297260 0.476411 0.290993 0.483006 0.282898 0.465968 0.281853 0.427496 0.284989 0.359343 0.282639 0.311521 0.277154 0.268102 0.281593 0.251056 0.288905 0.264801 0.293344 0.290081 0.296218 0.299978 0.299088 0.306573 0.301961 0.296130 0.303267 0.276891 0.303526 0.267001 0.304572 0.255458 0.306400 0.246115 0.307446 0.245561
3 0.264621 0.223028 0.271147 0.264254 0.275067 0.308220 0.281593 0.373080 0.283681 0.427496 0.281070 0.451130 0.274281 0.473663 0.268014 0.467622 0.254435 0.453331 0.243989 0.457725 0.239551 0.449483 0.239551 0.412651 0.243730 0.368685 0.247909 0.319217 0.252084 0.263154 0.248691 0.219727 0.256786 0.237866 0.261488 0.262600 0.263835 0.249963 0.263053 0.232925 0.263053 0.229077
4 0.219439 0.188405 0.228063 0.233471 0.238768 0.293929 0.241902 0.365938 0.238768 0.402208 0.229891 0.426396 0.217618 0.433545 0.200905 0.418154 0.193853 0.386270 0.200119 0.335702 0.205344 0.279638 0.202211 0.230724 0.203775 0.187304 0.207954 0.193900 0.210305 0.201041 0.212393 0.210384 0.213439 0.211484 0.217095 0.214786
4 0.200095 0.442511 0.208074 0.454719 0.222579 0.461211 0.232916 0.470369 0.236723 0.488309 0.236723 0.505103 0.232189 0.518464 0.227112 0.532208 0.221130 0.546713 0.216596 0.560074 0.209705 0.576869 0.199368 0.595953 0.190846 0.605871 0.183593 0.620377 0.169811 0.637555 0.165456 0.634882 0.161649 0.628397 0.165639 0.611219 0.171077 0.599387 0.175793 0.590606 0.178512 0.584882 0.179421 0.577245 0.179421 0.576100 0.176702 0.578013 0.173979 0.581824 0.169628 0.591366 0.165095 0.600916 0.160018 0.611979 0.155846 0.616558 0.153309 0.616182 0.151312 0.613124 0.150407 0.607784 0.152400 0.597097 0.154940 0.588316 0.159109 0.575724 0.165639 0.559306 0.174705 0.534882 0.177968 0.507777 0.182140 0.482969 0.190663 0.453198
3 0.249235 0.486019 0.261930 0.489838 0.263379 0.505487 0.265558 0.510451 0.277705 0.506632 0.288225 0.508161 0.290582 0.515414 0.292214 0.531064 0.290944 0.543656 0.286228 0.560835 0.280789 0.574195 0.273716 0.587932 0.268095 0.606256 0.262835 0.624956 0.256853 0.641374 0.253589 0.651292 0.247060 0.666182 0.238175 0.681832 0.228744 0.694808 0.223123 0.699387 0.219495 0.699771 0.217319 0.699387 0.214961 0.698626 0.214239 0.694808 0.214239 0.686795 0.218772 0.672674 0.224211 0.660074 0.229832 0.649387 0.235818 0.631832 0.239081 0.618087 0.239807 0.605111 0.239807 0.605111 0.237449 0.608929 0.234909 0.612747 0.233642 0.615037 0.229470 0.625340 0.225663 0.638316 0.222579 0.652061 0.219495 0.663131 0.214056 0.675724 0.208618 0.689468 0.205351 0.692518 0.203540 0.692903 0.201361 0.688323 0.200095 0.677253 0.203540 0.639845 0.209340 0.613124 0.217863 0.585266 0.225298 0.549764 0.233642 0.525340 0.239625 0.502437
2 0.359309 0.519609 0.347884 0.519232 0.336825 0.526100 0.332653 0.539077 0.330112 0.561979 0.332291 0.611979 0.332291 0.646337 0.332291 0.687179 0.328663 0.713131 0.323768 0.736034 0.323221 0.749771 0.326123 0.756647 0.341719 0.733744 0.353688 0.697097 0.358404 0.640990 0.360940 0.610074 0.367288 0.563508 0.370007 0.547474 0.368740 0.527245
2 0.390137 0.526861 0.383428 0.535643 0.377625 0.552437 0.366926 0.563124 0.365295 0.586411 0.367105 0.634121 0.366018 0.681832 0.357495 0.714276 0.357133 0.735650 0.379074 0.719623 0.385604 0.695192 0.391951 0.631832 0.395032 0.580303 0.397754 0.557016 0.398667 0.539808
2 0.443495 0.532474 0.449498 0.529727 0.455505 0.531381 0.459421 0.528626 0.464646 0.531381 0.465688 0.535229 0.466996 0.544572 0.466211 0.562710 0.463600 0.591839 0.461772 0.620421 0.460989 0.647356 0.459684 0.680332 0.446365 0.726499 0.442449 0.707267 0.440361 0.668789 0.441404 0.630318 0.438270 0.564357 0.438793 0.536876
2 0.617144 0.509941 0.605653 0.509941 0.597558 0.518737 0.592596 0.529727 0.597298 0.553360 0.606175 0.594040 0.617144 0.657799 0.634902 0.714409 0.646389 0.732001 0.648481 0.703966 0.633074 0.578648 0.635161 0.551167 0.629940 0.522585 0.623151 0.511588
2 0.650832 0.221928 0.649263 0.270295 0.654225 0.323065 0.660751 0.376381 0.665453 0.419254 0.666498 0.456078 0.660232 0.470916 0.645084 0.475864 0.638295 0.464874 0.628635 0.463220 0.622365 0.437386 0.625761 0.384077 0.629154 0.305473 0.633596 0.262053 0.643256 0.223028
2 0.615839 0.237319 0.617926 0.292282 0.624456 0.340103 0.627849 0.384077 0.628635 0.409904 0.631246 0.435192 0.628895 0.462120 0.620018 0.476411 0.613488 0.468168 0.603565 0.451130 0.596253 0.451677 0.592596 0.451130 0.586593 0.423648 0.584765 0.388471 0.591554 0.329660 0.601214 0.271396 0.606439 0.237866
2 0.368288 0.235118 0.389179 0.299431 0.392312 0.360436 0.395705 0.408811 0.398056 0.451130 0.393618 0.480812 0.381867 0.491256 0.373512 0.507194 0.360975 0.499498 0.358365 0.467622 0.364372 0.361536 0.364109 0.297777 0.365414 0.268102 0.365414 0.249963
2 0.339565 0.225229 0.347137 0.257105 0.351839 0.278545 0.357842 0.318117 0.360716 0.353294 0.364895 0.427496 0.364372 0.449483 0.357060 0.476965 0.351575 0.484660 0.344004 0.480812 0.335646 0.474764 0.331989 0.443434 0.334340 0.410458 0.335909 0.362637 0.337996 0.309874 0.338519 0.263154 0.337737 0.235118
0 0.470912 0.535775 0.481358 0.529727 0.489453 0.532474 0.495719 0.537422 0.496242 0.555561 0.495460 0.579195 0.491281 0.611078 0.490235 0.639660 0.492323 0.667142 0.493368 0.697917 0.488670 0.725399 0.483446 0.738597 0.479789 0.736942 0.473782 0.708360 0.470130 0.668242 0.470912 0.624269 0.471958 0.587991 0.469607 0.556115
