0 0.439844 0.251037 0.445068 0.264552 0.447677 0.280567 0.449202 0.336119 0.450724 0.371657 0.447897 0.410694 0.447677 0.442724 0.448115 0.470754 0.446372 0.484269 0.433533 0.484769 0.422872 0.478761 0.415256 0.469254 0.414601 0.454739 0.415256 0.436224 0.419825 0.380164 0.420912 0.343127 0.421564 0.322604 0.424828 0.287075 0.425918 0.271060 0.428313 0.259045 0.432229 0.251037 0.438323 0.251037
0 0.477057 0.237022 0.473138 0.236522 0.468569 0.241530 0.465957 0.249037 0.458777 0.294082 0.455730 0.344627 0.453335 0.382164 0.450724 0.425209 0.449637 0.464746 0.450289 0.478261 0.456817 0.483769 0.464653 0.484769 0.473790 0.484769 0.489023 0.483269 0.491853 0.481269 0.494247 0.471254 0.495117 0.435716 0.490766 0.399687 0.487936 0.352134 0.485977 0.306590 0.484672 0.277060 0.483803 0.258045 0.482278 0.248537
0 0.521012 0.243030 0.526236 0.262045 0.530805 0.308597 0.537333 0.358642 0.539293 0.391179 0.540380 0.450231 0.538855 0.476261 0.535373 0.481269 0.522099 0.485269 0.512307 0.484269 0.504474 0.489776 0.499033 0.484269 0.494682 0.456239 0.495986 0.407194 0.499468 0.373657 0.503387 0.332619 0.507521 0.294582 0.510785 0.268552 0.513832 0.251537 0.516661 0.243030 0.517966 0.242030
0 0.554306 0.250537 0.544296 0.309097 0.541467 0.368657 0.540380 0.432216 0.541467 0.473254 0.556483 0.479761 0.566927 0.479261 0.575850 0.468254 0.577372 0.448731 0.574325 0.390172 0.570626 0.312597 0.566058 0.261545 0.562576 0.247030 0.559095 0.245030
1 0.601233 0.236612 0.610480 0.294590 0.611752 0.358403 0.614289 0.423881 0.612294 0.466007 0.605224 0.485194 0.592709 0.487276 0.578566 0.460172 0.574033 0.410955 0.580921 0.335463 0.590896 0.248709
3 0.720918 0.263724 0.725633 0.304597 0.724543 0.350896 0.725451 0.380090 0.731434 0.405948 0.733611 0.435978 0.729802 0.458918 0.714390 0.473933 0.705321 0.468507 0.696256 0.463925 0.688819 0.472261 0.678666 0.461418 0.675402 0.442231 0.679390 0.403448 0.684831 0.374664 0.686100 0.337963 0.687369 0.295007 0.689909 0.267478 0.693533 0.253299 0.699701 0.252881 0.704053 0.257888 0.702602 0.275403 0.698430 0.298761 0.700607 0.328791 0.702239 0.333791 0.705866 0.338381 0.709130 0.330873 0.711308 0.311687 0.712031 0.294172 0.711126 0.274567 0.712031 0.261642 0.716746 0.259970
3 0.758456 0.249545 0.767884 0.291672 0.772599 0.337545 0.779854 0.382590 0.783660 0.413037 0.782755 0.433478 0.762625 0.449739 0.744672 0.457664 0.733430 0.449739 0.730529 0.425134 0.733248 0.352978 0.734698 0.295425 0.737781 0.257470 0.740863 0.245791 0.745759 0.252881 0.750655 0.289582 0.751395 0.307090 0.753374 0.315896 0.754997 0.318358 0.757008 0.315448 0.758469 0.299627 0.757729 0.284164 0.755191 0.269978 0.753014 0.258299 0.753920 0.247037 0.756642 0.245373
4 0.802158 0.220769 0.805967 0.224933 0.810136 0.254963 0.812674 0.277067 0.814306 0.309187 0.823738 0.345052 0.828271 0.365910 0.828634 0.384261 0.826093 0.395104 0.818660 0.410955 0.808141 0.421799 0.793452 0.424299 0.784568 0.418881 0.780032 0.398440 0.778945 0.346724 0.778040 0.305433 0.776590 0.276657 0.778582 0.246627 0.783118 0.232022 0.786561 0.234112 0.788920 0.247037 0.790733 0.267478 0.794903 0.288328 0.796898 0.294172 0.799075 0.279157 0.797262 0.258716 0.796535 0.238284 0.798894 0.225769
0 0.511288 0.509388 0.496781 0.508552 0.494968 0.536075 0.497508 0.570694 0.502586 0.633672 0.503491 0.669545 0.509293 0.706246 0.517274 0.719597 0.524526 0.693731 0.523439 0.604896 0.521807 0.546090 0.518543 0.512306
3 0.252703 0.241030 0.243780 0.291075 0.236817 0.336119 0.229854 0.375157 0.223978 0.403687 0.225720 0.426209 0.232249 0.443731 0.240299 0.453239 0.260318 0.462746 0.268589 0.459746 0.272070 0.422209 0.271635 0.392679 0.272070 0.345634 0.271635 0.314097 0.271418 0.286575 0.270110 0.264552 0.266846 0.246030 0.264669 0.247030 0.261626 0.258045 0.259014 0.282567 0.259448 0.310597 0.260318 0.328612 0.256619 0.335619 0.253572 0.328612 0.254225 0.306090 0.256836 0.284567 0.257923 0.266552 0.256184 0.252537 0.255315 0.242030
5 0.295354 0.377164 0.290565 0.384172 0.288608 0.389172 0.286866 0.401187 0.286213 0.411194 0.286866 0.421209 0.287083 0.431716 0.286213 0.441724 0.282732 0.452739 0.281862 0.460246 0.285344 0.465746 0.290782 0.466254 0.293829 0.468254 0.295571 0.471254 0.299705 0.474761 0.304929 0.477261 0.313413 0.475761 0.317985 0.467254 0.321032 0.459246 0.321901 0.440724 0.319072 0.412694 0.318202 0.410694 0.314938 0.415701 0.310149 0.409194 0.309280 0.406194 0.308193 0.396179 0.304929 0.381164 0.302534 0.380164 0.299487 0.375157
3 0.306016 0.264052 0.311892 0.304590 0.313196 0.342127 0.318420 0.397679 0.320376 0.425209 0.322336 0.449231 0.322119 0.465246 0.316025 0.476261 0.308410 0.480261 0.299270 0.473254 0.293829 0.475761 0.284692 0.485769 0.277508 0.478261 0.272287 0.468754 0.267498 0.438724 0.271635 0.413194 0.277943 0.383672 0.279468 0.344127 0.279468 0.308597 0.280337 0.276060 0.285561 0.256045 0.292524 0.279067 0.292959 0.299582 0.293394 0.319604 0.297310 0.331619 0.299705 0.329112 0.301882 0.316104 0.302751 0.294582 0.304929 0.270560
3 0.654727 0.487694 0.645844 0.497709 0.648563 0.529821 0.656360 0.571948 0.665247 0.639097 0.670143 0.676634 0.675581 0.709164 0.677758 0.712500 0.681022 0.711672 0.685195 0.706246 0.686282 0.688313 0.679935 0.635343 0.680840 0.608649 0.684286 0.611149 0.692083 0.623246 0.696074 0.641179 0.703326 0.684978 0.708404 0.699157 0.711308 0.701239 0.715114 0.699575 0.716564 0.678716 0.714208 0.641179 0.706411 0.548172 0.705321 0.519813 0.702784 0.491030 0.688637 0.488530 0.675581 0.494373 0.665428 0.493955
3 0.751201 0.473097 0.737239 0.471433 0.715659 0.485612 0.705685 0.496873 0.706048 0.521060 0.712940 0.553179 0.720191 0.579873 0.729079 0.619493 0.736694 0.653694 0.744309 0.682888 0.753741 0.695821 0.757729 0.693321 0.759543 0.688731 0.758092 0.669545 0.749205 0.635761 0.742677 0.604060 0.747391 0.598224 0.756460 0.624500 0.762080 0.655784 0.766071 0.675799 0.772599 0.679134 0.776590 0.658284 0.768248 0.597388 0.764802 0.541082 0.764075 0.499373 0.759361 0.484358
2 0.337570 0.254537 0.349101 0.305090 0.351278 0.370157 0.351931 0.395679 0.352583 0.427709 0.351931 0.450731 0.350844 0.465246 0.348666 0.472754 0.343881 0.482769 0.341921 0.485769 0.337787 0.488269 0.334958 0.488269 0.329299 0.488269 0.325600 0.481269 0.322119 0.474761 0.320376 0.462246 0.321249 0.434216 0.327125 0.400687 0.332563 0.353142 0.335827 0.315604 0.335827 0.273560 0.335175 0.257545
2 0.370863 0.264552 0.383050 0.314597 0.386314 0.379164 0.385224 0.452739 0.382395 0.474761 0.372167 0.488776 0.359766 0.489776 0.353238 0.483769 0.350626 0.455239 0.353018 0.419201 0.354543 0.366649 0.355195 0.330112 0.358894 0.297082 0.358459 0.294582 0.360419 0.272560 0.363248 0.265052 0.367382 0.260545
0 0.550639 0.511470 0.535769 0.505634 0.524345 0.508134 0.521080 0.518142 0.523076 0.557769 0.528699 0.619493 0.532687 0.670799 0.536496 0.701239 0.544111 0.703746 0.549007 0.661619 0.548644 0.567776
1 0.570406 0.510634 0.554812 0.519396 0.550821 0.554843 0.553903 0.606149 0.556804 0.672881 0.562427 0.704582 0.572219 0.741284 0.580380 0.747955 0.588903 0.739612 0.588722 0.685396 0.582375 0.627836 0.584186 0.566522 0.579289 0.516896
2 0.374559 0.509388 0.362589 0.506881 0.354069 0.513552 0.350078 0.527739 0.348446 0.547754 0.351347 0.576955 0.352255 0.614493 0.353160 0.650776 0.352797 0.680388 0.351710 0.708746 0.352797 0.729187 0.359870 0.720425 0.366580 0.699157 0.373832 0.637843 0.379637 0.576119 0.382719 0.544836 0.383988 0.533575 0.381992 0.521478
2 0.395230 0.513560 0.386165 0.520231 0.380360 0.530657 0.378550 0.557351 0.380182 0.599060 0.382901 0.637425 0.385438 0.680806 0.387252 0.708746 0.389974 0.720007 0.396502 0.703328 0.404841 0.644104 0.410464 0.542754 0.410827 0.525649 0.404117 0.518142
2 0.603770 0.507716 0.585818 0.521896 0.581830 0.550261 0.588540 0.609067 0.597424 0.678306 0.606674 0.724179 0.618640 0.700828 0.615921 0.583627 0.615016 0.533157 0.611207 0.516060
2 0.624270 0.496866 0.611570 0.509388 0.612476 0.540664 0.620454 0.583627 0.630610 0.640769 0.635870 0.691231 0.642034 0.727933 0.653822 0.718761 0.649650 0.642433 0.646749 0.544000 0.648563 0.523567 0.642579 0.508970
4 0.208988 0.441418 0.198284 0.431187 0.190970 0.444396 0.186531 0.480433 0.184964 0.517075 0.180003 0.543500 0.175305 0.574127 0.173215 0.597552 0.178177 0.603560 0.182875 0.599955 0.193845 0.576530 0.199328 0.559112 0.202722 0.565716 0.198806 0.584940 0.190711 0.597552 0.186272 0.612567 0.190188 0.619776 0.195672 0.617373 0.206379 0.604761 0.218650 0.587940 0.223874 0.556112 0.229617 0.540493 0.241892 0.515873 0.248420 0.494246 0.245548 0.464216 0.236924 0.454030 0.227255 0.447388 0.218391 0.438993
4 0.811223 0.423881 0.791820 0.435142 0.770604 0.450157 0.764075 0.459754 0.760088 0.473515 0.760448 0.498537 0.770240 0.525231 0.778040 0.550261 0.790006 0.591134 0.804153 0.611149 0.821197 0.622410 0.824280 0.616575 0.818842 0.597388 0.810863 0.577784 0.807959 0.564022 0.811223 0.553597 0.817391 0.564022 0.821016 0.577366 0.825912 0.592799 0.832440 0.599478 0.840964 0.600724 0.840964 0.583209 0.835344 0.560687 0.826275 0.515642 0.817028 0.439731
1 0.397411 0.242530 0.394364 0.244530 0.387184 0.249537 0.383702 0.264552 0.381525 0.288575 0.382177 0.336119 0.383267 0.395679 0.384789 0.445231 0.384789 0.471254 0.386531 0.487269 0.391100 0.495776 0.398929 0.497313 0.414601 0.464746 0.418082 0.433716 0.412644 0.391179 0.409163 0.356142 0.405681 0.309597 0.402417 0.279067 0.400240 0.252537
3 0.258605 0.481037 0.252859 0.487045 0.249465 0.499657 0.248420 0.517075 0.243459 0.550104 0.240584 0.588545 0.234056 0.640194 0.231969 0.667224 0.234841 0.676828 0.243196 0.669619 0.247635 0.635388 0.254685 0.608963 0.259909 0.602955 0.259127 0.629381 0.254426 0.643194 0.246853 0.675627 0.250247 0.682231 0.258342 0.672022 0.264088 0.654007 0.273748 0.613164 0.285762 0.580134 0.296729 0.548299 0.303258 0.521276 0.298118 0.501716 0.292291 0.494851 0.275470 0.488806 0.269309 0.480433 0.261736 0.476231
4 0.220480 0.218575 0.227790 0.239597 0.229880 0.258813 0.229617 0.290649 0.226223 0.321276 0.225701 0.357313 0.225701 0.391545 0.224396 0.414366 0.218391 0.423381 0.201677 0.426985 0.190711 0.410164 0.182352 0.391545 0.176087 0.370522 0.181048 0.344097 0.191755 0.299052 0.199328 0.250403 0.198543 0.216776 0.202200 0.202358 0.207161 0.209567 0.209773 0.225179 0.211077 0.249201 0.212122 0.268425 0.214734 0.266022 0.216038 0.252806 0.214734 0.237791 0.213167 0.212567 0.215779 0.211970 0.218650 0.216172
3 0.300211 0.545672 0.312177 0.534410 0.321064 0.536493 0.337385 0.537746 0.345727 0.540664 0.347901 0.547336 0.345909 0.567776 0.341012 0.614903 0.339922 0.647858 0.338472 0.683306 0.335571 0.712090 0.331944 0.722515 0.328134 0.726687 0.322333 0.722515 0.320337 0.695403 0.323238 0.657448 0.323238 0.635343 0.321064 0.627836 0.316710 0.629507 0.312177 0.647440 0.309276 0.679970 0.307281 0.698739 0.301843 0.712500 0.293501 0.722097 0.287515 0.701657 0.290237 0.642851 0.296038 0.578619 0.297307 0.549843
1 0.425698 0.503582 0.415542 0.522313 0.411733 0.539000 0.410646 0.567776 0.412823 0.645351 0.411733 0.698321 0.410827 0.737530 0.416265 0.748373 0.426966 0.728351 0.433676 0.669545 0.440568 0.622828 0.441110 0.589463 0.443287 0.535246 0.442018 0.522313 0.436577 0.511052
0 0.473209 0.503963 0.469945 0.505634 0.458881 0.504799 0.449452 0.508134 0.445824 0.512306 0.442923 0.528567 0.445101 0.579455 0.447638 0.613239 0.449270 0.663701 0.450178 0.700828 0.451811 0.720425 0.460331 0.714172 0.468313 0.632007 0.469763 0.576119 0.474296 0.526903
0 0.480461 0.515642 0.474478 0.520231 0.472119 0.546090 0.473751 0.586127 0.474296 0.628672 0.474478 0.658701 0.475201 0.701239 0.478647 0.700410 0.488076 0.674963 0.492430 0.619910 0.495876 0.559433 0.496963 0.522731 0.489708 0.511052
2 0.661074 0.259134 0.663251 0.319194 0.669598 0.367157 0.675402 0.428470 0.675944 0.455164 0.672317 0.476015 0.665970 0.484358 0.655091 0.482694 0.645117 0.457246 0.642940 0.410955 0.644935 0.323784 0.648744 0.273313 0.654546 0.255381
2 0.633874 0.243284 0.638770 0.327119 0.641489 0.425134 0.647294 0.468507 0.632969 0.488112 0.615376 0.469343 0.604497 0.434724 0.612294 0.332545 0.624082 0.247873
