0 0.587231 0.058826 0.578614 0.177722 0.573653 0.240661 0.571562 0.315496 0.568688 0.356061 0.562162 0.365148 0.540750 0.349061 0.539964 0.314096 0.546234 0.270035 0.550149 0.218278 0.553805 0.161635 0.565295 0.107078 0.575218 0.075609 0.580442 0.058122 0.584357 0.049035
2 0.313045 0.116174 0.325055 0.139252 0.332367 0.164435 0.339679 0.213383 0.345685 0.262339 0.350386 0.308504 0.352214 0.334374 0.353519 0.360957 0.351951 0.379139 0.346990 0.384035 0.337068 0.388226 0.328451 0.388226 0.325318 0.370043 0.320880 0.319687 0.321140 0.267235 0.320617 0.203591 0.313568 0.128061
2 0.363442 0.086800 0.368143 0.186809 0.375977 0.258148 0.384334 0.310600 0.388250 0.345565 0.387727 0.370043 0.384071 0.380539 0.372321 0.398017 0.361877 0.396626 0.356130 0.386130 0.352997 0.358852 0.351169 0.303609 0.350123 0.242061 0.350386 0.176322 0.349864 0.133661 0.353260 0.097287 0.356130 0.069313
2 0.642393 0.317817 0.643146 0.365148 0.638633 0.385287 0.632617 0.385287 0.623591 0.384278 0.617951 0.369174 0.610805 0.354070 0.610432 0.307739 0.619078 0.252357 0.626977 0.179843 0.633744 0.115391 0.638633 0.081148 0.644273 0.087191 0.649912 0.100278 0.651419 0.117400 0.648032 0.174809 0.646153 0.234226 0.641640 0.304722
2 0.670218 0.305730 0.675860 0.336948 0.673227 0.362122 0.667211 0.375217 0.655179 0.383278 0.647656 0.377235 0.642016 0.361122 0.642016 0.340974 0.645776 0.291626 0.652169 0.237243 0.654425 0.177826 0.664578 0.126470 0.673604 0.111357 0.681123 0.129487 0.675107 0.178835 0.675107 0.221130 0.670594 0.278539
2 0.617756 0.418861 0.614101 0.431452 0.612795 0.446139 0.612795 0.465722 0.615929 0.489496 0.621935 0.521670 0.623240 0.551043 0.622458 0.599296 0.624023 0.627974 0.627679 0.654548 0.631597 0.667835 0.636818 0.673435 0.639951 0.662243 0.642042 0.609087 0.641519 0.537052 0.642565 0.487400 0.644912 0.460122 0.644912 0.437043 0.642825 0.430748 0.639169 0.423061 0.632380 0.421661 0.623763 0.418861
2 0.618016 0.431452 0.619321 0.444739 0.620890 0.450330 0.627679 0.459426 0.636558 0.458026 0.636818 0.444043 0.638909 0.437748 0.637864 0.428652 0.633425 0.427252 0.627156 0.423757 0.621412 0.423757
2 0.589545 0.412609 0.581198 0.429357 0.579630 0.455226 0.582503 0.482504 0.588769 0.515374 0.591643 0.541948 0.592948 0.591609 0.596344 0.675530 0.603916 0.700713 0.606789 0.705609 0.612273 0.698609 0.614883 0.683226 0.615146 0.635670 0.612795 0.583217 0.614360 0.497887 0.614360 0.449635 0.614101 0.434948 0.612010 0.421661 0.605747 0.414696 0.598701 0.407652
2 0.392140 0.417461 0.387179 0.423061 0.385091 0.427957 0.382218 0.432852 0.380912 0.441243 0.380390 0.451035 0.380649 0.467817 0.380649 0.481104 0.380649 0.506983 0.381695 0.574826 0.383523 0.628670 0.383263 0.670635 0.384045 0.695113 0.386656 0.695113 0.391880 0.693713 0.394490 0.688122 0.397886 0.648252 0.401019 0.610487 0.402584 0.541948 0.406503 0.496496 0.413032 0.446835 0.413552 0.439843 0.412247 0.430748 0.409377 0.423061 0.405198 0.416765 0.400756 0.416061 0.398669 0.416061
2 0.379610 0.431478 0.381172 0.453835 0.379084 0.490200 0.375688 0.530765 0.374123 0.604191 0.367334 0.658748 0.363938 0.680426 0.361328 0.685322 0.357932 0.683922 0.356627 0.668539 0.354539 0.620278 0.353753 0.583913 0.353753 0.524470 0.353494 0.495791 0.351143 0.476913 0.348792 0.448939 0.349578 0.435643 0.354799 0.427957 0.362633 0.424461 0.369422 0.424461 0.375942 0.425826
0 0.467893 0.086104 0.475205 0.167226 0.487218 0.229470 0.494006 0.267235 0.495312 0.298713 0.497140 0.341374 0.492701 0.369348 0.482256 0.382635 0.471812 0.386130 0.461104 0.381235 0.454315 0.343470 0.451705 0.297313 0.451182 0.249757 0.441782 0.158835 0.444130 0.113374 0.448571 0.076313 0.456666 0.062322 0.465023 0.079809
4 0.245935 0.428583 0.233399 0.425087 0.227393 0.429983 0.221390 0.428583 0.213815 0.427887 0.205198 0.441870 0.202065 0.462157 0.201282 0.490130 0.201805 0.533487 0.197104 0.581748 0.194231 0.618113 0.194494 0.667070 0.201542 0.679661 0.210159 0.653078 0.220604 0.581748 0.224000 0.567757 0.223477 0.604122 0.217994 0.634200 0.213292 0.672661 0.217994 0.686652 0.231571 0.665670 0.242539 0.626504 0.247763 0.561461 0.251156 0.539783 0.257945 0.480339 0.256640 0.457957 0.251419 0.439774
3 0.286906 0.434252 0.259487 0.441243 0.256091 0.447539 0.254786 0.469217 0.252698 0.514678 0.249825 0.576922 0.247214 0.632870 0.246169 0.672730 0.251916 0.695817 0.263403 0.688817 0.268367 0.618878 0.271760 0.576217 0.275679 0.551739 0.279071 0.571322 0.275416 0.603496 0.271237 0.625174 0.266276 0.665043 0.267058 0.682522 0.272542 0.683922 0.280117 0.660843 0.293172 0.592304 0.300224 0.550348 0.304403 0.504183 0.303880 0.460122 0.297351 0.437043
5 0.290562 0.446835 0.279854 0.446139 0.267581 0.451730 0.259747 0.462226 0.255308 0.486000 0.253481 0.516774 0.261315 0.523765 0.261575 0.533557 0.256614 0.586713 0.257919 0.604191 0.264971 0.588809 0.271760 0.528661 0.284295 0.526565 0.298396 0.513278 0.302575 0.502783 0.297610 0.460826
3 0.316412 0.433548 0.302575 0.448235 0.298656 0.463626 0.300224 0.489496 0.304403 0.528661 0.306490 0.567826 0.304403 0.603496 0.303357 0.643357 0.310146 0.676235 0.314847 0.680426 0.319808 0.669939 0.323724 0.654548 0.326597 0.614687 0.329471 0.568530 0.336260 0.579017 0.336260 0.615383 0.334432 0.638461 0.330776 0.667835 0.330253 0.692313 0.337302 0.695817 0.345922 0.672035 0.353494 0.588809 0.351925 0.530061 0.350620 0.475513 0.347750 0.444739 0.345659 0.427957 0.339916 0.424461 0.329731 0.424461 0.316935 0.428652
5 0.327120 0.434948 0.321114 0.436348 0.315890 0.437043 0.310146 0.441939 0.304662 0.450330 0.302312 0.455930 0.300747 0.472713 0.303604 0.498609 0.313019 0.493696 0.316412 0.485304 0.320331 0.474113 0.327643 0.474809 0.331818 0.459426 0.333127 0.449635
5 0.389529 0.434252 0.393445 0.434252 0.398146 0.425852 0.401802 0.425852 0.404675 0.431452 0.406763 0.441939 0.407026 0.450330 0.405198 0.458026 0.401542 0.460826 0.395273 0.467817 0.392662 0.470617 0.390834 0.477609 0.386656 0.480409 0.384305 0.478304 0.382477 0.472713 0.381695 0.473409 0.381435 0.469217 0.381435 0.460826 0.381435 0.455226 0.381435 0.446835 0.381435 0.441939 0.383000 0.435643 0.389269 0.432852
5 0.363679 0.428652 0.359237 0.430052 0.354276 0.435643 0.351666 0.437748 0.351143 0.439843 0.349838 0.448939 0.351666 0.467122 0.352971 0.475513 0.352188 0.479704 0.354276 0.484600 0.357672 0.483200 0.360282 0.476913 0.363679 0.467817 0.365766 0.460122 0.369422 0.454530 0.372295 0.458730 0.372555 0.464322 0.373338 0.469913 0.374646 0.470617 0.376734 0.470617 0.379344 0.470617 0.379867 0.468513 0.380130 0.460122 0.380130 0.449635 0.379344 0.438443 0.379084 0.434948 0.377256 0.430748 0.374383 0.427957 0.370205 0.427957 0.364201 0.427252
1 0.438101 0.406270 0.433922 0.405574 0.425825 0.404878 0.422432 0.409774 0.421127 0.413270 0.419036 0.416765 0.415120 0.427252 0.412247 0.439148 0.410942 0.458026 0.410942 0.482504 0.410942 0.509783 0.410682 0.547548 0.408068 0.587409 0.406763 0.629374 0.408331 0.668539 0.409377 0.684626 0.411464 0.705609 0.414338 0.714696 0.417208 0.714000 0.423214 0.705609 0.426347 0.695113 0.430526 0.644061 0.432877 0.592304 0.438883 0.526565 0.447760 0.437748 0.447240 0.423757 0.445149 0.416061 0.438620 0.404878
0 0.461864 0.408374 0.457162 0.408374 0.449851 0.416061 0.446718 0.426557 0.444627 0.444043 0.443844 0.469217 0.442539 0.499991 0.442539 0.523070 0.443844 0.567826 0.443062 0.590904 0.445149 0.640565 0.450896 0.676235 0.454812 0.708400 0.459513 0.710496 0.466302 0.672730 0.473614 0.586713 0.474656 0.521670 0.473614 0.422357 0.472045 0.414670 0.469172 0.410470
0 0.473351 0.414670 0.481968 0.408374 0.489279 0.399278 0.495808 0.401374 0.497636 0.411870 0.497899 0.436348 0.498159 0.463626 0.498159 0.517470 0.497636 0.560835 0.495026 0.614687 0.492935 0.639861 0.485886 0.651052 0.481185 0.641965 0.477269 0.601400 0.476224 0.545452 0.473351 0.460122
0 0.520094 0.404878 0.512782 0.398583 0.499727 0.400678 0.495549 0.410470 0.495549 0.482504 0.498419 0.520974 0.501032 0.602096 0.503383 0.638461 0.505994 0.662243 0.513565 0.650357 0.518526 0.632870 0.520094 0.596504 0.520094 0.534957 0.519571 0.498591 0.522705 0.442643 0.522968 0.407670
0 0.526623 0.396478 0.523750 0.399983 0.519831 0.416765 0.518789 0.455226 0.522705 0.504183 0.526360 0.565035 0.528451 0.608391 0.532890 0.637070 0.537328 0.641965 0.541506 0.623774 0.545685 0.585313 0.545945 0.523070 0.546208 0.465017 0.546468 0.434948 0.545685 0.414670 0.543334 0.410470 0.536545 0.404878 0.532890 0.399278
1 0.563179 0.402774 0.548295 0.415365 0.545162 0.434252 0.549601 0.494391 0.554825 0.544748 0.560045 0.606296 0.566575 0.665739 0.568403 0.706304 0.568925 0.729383 0.573104 0.730783 0.578065 0.718191 0.580938 0.709104 0.585899 0.680426 0.587205 0.625878 0.581458 0.529365 0.581198 0.476209 0.579893 0.441939 0.572058 0.421661
5 0.593211 0.435643 0.594253 0.447539 0.595299 0.455930 0.601042 0.455930 0.603393 0.450330 0.603916 0.435643 0.601042 0.430052 0.596344 0.431452
5 0.588247 0.435643 0.584854 0.438443 0.583286 0.443339 0.585636 0.455226 0.586942 0.460826 0.591906 0.455930 0.592688 0.441939 0.591906 0.435643
3 0.654052 0.413965 0.665282 0.416061 0.672071 0.431452 0.682256 0.430748 0.693221 0.435643 0.697662 0.437748 0.699227 0.439148 0.700273 0.451730 0.697140 0.492296 0.695834 0.518870 0.695834 0.547548 0.695834 0.583913 0.697140 0.625174 0.699750 0.680426 0.698445 0.688817 0.694266 0.696513 0.689305 0.697913 0.684344 0.679730 0.679120 0.645461 0.677815 0.615383 0.675987 0.576217 0.673899 0.564330 0.671026 0.562235 0.668675 0.569226 0.668153 0.589504 0.670503 0.629374 0.672071 0.655252 0.673377 0.688817 0.671549 0.702104 0.661627 0.690217 0.657708 0.668539 0.653010 0.616783 0.652224 0.565730 0.651701 0.523765 0.650659 0.485304 0.647526 0.455930 0.645175 0.438443 0.650396 0.413270
5 0.669461 0.429357 0.664760 0.428652 0.662669 0.440539 0.661627 0.453130 0.661364 0.474113 0.662149 0.493696 0.663455 0.511183 0.666065 0.520974 0.670503 0.524470 0.676510 0.528661 0.681211 0.530061 0.685127 0.527965 0.687218 0.522365 0.692179 0.527261 0.694266 0.520270 0.695834 0.504183 0.697399 0.473409 0.699227 0.451035 0.698445 0.442643 0.694529 0.437043 0.685390 0.434948 0.677555 0.432148
3 0.715419 0.423061 0.700273 0.441939 0.698185 0.453130 0.701055 0.486000 0.704711 0.521670 0.705756 0.553139 0.708367 0.579017 0.710458 0.606991 0.715942 0.630070 0.719857 0.657348 0.725604 0.681826 0.731870 0.701409 0.738136 0.705609 0.741269 0.695817 0.741269 0.675530 0.736568 0.641965 0.731870 0.609087 0.729260 0.577617 0.730565 0.555939 0.736831 0.569226 0.739705 0.588113 0.740747 0.615383 0.742315 0.639165 0.743880 0.658043 0.746231 0.676930 0.749364 0.676235 0.754065 0.657348 0.754847 0.624478 0.752237 0.551739 0.751455 0.506983 0.753542 0.469217 0.753282 0.446139 0.746753 0.424461 0.737091 0.420957 0.727169 0.423061
5 0.721425 0.430748 0.729260 0.439148 0.738396 0.435643 0.744403 0.439843 0.744403 0.451730 0.742575 0.469217 0.739705 0.486704 0.738919 0.496496 0.732916 0.504183 0.728214 0.505583 0.722468 0.507678 0.719334 0.499287 0.718029 0.506287 0.715679 0.516774 0.710981 0.518870 0.706016 0.515374 0.704451 0.506287 0.702883 0.483200 0.701055 0.471313 0.700273 0.451730 0.703669 0.438443 0.708367 0.432148 0.719334 0.429357
3 0.775506 0.141574 0.777386 0.184878 0.777386 0.253357 0.778513 0.317817 0.780019 0.361122 0.772497 0.388313 0.767610 0.393348 0.757831 0.397374 0.748432 0.399391 0.736399 0.391330 0.725494 0.377235 0.725494 0.334930 0.730383 0.293643 0.735273 0.225157 0.742039 0.173800 0.751815 0.136539 0.756705 0.132504 0.759714 0.156678 0.759338 0.172791 0.763097 0.170774 0.768737 0.150635 0.770617 0.138548 0.771747 0.137539
5 0.753695 0.339965 0.748055 0.334930 0.742792 0.344000 0.740536 0.349035 0.734143 0.356087 0.731136 0.372200 0.739032 0.379243 0.759338 0.377235 0.766857 0.378235 0.767234 0.365148 0.761218 0.349035
5 0.702182 0.341983 0.693532 0.347017 0.687922 0.365391 0.695412 0.370183 0.705565 0.375217 0.714591 0.375217 0.715341 0.358096 0.707532 0.350261 0.704438 0.342991
5 0.668714 0.310765 0.673981 0.336948 0.673981 0.342991 0.673604 0.357087 0.670594 0.363130 0.664955 0.374209 0.660065 0.373200 0.653672 0.373200 0.646153 0.371191 0.643146 0.358096 0.643896 0.341983 0.644273 0.325870 0.648409 0.322852 0.652169 0.332922 0.653672 0.333930 0.657058 0.314791 0.664578 0.309757
5 0.639383 0.318817 0.634497 0.317817 0.629607 0.323852 0.625471 0.330904 0.614568 0.346009 0.614568 0.354070 0.620584 0.367130 0.627338 0.370174 0.633734 0.370174 0.639010 0.363130 0.642016 0.342991 0.642016 0.320835
3 0.722497 0.135061 0.726149 0.167930 0.727458 0.202200 0.722494 0.242757 0.720666 0.281226 0.723802 0.318991 0.724584 0.340670 0.724062 0.360252 0.721188 0.377043 0.718055 0.386130 0.715182 0.391026 0.706565 0.391730 0.697688 0.384035 0.689331 0.389626 0.679669 0.392426 0.673143 0.376339 0.675490 0.349061 0.674971 0.312000 0.679669 0.285426 0.682542 0.246957 0.684110 0.213383 0.687766 0.186809 0.690377 0.160235 0.695078 0.139252 0.701081 0.125270 0.705260 0.130165 0.706565 0.142052 0.706305 0.161635 0.705260 0.186809 0.704737 0.209887 0.706828 0.231574 0.711526 0.226678 0.714662 0.206391 0.712834 0.170722 0.712834 0.156739 0.713617 0.144852 0.715705 0.134357 0.721188 0.125965
1 0.610471 0.070017 0.619088 0.165826 0.619088 0.228774 0.610471 0.286817 0.610211 0.344165 0.606032 0.363052 0.597153 0.384035 0.590364 0.379835 0.574958 0.353957 0.572344 0.314791 0.579396 0.277730 0.588013 0.213383 0.593760 0.157435 0.601331 0.098687
5 0.278036 0.331826 0.277127 0.362426 0.279123 0.375052 0.281299 0.389617 0.290549 0.392539 0.295445 0.393017 0.303786 0.386217 0.318838 0.384765 0.323912 0.377965 0.322464 0.344452 0.320107 0.325513 0.319198 0.318713 0.313760 0.314339 0.306685 0.318713 0.296714 0.321139 0.288916 0.317739 0.282205 0.329400
5 0.272052 0.326487 0.266974 0.331339 0.264977 0.344452 0.263166 0.355139 0.259539 0.348826 0.255003 0.349313 0.245575 0.351252 0.243763 0.353678 0.241403 0.339600 0.239773 0.333765 0.235240 0.338626 0.231068 0.340565 0.228893 0.356113 0.229617 0.381365 0.234513 0.393991 0.239227 0.397878 0.242672 0.399817 0.248114 0.395452 0.253192 0.391565 0.257364 0.393504 0.264253 0.394965 0.268968 0.391565 0.276403 0.380878 0.276221 0.355626 0.275133 0.324539
3 0.252286 0.155530 0.263347 0.207983 0.268968 0.243435 0.270601 0.286661 0.275497 0.323087 0.278396 0.356113 0.277490 0.384278 0.273140 0.391565 0.264617 0.399339 0.251377 0.394478 0.241224 0.403217 0.234331 0.395939 0.228893 0.380878 0.227442 0.345426 0.232338 0.301713 0.231432 0.250235 0.229253 0.187096 0.230341 0.159409 0.233425 0.151643 0.242312 0.159896 0.245032 0.169122 0.247568 0.163783 0.249747 0.149696 0.252464 0.151157
3 0.298377 0.158348 0.304429 0.181217 0.313305 0.229470 0.315396 0.273530 0.319571 0.311296 0.323490 0.348365 0.325318 0.378435 0.323490 0.386130 0.307821 0.398722 0.290847 0.393826 0.280403 0.391026 0.275964 0.348365 0.275964 0.297313 0.280143 0.266539 0.274396 0.222478 0.271786 0.167930 0.270481 0.144148 0.275182 0.135757 0.279620 0.139957 0.282231 0.152539 0.284581 0.173522 0.286932 0.182617 0.289542 0.178417 0.290328 0.167226 0.288237 0.153939 0.286149 0.140652 0.286149 0.136452 0.287977 0.128061 0.289282 0.128061 0.290847 0.131557 0.293721 0.139252 0.296071 0.148348 0.298159 0.158139
5 0.323490 0.318296 0.334981 0.323887 0.337851 0.342774 0.342812 0.328087 0.347776 0.316191 0.352214 0.330183 0.352214 0.366548 0.351432 0.377043 0.343334 0.379835 0.334718 0.377043 0.328192 0.379139 0.323750 0.367252 0.322968 0.336478
5 0.352474 0.312000 0.358744 0.316896 0.363964 0.328783 0.368403 0.344165 0.373627 0.328087 0.378851 0.314096 0.384854 0.315496 0.386162 0.339974 0.386422 0.356757 0.381721 0.368643 0.375977 0.374243 0.372321 0.377043 0.368403 0.378435 0.360831 0.374243 0.355607 0.371443 0.353519 0.360957 0.351432 0.344165 0.352214 0.316896
1 0.385899 0.090296 0.401045 0.142748 0.405747 0.210591 0.410185 0.254652 0.415669 0.293113 0.421412 0.336478 0.421153 0.353957 0.414886 0.381939 0.409403 0.393122 0.400263 0.395922 0.391123 0.384730 0.383289 0.349061 0.382244 0.286122 0.380156 0.209887 0.380416 0.159539 0.380416 0.129461 0.380679 0.095191
0 0.416451 0.074913 0.428464 0.148348 0.437081 0.208487 0.441260 0.256748 0.450922 0.308504 0.455360 0.332278 0.455097 0.356757 0.445698 0.370043 0.434990 0.374939 0.426636 0.367252 0.417234 0.336478 0.414364 0.277026 0.411490 0.181217 0.410968 0.123870 0.409922 0.078409
0 0.541010 0.046939 0.545711 0.179113 0.543883 0.228774 0.542838 0.295217 0.537877 0.362357 0.527955 0.372148 0.520903 0.370748 0.510458 0.372843 0.502101 0.372843 0.496357 0.363052 0.496097 0.330183 0.496880 0.281922 0.501841 0.232270 0.511240 0.191009 0.517510 0.130861 0.524558 0.094496 0.530565 0.065817 0.537617 0.053930
