2 0.354571 0.549800 0.356825 0.613816 0.358332 0.644984 0.358332 0.680360 0.366229 0.691312 0.375254 0.660144 0.378261 0.591072 0.377132 0.550648 0.376757 0.534640 0.365850 0.538008
2 0.339529 0.497584 0.316214 0.509376 0.309825 0.531272 0.324489 0.586024 0.331257 0.626456 0.337275 0.666040 0.341786 0.688784 0.353068 0.667728 0.354946 0.618032 0.345546 0.555696
2 0.342161 0.303856 0.344793 0.369552 0.343289 0.428512 0.345546 0.473152 0.336896 0.500104 0.321857 0.499264 0.315464 0.493368 0.313582 0.452096 0.321857 0.404928 0.321857 0.356072 0.331257 0.306376
4 0.773464 0.457992 0.749775 0.469784 0.734732 0.489160 0.727964 0.504320 0.726086 0.504320 0.726086 0.519480 0.731725 0.548960 0.745261 0.564968 0.761807 0.594448 0.778350 0.618032 0.795650 0.631504 0.799032 0.628976 0.801664 0.615504 0.793393 0.600344 0.788504 0.584336 0.792264 0.573384 0.797904 0.572544 0.808057 0.570016 0.807307 0.550648 0.798282 0.531272 0.785121 0.498424
3 0.728718 0.278584 0.716307 0.310592 0.708411 0.345968 0.697507 0.397344 0.689611 0.432720 0.684346 0.474000 0.692618 0.495056 0.716307 0.490000 0.732475 0.478208 0.736236 0.453784 0.734732 0.383032 0.735486 0.306376 0.735486 0.282792
0 0.548804 0.244944 0.542486 0.277288 0.538875 0.330856 0.537971 0.379376 0.537071 0.423848 0.546546 0.448104 0.570914 0.430920 0.571814 0.401608 0.561436 0.359160 0.562339 0.293456 0.558729 0.251008
5 0.763311 0.466416 0.766696 0.471472 0.766696 0.487472 0.767071 0.500952 0.759550 0.512744 0.748268 0.516952 0.734732 0.516952 0.734357 0.506000 0.738118 0.488312 0.754661 0.470624
5 0.662161 0.441992 0.643357 0.436936 0.636214 0.453784 0.640725 0.466416 0.652007 0.472312 0.659904 0.479048 0.667046 0.481576 0.676071 0.483264 0.673439 0.470624 0.675696 0.464728 0.672311 0.454624 0.667046 0.451256
4 0.227096 0.456304 0.236121 0.464728 0.243268 0.468104 0.250786 0.479896 0.254925 0.496736 0.252668 0.516952 0.234618 0.558224 0.219579 0.596128 0.204911 0.619712 0.196639 0.633192 0.195136 0.618032 0.201529 0.601184 0.204536 0.590232 0.205664 0.582656 0.203407 0.579280 0.191375 0.603712 0.182350 0.612136 0.183104 0.592760 0.194007 0.558224 0.206039 0.522008 0.212432 0.492528 0.215064 0.467256 0.221082 0.452936
3 0.215439 0.359440 0.224464 0.426824 0.229354 0.436936 0.242139 0.441144 0.254171 0.454624 0.257557 0.436096 0.258307 0.409984 0.244771 0.367864 0.236121 0.319016 0.233489 0.335856 0.230482 0.359440 0.221457 0.351864 0.217696 0.347648
3 0.244018 0.325752 0.251164 0.383872 0.255300 0.416720 0.259061 0.458832 0.259436 0.473152 0.266957 0.485792 0.289893 0.493368 0.308318 0.476520 0.309071 0.451256 0.302304 0.422616 0.295536 0.373760 0.283879 0.325752 0.275982 0.306376 0.267332 0.312272 0.265075 0.318168 0.256050 0.324064
5 0.321104 0.458832 0.319975 0.473152 0.321857 0.485792 0.329000 0.485792 0.333514 0.486632 0.336521 0.479896 0.336896 0.466416 0.330882 0.456312 0.326368 0.445360
3 0.281996 0.552328 0.291021 0.564968 0.304936 0.569176 0.310200 0.568336 0.306064 0.592760 0.293654 0.614664 0.277111 0.633192 0.262443 0.647512 0.251164 0.644984 0.238379 0.626456 0.236121 0.589392 0.241386 0.560752 0.244771 0.538008 0.254546 0.540536 0.268836 0.544752 0.274479 0.547280
2 0.354429 0.292080 0.350511 0.330656 0.348943 0.370432 0.350771 0.401432 0.350511 0.450568 0.348943 0.476304 0.351818 0.483320 0.362525 0.485664 0.379236 0.479224 0.384718 0.470456 0.384982 0.452904 0.383154 0.432432 0.377407 0.398504 0.370618 0.347616 0.364350 0.305504
2 0.692243 0.264264 0.697882 0.325752 0.692618 0.355232 0.686979 0.384712 0.686600 0.432720 0.685471 0.459680 0.682464 0.478208 0.669679 0.490000 0.658400 0.479896 0.643736 0.477368 0.629068 0.466416 0.627943 0.450408 0.631325 0.413352 0.644486 0.376288 0.647493 0.336704 0.648621 0.303008 0.653886 0.266792 0.665921 0.247416 0.672689 0.247416 0.673439 0.271848 0.670057 0.296272 0.667800 0.319016 0.671561 0.335856 0.676071 0.332488 0.678329 0.320696 0.679082 0.301328 0.679082 0.280264 0.680961 0.269320 0.683218 0.266792 0.686600 0.259208
1 0.384286 0.488320 0.381268 0.523688 0.386907 0.566648 0.389918 0.604552 0.395182 0.663512 0.400068 0.703104 0.413982 0.719944 0.419621 0.673624 0.415864 0.592760 0.415486 0.559072 0.412854 0.524536 0.413607 0.492528 0.411350 0.482416 0.398189 0.482416
0 0.425264 0.475680 0.418496 0.486632 0.421879 0.528744 0.424886 0.583496 0.429400 0.628976 0.433911 0.666040 0.438425 0.671936 0.444064 0.637400 0.444818 0.557384 0.444818 0.517792 0.445193 0.472312 0.435414 0.468104
0 0.454968 0.474000 0.451211 0.496736 0.457225 0.555696 0.457225 0.612136 0.462114 0.652560 0.468129 0.673624 0.476404 0.621400 0.480164 0.522848 0.481293 0.490840 0.474146 0.476520 0.463993 0.474840
0 0.510246 0.478208 0.488436 0.483264 0.488436 0.516112 0.489564 0.565808 0.491068 0.614664 0.494454 0.655936 0.499339 0.682888 0.514007 0.648352 0.517014 0.597816 0.518893 0.527064 0.517764 0.486632
0 0.552736 0.470624 0.536943 0.468944 0.526789 0.472312 0.522279 0.481576 0.520021 0.509376 0.524536 0.539696 0.527918 0.577600 0.528293 0.612976 0.529800 0.652560 0.535814 0.685416 0.541454 0.686256 0.547471 0.673624 0.550104 0.615504 0.554618 0.553176 0.554618 0.523688 0.556121 0.489160
1 0.566271 0.466416 0.559129 0.479048 0.557625 0.522848 0.562136 0.550648 0.562136 0.578440 0.562136 0.612976 0.564018 0.652560 0.565896 0.680360 0.570411 0.706472 0.579436 0.709840 0.588457 0.669408 0.591843 0.626456 0.590339 0.580128 0.593721 0.527904 0.597107 0.490840 0.585825 0.463888 0.574546 0.458832
5 0.652007 0.494208 0.648621 0.496736 0.644111 0.507688 0.644111 0.519480 0.651632 0.531272 0.655768 0.540536 0.661782 0.541384 0.665543 0.532112 0.667046 0.516112 0.662911 0.508528 0.655393 0.500104
5 0.353382 0.434776 0.351818 0.442960 0.349989 0.454072 0.349729 0.472792 0.350771 0.477472 0.353907 0.478640 0.358868 0.475136 0.362525 0.475720 0.371400 0.478056 0.377146 0.477472 0.381325 0.466944 0.382893 0.456416 0.381846 0.439456 0.378714 0.434184 0.373489 0.445304 0.363568 0.441208
1 0.392464 0.268160 0.404861 0.326816 0.408471 0.375328 0.412532 0.406664 0.417493 0.422832 0.419300 0.442040 0.411179 0.462256 0.394032 0.463264 0.385007 0.460232 0.379593 0.401608 0.380043 0.338944 0.379139 0.287392 0.379139 0.251008 0.384104 0.241912 0.389068 0.249992
0 0.431482 0.271224 0.439604 0.334896 0.442764 0.375328 0.440507 0.405648 0.440057 0.426880 0.440057 0.454168 0.423811 0.453160 0.414786 0.423848 0.412982 0.351072 0.412532 0.280320 0.419300 0.248984
0 0.473446 0.215632 0.485179 0.294472 0.490593 0.375328 0.485632 0.410704 0.482921 0.442040 0.474350 0.458208 0.461714 0.455176 0.452689 0.448104 0.446825 0.382408 0.458104 0.307608 0.458557 0.215632
0 0.514961 0.232816 0.528496 0.325800 0.529400 0.380384 0.535264 0.433952 0.533911 0.450128 0.512254 0.453160 0.506839 0.447096 0.506839 0.425864 0.499168 0.400600 0.492400 0.373304 0.493754 0.303568 0.495107 0.246960 0.507739 0.216640
2 0.651254 0.491688 0.640725 0.498424 0.634711 0.510216 0.632829 0.556544 0.632829 0.601184 0.632829 0.650040 0.635086 0.677832 0.641104 0.689624 0.645989 0.684568 0.652007 0.650040 0.656896 0.601184 0.664039 0.564120 0.665543 0.546432 0.672689 0.523688 0.670057 0.510216 0.661782 0.495896
2 0.620046 0.471472 0.609893 0.479048 0.602746 0.488312 0.600868 0.506000 0.603125 0.540536 0.603875 0.568336 0.602746 0.606240 0.601996 0.644984 0.601996 0.686256 0.602371 0.705632 0.605379 0.709000 0.613275 0.707312 0.616286 0.698888 0.621925 0.646664 0.627189 0.591920 0.631325 0.552328 0.636589 0.508528 0.633582 0.485792
