3 0.279073 0.285833 0.273169 0.311058 0.271818 0.349900 0.266403 0.398158 0.260987 0.433467 0.257827 0.469950 0.264147 0.485250 0.278134 0.500550 0.288965 0.508792 0.301597 0.513500 0.304757 0.485250 0.307917 0.438175 0.310623 0.364025 0.308818 0.311058 0.303853 0.278108 0.302502 0.278108 0.298891 0.291050 0.296182 0.311058 0.296182 0.329892 0.293476 0.352250 0.291671 0.352250 0.289866 0.352250 0.288965 0.345192 0.288965 0.333425 0.288965 0.319300 0.288965 0.305175 0.288511 0.286342 0.288061 0.268692 0.288061 0.268692 0.286256 0.268692 0.281406 0.274000
0 0.413109 0.287975 0.410914 0.337833 0.410601 0.387692 0.408719 0.424475 0.407780 0.459617 0.407780 0.484133 0.410914 0.498033 0.425642 0.493942 0.436610 0.484958 0.439115 0.464525 0.441310 0.415483 0.439428 0.370525 0.435981 0.328842 0.431281 0.308408 0.427208 0.291250 0.424073 0.284708 0.419374 0.278167
1 0.386473 0.511108 0.396498 0.502117 0.405901 0.499667 0.415300 0.498850 0.416240 0.518467 0.415613 0.540533 0.411227 0.572408 0.406840 0.608375 0.404645 0.636158 0.400885 0.663133 0.393994 0.699100 0.383652 0.729333 0.378952 0.728517 0.376444 0.717075 0.376444 0.668033 0.383652 0.576500
0 0.450799 0.487117 0.435380 0.499867 0.428236 0.494958 0.423348 0.511633 0.421843 0.527325 0.418460 0.553808 0.415450 0.596958 0.413946 0.634233 0.413572 0.674442 0.415077 0.696025 0.431620 0.660717 0.437636 0.624425 0.441773 0.575383 0.451550 0.526342 0.453431 0.503783 0.456438 0.493975
3 0.703348 0.306492 0.693946 0.393675 0.693687 0.466550 0.693687 0.529892 0.698645 0.547600 0.714313 0.537383 0.721364 0.531258 0.731288 0.536708 0.740949 0.506058 0.741994 0.469958 0.732856 0.423642 0.734160 0.357575 0.732594 0.311258 0.730243 0.308533 0.720061 0.331008 0.715099 0.352808 0.711965 0.355533 0.711441 0.319433 0.710396 0.304450 0.708831 0.302400 0.707265 0.303767 0.704393 0.302400
3 0.751917 0.252683 0.745128 0.336458 0.739383 0.420917 0.741994 0.467233 0.743038 0.512183 0.749307 0.533300 0.764974 0.522400 0.773067 0.506750 0.780118 0.507417 0.784035 0.484258 0.784035 0.457700 0.776463 0.405250 0.771764 0.345992 0.768367 0.296958 0.764192 0.271075 0.760534 0.253367
4 0.786125 0.482900 0.793696 0.498567 0.811454 0.486300 0.820070 0.457017 0.815633 0.414108 0.811978 0.333733 0.810409 0.279925 0.809105 0.243825 0.806754 0.240425 0.793438 0.244508 0.785604 0.275158 0.781946 0.328967 0.784297 0.383458 0.782208 0.429775
1 0.616339 0.269508 0.599364 0.439783 0.595447 0.511300 0.605633 0.522200 0.624696 0.518108 0.635923 0.467025 0.636185 0.370308 0.634096 0.288575 0.634617 0.237492 0.628089 0.232725
2 0.649058 0.499650 0.642268 0.533708 0.643575 0.579342 0.651147 0.629742 0.665770 0.664483 0.679089 0.696492 0.698412 0.718292 0.699195 0.700583 0.695016 0.635192 0.685355 0.586158 0.683527 0.538475 0.680655 0.516683 0.675173 0.494208 0.662898 0.490800
2 0.626601 0.501700 0.616157 0.508508 0.613805 0.534392 0.616677 0.567083 0.618505 0.609308 0.621639 0.648817 0.630780 0.680825 0.635479 0.697175 0.644620 0.654267 0.645923 0.587517 0.642006 0.526900 0.638089 0.514642
2 0.681936 0.294233 0.669661 0.373917 0.669399 0.486983 0.676450 0.512183 0.691597 0.513550 0.695773 0.465867 0.693425 0.396400 0.687939 0.305125
2 0.663917 0.270392 0.672534 0.381408 0.670706 0.448842 0.666268 0.499925 0.657390 0.514225 0.644853 0.510825 0.630492 0.499925 0.628927 0.447483 0.647204 0.327608
2 0.617176 0.424325 0.611952 0.439308 0.608818 0.465867 0.604118 0.497883 0.605684 0.508783 0.619265 0.514908 0.629447 0.491075 0.634409 0.472683 0.628927 0.459742 0.623965 0.437942
2 0.352942 0.301058 0.347617 0.361533 0.345109 0.397500 0.341035 0.443267 0.338214 0.472692 0.337901 0.501300 0.339783 0.520917 0.343230 0.521733 0.346364 0.518467 0.352003 0.511108 0.357329 0.505392 0.367984 0.498033 0.371744 0.487408 0.372058 0.471875 0.369866 0.417117 0.367984 0.369708 0.365163 0.332117 0.362345 0.306775 0.361089 0.298600 0.358898 0.292067
2 0.325054 0.290425 0.332888 0.324758 0.336649 0.359900 0.337588 0.387692 0.336649 0.433458 0.336335 0.475150 0.335709 0.494758 0.335709 0.508658 0.333201 0.515192 0.326620 0.525825 0.318473 0.527458 0.312521 0.525000 0.307195 0.498850 0.307195 0.466158 0.311581 0.425292 0.316594 0.372983 0.320355 0.320667 0.321294 0.307592 0.322546 0.298600
0 0.590486 0.264742 0.595188 0.443192 0.596754 0.488142 0.594927 0.512667 0.588137 0.516750 0.570118 0.511983 0.562808 0.488825 0.564898 0.394150 0.571687 0.305608 0.577693 0.264058
0 0.470367 0.240900 0.480812 0.302883 0.488907 0.346475 0.500137 0.409817 0.501965 0.456133 0.503530 0.483375 0.497786 0.500400 0.491259 0.499725 0.468019 0.496317 0.448955 0.491550 0.443994 0.460217 0.447128 0.390742 0.452872 0.317183 0.453917 0.273592 0.463578 0.231367
0 0.566725 0.290617 0.561764 0.438425 0.556802 0.507217 0.541917 0.516750 0.518415 0.501767 0.503272 0.500400 0.503530 0.454767 0.510581 0.420717 0.519981 0.321267 0.533291 0.280417 0.555757 0.241583
1 0.575342 0.499042 0.573776 0.559658 0.582914 0.672725 0.591272 0.720400 0.603022 0.752417 0.614511 0.729933 0.614511 0.648200 0.608767 0.575325 0.611639 0.528325 0.611377 0.509258 0.606415 0.503808 0.592837 0.500400 0.578214 0.495633
0 0.540351 0.517433 0.557847 0.506533 0.566725 0.510617 0.570901 0.527650 0.572208 0.569192 0.572470 0.611425 0.571425 0.678175 0.567246 0.705417 0.560981 0.720400 0.554450 0.708142 0.547923 0.651608 0.546879 0.611425 0.540351 0.550125
0 0.497003 0.499725 0.491780 0.580775 0.491521 0.612783 0.491259 0.655017 0.491780 0.693842 0.493607 0.725850 0.501965 0.743558 0.506144 0.746967 0.522070 0.714950 0.528339 0.644800 0.532518 0.551483 0.532518 0.518108 0.532256 0.507892 0.524942 0.510617 0.517895 0.514025 0.502227 0.501083
0 0.462796 0.493592 0.478463 0.489508 0.490214 0.491550 0.491780 0.507892 0.491780 0.530375 0.489431 0.554892 0.486297 0.581458 0.483425 0.609383 0.477681 0.650925 0.474546 0.682942 0.458355 0.727217 0.450262 0.710867 0.448435 0.647525 0.453917 0.587583 0.458096 0.520833 0.458617 0.499042
5 0.544946 0.375558 0.548342 0.382367 0.542335 0.440942 0.533719 0.489300 0.529540 0.503600 0.521182 0.504967 0.517006 0.496108 0.517006 0.472950 0.527450 0.442983 0.538157 0.371467
5 0.405789 0.514675 0.385032 0.699458 0.380971 0.706517 0.389543 0.617067 0.396313 0.515850
4 0.193304 0.278100 0.189693 0.375792 0.188789 0.415808 0.204585 0.420517 0.221278 0.429933 0.222182 0.387558 0.222182 0.332242 0.220377 0.286342 0.214962 0.266333 0.211351 0.274575 0.209546 0.285167 0.207291 0.287517 0.203681 0.281633 0.200974 0.274575 0.199620 0.272217
4 0.190594 0.424050 0.210901 0.432283 0.222633 0.441700 0.231658 0.451117 0.228949 0.471125 0.217671 0.499375 0.202329 0.522908 0.183377 0.555867 0.169387 0.564108 0.166230 0.553517 0.177058 0.511142 0.181572 0.497017 0.170741 0.504083 0.166230 0.511142 0.160364 0.492308 0.160815 0.466417 0.174351 0.447583 0.186083 0.422867
3 0.232109 0.252208 0.227144 0.349900 0.222633 0.385208 0.223083 0.420517 0.224888 0.439350 0.237524 0.448767 0.244291 0.458183 0.256476 0.461708 0.263696 0.427575 0.260987 0.364025 0.260537 0.291050 0.255572 0.246325 0.252866 0.228675 0.250610 0.245150 0.247450 0.254567 0.245645 0.263983 0.243390 0.268692 0.237524 0.252208
1 0.369236 0.268358 0.369236 0.299417 0.367984 0.334567 0.367984 0.359900 0.370179 0.422833 0.372058 0.452258 0.372058 0.489042 0.376131 0.504567 0.378326 0.508658 0.382712 0.506208 0.391486 0.501300 0.400572 0.493125 0.404019 0.478417 0.404645 0.457167 0.402141 0.419567 0.398693 0.360717 0.393994 0.314950 0.389607 0.296150 0.386160 0.280625 0.378639 0.267542
