2 0.346090 0.548400 0.370899 0.540577 0.370374 0.584692 0.369072 0.634954 0.362543 0.675715 0.355752 0.699731 0.346612 0.719269 0.341392 0.727646 0.335906 0.690238 0.336428 0.614846 0.339040 0.581900 0.342173 0.554538
4 0.242371 0.125285 0.246025 0.179454 0.244198 0.227477 0.240543 0.268800 0.222004 0.292254 0.201896 0.282762 0.194061 0.273269 0.190406 0.219662 0.196673 0.177777 0.215996 0.143715
3 0.254122 0.184477 0.247072 0.226915 0.238191 0.290023 0.221741 0.325200 0.211558 0.370431 0.211558 0.402262 0.224090 0.416777 0.247853 0.438562 0.268745 0.422923 0.273446 0.386069 0.277622 0.315708 0.282324 0.243115 0.283367 0.201792 0.281802 0.194531 0.278669 0.195646 0.276058 0.199000 0.269007 0.224685 0.267960 0.240877 0.264043 0.249815 0.260126 0.250369 0.257514 0.244231 0.256734 0.233623 0.257255 0.210723 0.257777 0.188946 0.258299 0.182246 0.256209 0.182808
5 0.274489 0.366523 0.269266 0.413431 0.262216 0.415108 0.255687 0.420692 0.245241 0.419015 0.235058 0.414546 0.229576 0.411192 0.222784 0.402823 0.217565 0.387185 0.221478 0.370992 0.228270 0.358708 0.235583 0.363731 0.238716 0.374338 0.245241 0.377692 0.252032 0.381600 0.256993 0.381038 0.260388 0.367085 0.266396 0.362054 0.270313 0.365962
5 0.281540 0.339715 0.275532 0.349769 0.274227 0.376015 0.272662 0.409523 0.274489 0.422362 0.281540 0.431300 0.293550 0.430185 0.305565 0.430185 0.318619 0.435769 0.336899 0.431300 0.338727 0.421808 0.337942 0.401146 0.336115 0.362615 0.329849 0.362054 0.324888 0.371546 0.314180 0.379369 0.302953 0.378808 0.295903 0.363731 0.291723 0.348092 0.287806 0.340838
3 0.272921 0.386069 0.272399 0.415662 0.279450 0.439677 0.287806 0.447492 0.301647 0.436885 0.314180 0.447492 0.336378 0.433531 0.341076 0.406731 0.335594 0.347538 0.333112 0.245515 0.321439 0.190008 0.314676 0.191631 0.313554 0.202069 0.310550 0.223008 0.310550 0.243892 0.310158 0.253554 0.306791 0.259977 0.305640 0.260815 0.302640 0.253554 0.301151 0.245515 0.301151 0.233454 0.301881 0.215754 0.300000 0.201285 0.297000 0.194031 0.296241 0.194031 0.287597 0.213346 0.287234 0.223008 0.287234 0.242277 0.283471 0.259192 0.282716 0.284100 0.277831 0.339608
1 0.419601 0.194023 0.414338 0.271215 0.417719 0.366908 0.415090 0.431231 0.422986 0.468223 0.439529 0.458577 0.448554 0.415154 0.447428 0.315438 0.439906 0.262369 0.433514 0.210908 0.424863 0.189192
0 0.500597 0.219431 0.513230 0.405662 0.512781 0.462592 0.511424 0.481892 0.470817 0.466454 0.465853 0.431715 0.474424 0.325569 0.489766 0.209777
0 0.465673 0.216246 0.475147 0.408269 0.470183 0.458446 0.467475 0.466162 0.454392 0.462308 0.444464 0.455546 0.444464 0.447831 0.444464 0.413092 0.446719 0.343615 0.446719 0.285723 0.448525 0.259669 0.452586 0.229754 0.459806 0.213346
0 0.526586 0.216246 0.519820 0.297300 0.518464 0.344585 0.514856 0.402477 0.512147 0.457477 0.513050 0.474846 0.544637 0.477746 0.553209 0.463269 0.550953 0.379323 0.544187 0.310808 0.539223 0.223000
1 0.612320 0.201769 0.585698 0.270285 0.579381 0.320462 0.571709 0.386077 0.579381 0.443008 0.585698 0.469062 0.599687 0.473885 0.608259 0.438185 0.605554 0.390900 0.607356 0.345546
0 0.569004 0.345546 0.580284 0.423708 0.582993 0.468092 0.564942 0.469062 0.555014 0.465200 0.551856 0.438185 0.553209 0.389931 0.554565 0.351338
3 0.646403 0.492000 0.645604 0.517685 0.654745 0.550077 0.667018 0.580231 0.675374 0.620431 0.688705 0.682385 0.702791 0.716485 0.721335 0.715923 0.711932 0.686885 0.699658 0.644446 0.700183 0.616523 0.704097 0.617638 0.709583 0.624900 0.720550 0.650031 0.732040 0.677392 0.751626 0.683531 0.751885 0.662315 0.738827 0.625462 0.724205 0.576877 0.717676 0.546723 0.718201 0.510423 0.716633 0.480269 0.711932 0.470223 0.704881 0.469662 0.685820 0.481946 0.666234 0.485854
1 0.574579 0.546723 0.562568 0.560123 0.552122 0.572408 0.551076 0.589162 0.554993 0.626015 0.564655 0.675715 0.589464 0.725415 0.608788 0.746638 0.620799 0.732677 0.617924 0.695823 0.601737 0.642769 0.593381 0.590838 0.585284 0.556777
0 0.534104 0.498700 0.524442 0.501492 0.521568 0.518246 0.519219 0.544492 0.526532 0.640538 0.528360 0.692469 0.530971 0.728208 0.534363 0.735469 0.540371 0.744400 0.546637 0.734354 0.556299 0.694700 0.559432 0.635508 0.558910 0.539462 0.558910 0.518246 0.552906 0.507631 0.547421 0.500377
0 0.488665 0.511546 0.485532 0.524385 0.487885 0.556777 0.496763 0.604800 0.499633 0.668454 0.502507 0.706431 0.506946 0.735469 0.515565 0.740492 0.521568 0.723738 0.525227 0.678508 0.524180 0.604800 0.521831 0.549515 0.520788 0.514338 0.517914 0.503169 0.510863 0.500377 0.503029 0.503169 0.496241 0.505962
0 0.467514 0.529969 0.481094 0.531646 0.488406 0.535554 0.493108 0.552308 0.493108 0.572969 0.491540 0.593069 0.489712 0.626577 0.488406 0.655054 0.487885 0.689677 0.482662 0.715923 0.473000 0.735469 0.466734 0.720946 0.464644 0.697492 0.463860 0.661200 0.465165 0.598100 0.464644 0.572408 0.464122 0.553985 0.465165 0.539462
0 0.451849 0.500377 0.466223 0.503154 0.469604 0.534438 0.463338 0.591954 0.461511 0.643885 0.465165 0.684654 0.463338 0.724854 0.455241 0.748869 0.450022 0.743285 0.441140 0.720392 0.438270 0.634392 0.435658 0.585815 0.433058 0.545077 0.431727 0.532769 0.434604 0.516538 0.439576 0.506515 0.445058 0.501492
3 0.735435 0.459054 0.716371 0.464077 0.712453 0.482508 0.722640 0.527177 0.736216 0.569062 0.754234 0.631046 0.768597 0.666223 0.780086 0.681862 0.790270 0.665108 0.778259 0.628254 0.770424 0.591392 0.772777 0.584692 0.779565 0.599215 0.790532 0.638300 0.802543 0.660085 0.812205 0.635508 0.802284 0.585254 0.787137 0.532762 0.784266 0.469662 0.770687 0.441738 0.759719 0.434485 0.747183 0.449562
3 0.726482 0.193085 0.723777 0.318531 0.724227 0.392831 0.728288 0.414054 0.749946 0.419846 0.786047 0.407300 0.792813 0.372562 0.780180 0.321423 0.765741 0.248085 0.758068 0.181508 0.750849 0.176685 0.747691 0.227823 0.746338 0.260631 0.740921 0.248085 0.741374 0.225892 0.737313 0.206592 0.735507 0.186331 0.733701 0.185369 0.730543 0.185369
4 0.765741 0.188262 0.770701 0.266423 0.777924 0.315631 0.788752 0.354231 0.796874 0.367738 0.807705 0.374492 0.825302 0.328177 0.832522 0.302123 0.817180 0.246162 0.803644 0.221069
5 0.725835 0.341015 0.741629 0.335385 0.744263 0.363531 0.754040 0.362723 0.774342 0.363531 0.777727 0.379608 0.775471 0.395692 0.766824 0.402123 0.755165 0.399715 0.732604 0.407754 0.726964 0.397300 0.723579 0.363531
3 0.303004 0.478038 0.294910 0.479154 0.286032 0.482508 0.279763 0.490323 0.275845 0.514892 0.275845 0.541700 0.274802 0.564592 0.270363 0.596977 0.263576 0.626577 0.256784 0.652262 0.254957 0.666223 0.254435 0.677392 0.254435 0.686323 0.257831 0.690238 0.264619 0.684092 0.275324 0.661754 0.285248 0.639977 0.292299 0.623223 0.295694 0.616523 0.300392 0.613177 0.303525 0.613731 0.305094 0.620431 0.300392 0.653377 0.297259 0.667900 0.294388 0.687446 0.295953 0.703638 0.303525 0.704192 0.316324 0.690238 0.323374 0.665108 0.330946 0.628808 0.332773 0.594746 0.335385 0.570738 0.340345 0.555654 0.346353 0.536669 0.349486 0.513215 0.349223 0.495346 0.344263 0.488646 0.335906 0.489762 0.324939 0.489208 0.315277 0.486415
5 0.282637 0.489762 0.279763 0.492554 0.279504 0.499262 0.278198 0.513215 0.277935 0.531085 0.277414 0.546162 0.276371 0.558446 0.276371 0.563477 0.286554 0.562915 0.298565 0.565154 0.307705 0.557892 0.316583 0.559008 0.323112 0.546723 0.331205 0.559008 0.335385 0.562915 0.344525 0.540023 0.348180 0.512662 0.346612 0.500931 0.342698 0.491438 0.331989 0.493115 0.319978 0.495346 0.312928 0.489208 0.305878 0.483623 0.303004 0.480831 0.297522 0.484177 0.285770 0.489208
3 0.223097 0.449000 0.216572 0.467431 0.213176 0.488092 0.210302 0.530531 0.208475 0.561238 0.202993 0.590277 0.195421 0.627138 0.192025 0.673485 0.194637 0.683531 0.206388 0.669015 0.212655 0.642769 0.220227 0.612054 0.227799 0.594746 0.230932 0.591954 0.234327 0.596423 0.233284 0.612054 0.226755 0.639423 0.221270 0.661200 0.216831 0.682977 0.215788 0.696938 0.221795 0.705869 0.233022 0.686323 0.245032 0.654500 0.251302 0.624346 0.257306 0.581900 0.263576 0.555654 0.275065 0.523269 0.280288 0.483062 0.274018 0.466308 0.261745 0.464077 0.244773 0.457377 0.235896 0.451792
4 0.197507 0.444531 0.208737 0.458492 0.213439 0.467985 0.213439 0.501492 0.208737 0.533323 0.204036 0.560685 0.200119 0.590838 0.193590 0.630485 0.187065 0.649469 0.180273 0.657846 0.169827 0.662877 0.169306 0.643885 0.175572 0.619315 0.181320 0.589723 0.179752 0.577438 0.176356 0.572969 0.171917 0.586369 0.169306 0.615408 0.163561 0.643885 0.159122 0.655054 0.153899 0.641654 0.150766 0.615969 0.147892 0.571292 0.147633 0.527177 0.149198 0.490323 0.154162 0.447323 0.167216 0.441185 0.186540 0.446769
1 0.414766 0.540023 0.430173 0.548400 0.434353 0.550631 0.437227 0.575762 0.431219 0.619877 0.428345 0.672369 0.420252 0.717600 0.411633 0.750546 0.401712 0.765062 0.394399 0.763385 0.389960 0.737138 0.390482 0.681862 0.398838 0.637746 0.403277 0.596423 0.403799 0.569615 0.410068 0.542815
2 0.647968 0.214315 0.643004 0.268354 0.645263 0.312738 0.644360 0.362915 0.646162 0.421777 0.649773 0.434323 0.665115 0.445900 0.681809 0.438185 0.686324 0.414054 0.685421 0.366777 0.679104 0.321423 0.664665 0.257738 0.656090 0.227823
2 0.629018 0.223962 0.642101 0.293438 0.642554 0.355192 0.643906 0.401515 0.647968 0.440108 0.634881 0.468092 0.619540 0.467131 0.607809 0.446862 0.606906 0.371600 0.614126 0.296338 0.619540 0.243262
2 0.394784 0.207692 0.381622 0.247892 0.375982 0.322677 0.375230 0.438469 0.381622 0.451338 0.394784 0.451338 0.403432 0.439277 0.412079 0.444908 0.425241 0.420777 0.424112 0.369315 0.413209 0.323485 0.401176 0.235831
2 0.369964 0.201254 0.351165 0.252723 0.341388 0.320269 0.336874 0.369315 0.334619 0.442492 0.345525 0.452946 0.358309 0.445708 0.367709 0.432838 0.380119 0.423192 0.376734 0.354846 0.376734 0.224577
2 0.645083 0.501492 0.626022 0.493115 0.617144 0.500931 0.608525 0.513215 0.604608 0.531646 0.610353 0.575200 0.627849 0.608708 0.644040 0.665108 0.658662 0.702523 0.670673 0.729885 0.680076 0.727646 0.676942 0.670692 0.663363 0.608708
2 0.614532 0.523269 0.595209 0.527738 0.589201 0.545046 0.589464 0.571292 0.601212 0.620992 0.609047 0.670131 0.624194 0.712569 0.641428 0.738815 0.648741 0.727646 0.638817 0.664546 0.635942 0.600892 0.623673 0.532208
2 0.381867 0.510423 0.375860 0.526062 0.371158 0.558446 0.370637 0.585254 0.367766 0.624346 0.366719 0.663431 0.364108 0.691908 0.366198 0.720946 0.369331 0.736585 0.392572 0.667338 0.403540 0.619877 0.409022 0.573523 0.415029 0.543369 0.412417 0.524946 0.406151 0.516569 0.400144 0.522708 0.396748 0.513215
