0 0.476029 0.512300 0.445568 0.526062 0.443689 0.550362 0.447450 0.590854 0.450457 0.652408 0.470761 0.737446 0.486932 0.745546 0.484300 0.663746 0.476779 0.585185
0 0.476779 0.528492 0.476404 0.561700 0.479036 0.630546 0.494454 0.723685 0.499339 0.743931 0.509493 0.737446 0.507614 0.632969 0.507614 0.552792 0.506486 0.526877 0.492946 0.525254
1 0.401036 0.199515 0.432996 0.309523 0.445218 0.437085 0.435504 0.490400 0.418896 0.495131 0.409182 0.462054 0.406050 0.408738 0.401036 0.267008 0.396961 0.208285
1 0.572129 0.231231 0.575886 0.350023 0.576829 0.400638 0.583721 0.433038 0.580275 0.471508 0.566486 0.486354 0.552386 0.469477 0.540793 0.435062 0.544864 0.393892 0.546746 0.332469 0.549250 0.285231 0.558025 0.246085 0.567425 0.206262
5 0.726643 0.332277 0.722204 0.345215 0.719329 0.350277 0.712018 0.358715 0.707057 0.364338 0.702879 0.367154 0.701050 0.373338 0.701571 0.378400 0.705229 0.380646 0.704707 0.396400 0.704707 0.409892 0.706275 0.421146 0.709146 0.430708 0.712800 0.433515 0.723768 0.441392 0.732907 0.441392 0.739436 0.426208 0.742046 0.416085 0.737346 0.404831 0.737871 0.373338 0.738393 0.345777 0.732125 0.331154
5 0.751450 0.493138 0.735521 0.517323 0.731864 0.533069 0.734736 0.542069 0.737346 0.548815 0.748839 0.545438 0.751971 0.548254 0.756932 0.542631 0.758761 0.535315 0.766071 0.519569 0.763721 0.490885 0.756150 0.492577
5 0.696611 0.540938 0.685382 0.534754 0.681204 0.542631 0.677811 0.551069 0.678854 0.571315 0.684339 0.587062 0.693218 0.585377 0.702096 0.573562 0.706536 0.560631 0.704968 0.549377
5 0.648304 0.508323 0.642296 0.510008 0.637857 0.516192 0.639946 0.524631 0.646214 0.529131 0.650654 0.519008
5 0.625586 0.510008 0.620886 0.523508 0.622711 0.530254 0.625061 0.532508 0.630546 0.530815 0.629239 0.516754
5 0.613311 0.403146 0.619579 0.414392 0.620100 0.432392 0.619057 0.440831 0.612529 0.445892 0.600779 0.451515 0.588504 0.444769 0.588504 0.429015 0.592421 0.421146 0.598950 0.420585 0.599993 0.409331 0.608089 0.407085
5 0.428954 0.621931 0.425300 0.626992 0.424775 0.638808 0.429214 0.645554 0.435221 0.645554 0.436529 0.641054 0.434439 0.628115
5 0.383779 0.550500 0.381689 0.567938 0.378036 0.575846 0.370982 0.571877 0.368107 0.580846 0.359232 0.588185 0.350614 0.576938 0.351139 0.549938 0.354271 0.546008 0.360800 0.548254 0.369939 0.547692 0.376468 0.549377
5 0.342261 0.532508 0.340954 0.545438 0.337036 0.549377 0.333121 0.557254 0.327114 0.555000 0.324764 0.569623 0.320325 0.570192 0.316929 0.561192 0.319543 0.543192 0.319018 0.533069 0.323982 0.527446 0.329204 0.527446 0.338082 0.526885
5 0.275411 0.522385 0.281157 0.525754 0.290032 0.536446 0.279068 0.543754 0.275932 0.543754 0.270189 0.556692 0.265489 0.559500 0.260264 0.547692 0.261571 0.538131 0.252432 0.530254 0.250343 0.516192 0.260786 0.516754 0.272539 0.519008
5 0.267054 0.419454 0.269664 0.434077 0.268361 0.450392 0.265225 0.456577 0.262354 0.450954 0.262354 0.434077
5 0.274629 0.431269 0.273321 0.446454 0.278804 0.450392 0.291600 0.452638 0.299175 0.452638 0.303614 0.447577 0.306486 0.436892 0.304396 0.399769 0.301000 0.396400 0.297346 0.404831 0.289771 0.403708 0.286639 0.425646
5 0.342261 0.413831 0.338343 0.430708 0.336775 0.458262 0.339911 0.466700 0.355318 0.472885 0.362889 0.476823 0.365239 0.440269 0.353750 0.435208 0.349571 0.414954
5 0.372029 0.443638 0.371507 0.462762 0.376468 0.472323 0.382996 0.470638 0.393439 0.466138 0.395268 0.449269 0.391354 0.441954 0.378818 0.439708
2 0.600014 0.240008 0.609729 0.335169 0.622264 0.420885 0.621636 0.460708 0.608789 0.478254 0.590300 0.455985 0.581214 0.453954 0.571814 0.413462 0.579961 0.359469 0.581529 0.260254 0.592496 0.231231
0 0.448979 0.224485 0.468718 0.273754 0.478121 0.340569 0.484700 0.418185 0.490654 0.478931 0.483446 0.497154 0.448964 0.494462 0.445532 0.456654 0.448350 0.372292 0.443339 0.252154
0 0.523557 0.208962 0.531079 0.356092 0.533586 0.408062 0.537657 0.460708 0.535779 0.485677 0.516036 0.499177 0.505382 0.493100 0.495354 0.489731 0.491907 0.450585 0.492221 0.407385 0.498489 0.338546 0.501936 0.262954 0.513214 0.210315
3 0.717921 0.494708 0.710607 0.509331 0.713482 0.540269 0.722361 0.571762 0.737504 0.627446 0.748471 0.665692 0.763618 0.701123 0.774064 0.719685 0.776414 0.720246 0.778504 0.715746 0.780329 0.710123 0.776675 0.694377 0.759179 0.651631 0.753693 0.610569 0.758396 0.590323 0.764139 0.593700 0.775107 0.648815 0.787118 0.684246 0.793907 0.701123 0.799914 0.683685 0.799132 0.667377 0.789468 0.616762 0.773539 0.549831 0.770146 0.516646 0.770668 0.492462 0.761007 0.469962 0.748732 0.471085 0.741421 0.477277 0.733325 0.480646
3 0.660732 0.500900 0.671700 0.510462 0.686061 0.500338 0.698596 0.496400 0.707996 0.501462 0.712957 0.514392 0.711654 0.531269 0.710607 0.571200 0.717136 0.608323 0.725232 0.652754 0.732804 0.692123 0.733850 0.716869 0.728104 0.719123 0.721314 0.711246 0.709043 0.660062 0.698075 0.626323 0.694679 0.619008 0.692329 0.622385 0.690500 0.633069 0.689718 0.649377 0.693375 0.678062 0.698596 0.707869 0.704864 0.722492 0.708518 0.733185 0.707996 0.735992 0.703557 0.738246 0.697814 0.734869 0.693114 0.732615 0.682929 0.714062 0.673268 0.680877 0.668829 0.633631 0.665693 0.588077 0.657861 0.563892 0.653421 0.540269 0.651593 0.520585 0.652375 0.500900 0.655511 0.498646
1 0.565896 0.540646 0.561007 0.545500 0.558000 0.551169 0.554993 0.558462 0.554618 0.568177 0.558754 0.587615 0.584321 0.717200 0.600114 0.768223 0.619293 0.791715 0.616661 0.735023 0.600493 0.644308 0.584700 0.542262 0.574546 0.538215
1 0.451586 0.549554 0.432782 0.551985 0.427896 0.565754 0.424886 0.584377 0.410600 0.658077 0.404207 0.763369 0.404582 0.803862 0.414736 0.808723 0.427143 0.751215 0.443314 0.666985 0.448954 0.632162 0.460986 0.576277 0.458354 0.558462
3 0.316214 0.511485 0.304182 0.525254 0.297789 0.534162 0.295536 0.547931 0.297039 0.584377 0.295911 0.631354 0.286511 0.658892 0.281621 0.692092 0.276357 0.717200 0.272221 0.734208 0.278614 0.754454 0.288389 0.742308 0.298918 0.706677 0.307568 0.672654 0.313207 0.650792 0.318096 0.641069 0.321479 0.651600 0.321857 0.671038 0.318846 0.690477 0.309825 0.726923 0.302679 0.764177 0.303807 0.780377 0.307943 0.783615 0.313961 0.777946 0.326743 0.735023 0.335768 0.691285 0.345921 0.616777 0.347804 0.576277 0.356075 0.543077 0.355321 0.520385 0.348179 0.513923 0.332011 0.526877 0.323361 0.516346
3 0.262821 0.506631 0.253418 0.504200 0.243643 0.512300 0.240636 0.543077 0.239132 0.579515 0.231611 0.623254 0.217696 0.673469 0.213561 0.707485 0.215439 0.733400 0.222211 0.731777 0.232739 0.696146 0.238379 0.658892 0.247029 0.637831 0.254171 0.628923 0.255286 0.641846 0.254179 0.662154 0.248154 0.684808 0.238379 0.713962 0.238004 0.728538 0.242514 0.742308 0.250036 0.727692 0.262821 0.698577 0.275982 0.637831 0.286132 0.584377 0.297789 0.546315 0.296664 0.521208 0.285382 0.513915 0.272596 0.508246
3 0.281621 0.241792 0.283500 0.248269 0.290646 0.279854 0.295157 0.331692 0.300800 0.378662 0.307193 0.405392 0.309825 0.437785 0.307568 0.451554 0.297789 0.458031 0.288389 0.462085 0.277111 0.463700 0.267332 0.464515 0.259811 0.462892 0.254171 0.464515 0.250036 0.434546 0.251914 0.386762 0.253418 0.351938 0.254925 0.319538 0.253418 0.300915 0.251914 0.292000 0.250411 0.272569 0.253418 0.253131 0.260939 0.254746 0.264325 0.266900 0.267707 0.277423 0.270339 0.291192 0.273350 0.299292 0.275604 0.298485 0.278236 0.288762 0.278614 0.278238 0.276357 0.262846 0.275604 0.246646
2 0.357793 0.232585 0.372832 0.307500 0.376593 0.385115 0.370639 0.477577 0.358104 0.493100 0.347450 0.491077 0.339618 0.476908 0.334289 0.451931 0.340557 0.396592 0.345571 0.352046 0.350586 0.310200 0.353404 0.278477 0.352150 0.251485 0.352150 0.238662 0.354032 0.229885
2 0.383486 0.225162 0.402600 0.321000 0.412629 0.426962 0.410121 0.474208 0.401975 0.478254 0.390382 0.487031 0.376279 0.495800 0.371893 0.473531 0.373461 0.395238 0.378786 0.308177 0.378786 0.254185 0.377846 0.231908 0.380354 0.221108
2 0.624000 0.504077 0.615532 0.517969 0.614029 0.534162 0.617789 0.548746 0.624932 0.579515 0.632454 0.624062 0.642982 0.715585 0.659150 0.743931 0.668175 0.734208 0.661407 0.677515 0.655768 0.555223 0.655014 0.523638 0.650879 0.509869 0.647118 0.505008 0.640350 0.496908 0.631571 0.495923
2 0.602371 0.514723 0.593346 0.529308 0.589211 0.551985 0.596354 0.601385 0.605004 0.669415 0.624932 0.739877 0.632829 0.723685 0.633582 0.686423 0.626436 0.589238 0.621171 0.530923 0.608011 0.519585
2 0.395557 0.545500 0.388414 0.557654 0.385404 0.580331 0.383150 0.632969 0.382771 0.677515 0.383150 0.716392 0.380139 0.768223 0.381643 0.792523 0.401950 0.760938 0.411350 0.683992 0.417743 0.630546 0.421129 0.606246 0.425639 0.586000 0.420375 0.563323 0.414736 0.541454 0.402704 0.535785
2 0.357204 0.543885 0.374125 0.536592 0.392171 0.549554 0.390668 0.576277 0.383150 0.602192 0.382771 0.645123 0.379389 0.691285 0.371114 0.731777 0.359836 0.775515 0.349682 0.798192 0.341786 0.786046 0.342914 0.742308 0.350811 0.650792 0.349307 0.579515 0.350436 0.547931
5 0.685643 0.361523 0.677550 0.363215 0.666843 0.360400 0.662404 0.381215 0.659271 0.390208 0.652743 0.394708 0.648564 0.394708 0.646996 0.401462 0.646214 0.431269 0.649086 0.445331 0.658746 0.451515 0.676243 0.448138 0.691650 0.444208 0.704968 0.436892 0.698439 0.375023 0.689039 0.369962 0.687471 0.374462
3 0.703925 0.258038 0.704446 0.309785 0.697657 0.349154 0.700789 0.387962 0.705229 0.422831 0.705500 0.440846 0.695046 0.444769 0.679379 0.449831 0.670500 0.453762 0.656661 0.457138 0.649607 0.447015 0.645432 0.439138 0.644907 0.421146 0.646996 0.386838 0.648304 0.360400 0.650132 0.323285 0.651175 0.284477 0.653786 0.259723 0.657443 0.236669 0.662925 0.230477 0.667625 0.227669 0.671282 0.232731 0.672571 0.236077 0.674939 0.235538 0.694261 0.232731 0.701311 0.240600
3 0.720896 0.214731 0.712018 0.243977 0.709146 0.268162 0.706011 0.303031 0.704968 0.342400 0.701311 0.362654 0.699486 0.375585 0.702357 0.390208 0.704446 0.418331 0.706796 0.435769 0.718546 0.441392 0.729514 0.447015 0.745182 0.435769 0.755629 0.416646 0.761632 0.407085 0.760850 0.378400 0.755364 0.364900 0.747011 0.337908 0.745704 0.290100 0.747011 0.252977 0.749621 0.223731 0.747011 0.214731 0.742046 0.215854 0.738132 0.227108 0.734214 0.241169 0.730818 0.246792 0.727686 0.242854 0.725596 0.228231 0.724554 0.215292 0.724293 0.212485
5 0.744396 0.390769 0.742571 0.405962 0.744661 0.418892 0.750664 0.417208 0.753014 0.413831 0.750664 0.392462 0.748054 0.381215
5 0.682250 0.315408 0.676243 0.308662 0.674154 0.327777 0.673893 0.367154 0.681468 0.360962
0 0.535814 0.510677 0.545968 0.503385 0.551986 0.506631 0.558754 0.515538 0.563264 0.525254 0.561386 0.555223 0.566271 0.607862 0.570411 0.690477 0.569282 0.740692 0.551986 0.722062 0.535439 0.569800 0.533557 0.517154
0 0.531679 0.525254 0.512125 0.523638 0.503475 0.524446 0.501596 0.544692 0.510246 0.619208 0.529046 0.753646 0.539200 0.776323 0.542961 0.739877 0.535064 0.589238
