2 0.625017 0.574785 0.602603 0.571911 0.596727 0.584837 0.602603 0.626007 0.615007 0.689681 0.632199 0.740904 0.647212 0.770104 0.654394 0.772978 0.657657 0.761007 0.650259 0.724148 0.636333 0.633667 0.633939 0.599200 0.630892 0.579089
2 0.327394 0.318563 0.318256 0.362607 0.318475 0.418615 0.318037 0.480378 0.316515 0.512926 0.319562 0.532081 0.331313 0.533993 0.346108 0.518674 0.351333 0.490430 0.346327 0.460267 0.346761 0.413348 0.336751 0.344415
2 0.355249 0.325267 0.346761 0.385585 0.346980 0.453563 0.342845 0.527770 0.345673 0.544526 0.361125 0.543570 0.372222 0.530644 0.376357 0.513407 0.376791 0.487556 0.373310 0.451652 0.370916 0.407607 0.369609 0.375533 0.369175 0.349681 0.367219 0.331489 0.363300 0.323830
2 0.632263 0.342022 0.634438 0.365956 0.639879 0.410956 0.645973 0.428193 0.650542 0.452607 0.651848 0.478941 0.653370 0.501437 0.652064 0.518674 0.646626 0.525378 0.634003 0.532556 0.629653 0.532556 0.625081 0.526333 0.623559 0.488993 0.625300 0.445430 0.623778 0.411437 0.625081 0.372178 0.628781 0.346326
2 0.670997 0.315689 0.675566 0.381274 0.680572 0.439681 0.685576 0.478459 0.687101 0.505267 0.686667 0.516281 0.681226 0.526333 0.673609 0.528244 0.663599 0.524415 0.655983 0.516281 0.652502 0.498089 0.650761 0.473674 0.654024 0.432504 0.658158 0.389896 0.658377 0.366911 0.660771 0.345370 0.664034 0.323830 0.666646 0.315207
2 0.653522 0.551326 0.636987 0.547970 0.629805 0.561378 0.628498 0.571911 0.635899 0.606378 0.643949 0.642763 0.656135 0.689681 0.667017 0.726541 0.678768 0.760533 0.686384 0.752874 0.686165 0.716489 0.670714 0.623615 0.665926 0.580526 0.661357 0.552763
2 0.370852 0.571911 0.358882 0.583400 0.354313 0.605896 0.353660 0.645637 0.353441 0.683933 0.349744 0.722711 0.346044 0.752874 0.342997 0.801704 0.347569 0.808881 0.358229 0.781593 0.368239 0.734200 0.374768 0.681059 0.383256 0.635578 0.387606 0.592970 0.386737 0.583400 0.381077 0.574778
2 0.359535 0.562815 0.346916 0.551326 0.332771 0.552281 0.326896 0.568081 0.327549 0.605422 0.325808 0.669570 0.320801 0.714570 0.318407 0.745689 0.318192 0.762926 0.326677 0.761489 0.339515 0.693030 0.348219 0.645156 0.361061 0.583874
4 0.227448 0.500578 0.210256 0.485733 0.200465 0.476163 0.188495 0.475207 0.179576 0.497222 0.176963 0.528822 0.170653 0.548926 0.164125 0.554193 0.151067 0.580044 0.145411 0.593933 0.144973 0.610689 0.149108 0.618822 0.154768 0.614037 0.162818 0.598719 0.172175 0.583874 0.176963 0.580526 0.184798 0.583874 0.182620 0.595844 0.176744 0.604459 0.168040 0.610689 0.160859 0.620259 0.156074 0.631274 0.155636 0.641807 0.162818 0.646111 0.171522 0.647548 0.194589 0.628881 0.207862 0.594407 0.218091 0.568556 0.232236 0.540793 0.235498 0.523074 0.230495 0.506800
4 0.803239 0.436904 0.789529 0.459407 0.775818 0.471852 0.765155 0.493874 0.766896 0.506319 0.770815 0.524993 0.777997 0.536000 0.786263 0.561378 0.798667 0.590104 0.803455 0.611163 0.812377 0.626007 0.830222 0.630311 0.836098 0.628400 0.835444 0.620741 0.833919 0.615474 0.831525 0.606859 0.825869 0.595844 0.820646 0.582919 0.816946 0.573348 0.817818 0.562815 0.821953 0.551326 0.825434 0.551326 0.831963 0.557067 0.837401 0.569037 0.840667 0.582919 0.847630 0.596800 0.851983 0.592970 0.854593 0.583400 0.852852 0.561852 0.848717 0.541267 0.844367 0.524037 0.835879 0.507756 0.827828 0.490044 0.821734 0.466111 0.818034 0.456052 0.811505 0.444563 0.807370 0.438822
1 0.596946 0.596326 0.579973 0.579089 0.569963 0.581007 0.569091 0.604941 0.565828 0.634148 0.568875 0.678667 0.573010 0.721756 0.581279 0.751437 0.590852 0.782074 0.605215 0.793081 0.615226 0.783030 0.620013 0.756704 0.612613 0.717926 0.600428 0.665259 0.601734 0.630311 0.601081 0.605422
0 0.553424 0.592970 0.554077 0.623133 0.549071 0.680104 0.557559 0.734200 0.557559 0.769148 0.551030 0.774415 0.539714 0.760533 0.532098 0.713615 0.525788 0.640844 0.524481 0.610207 0.525354 0.595844 0.535364 0.592015 0.544721 0.592970 0.548855 0.593933
0 0.514909 0.592015 0.506421 0.591059 0.493798 0.594407 0.491842 0.606378 0.491842 0.634622 0.492495 0.666222 0.490754 0.711696 0.493364 0.753348 0.505114 0.772496 0.518825 0.719363 0.520347 0.623615 0.518391 0.598237
0 0.482919 0.603985 0.469646 0.592970 0.461593 0.593452 0.457896 0.606378 0.456805 0.614993 0.457896 0.638933 0.457896 0.686807 0.457677 0.719363 0.457677 0.748563 0.464424 0.775370 0.470515 0.772496 0.477478 0.741385 0.478785 0.686326 0.480744 0.653770 0.485532 0.615956
0 0.449407 0.593933 0.431562 0.593452 0.426993 0.597763 0.425037 0.617867 0.427212 0.652333 0.428519 0.679622 0.425906 0.705000 0.419162 0.731326 0.415461 0.756222 0.414808 0.765800 0.420249 0.783993 0.432434 0.768193 0.447013 0.720793 0.450929 0.656644 0.454848 0.601111
3 0.688125 0.523556 0.673108 0.529778 0.662663 0.536000 0.662010 0.557548 0.674633 0.601593 0.683771 0.638452 0.691822 0.698770 0.704010 0.731326 0.709448 0.732289 0.712276 0.731326 0.716630 0.725104 0.717064 0.717926 0.710973 0.702607 0.705966 0.681059 0.705098 0.648985 0.709667 0.635104 0.716630 0.639407 0.725768 0.663830 0.739478 0.695904 0.752101 0.708348 0.756017 0.702607 0.756451 0.688719 0.752101 0.669570 0.732296 0.625052 0.725118 0.595370 0.720545 0.555630 0.716195 0.525474 0.699438 0.522119
3 0.753189 0.488607 0.742744 0.501533 0.732515 0.510148 0.721636 0.511111 0.718152 0.518289 0.717936 0.542230 0.722286 0.563770 0.729468 0.581481 0.737519 0.613081 0.746879 0.646111 0.758411 0.672926 0.768421 0.686326 0.776690 0.690637 0.782781 0.687281 0.783000 0.679622 0.780387 0.667659 0.774949 0.658081 0.767987 0.646593 0.763199 0.631748 0.762545 0.623615 0.764067 0.606378 0.765808 0.603985 0.770377 0.612600 0.774296 0.626963 0.782781 0.649467 0.789310 0.665259 0.795838 0.667659 0.799754 0.666222 0.801061 0.655207 0.801498 0.641326 0.800192 0.630311 0.796057 0.618348 0.790616 0.598719 0.786047 0.577178 0.779737 0.557067 0.775384 0.530741 0.768855 0.507756 0.763414 0.495311 0.758845 0.487652
3 0.280609 0.326222 0.280391 0.349200 0.277997 0.375052 0.275606 0.395163 0.269731 0.429630 0.267771 0.463141 0.266899 0.482289 0.269077 0.497607 0.272340 0.508622 0.278215 0.511489 0.286266 0.508622 0.292579 0.517237 0.304111 0.520585 0.312380 0.508622 0.316734 0.488511 0.318475 0.454526 0.313249 0.420052 0.313468 0.384630 0.314121 0.368830 0.313249 0.351119 0.309552 0.335793 0.306724 0.330533 0.301936 0.336756 0.298455 0.350156 0.296276 0.372659 0.293013 0.380319 0.289313 0.353030 0.288660 0.339622 0.288007 0.329096 0.286485 0.322867 0.284525 0.320000
1 0.393983 0.313770 0.385495 0.313770 0.379185 0.324785 0.377226 0.336756 0.375051 0.401859 0.376791 0.475111 0.370916 0.503356 0.369394 0.545481 0.380273 0.560326 0.390502 0.563193 0.398771 0.556496 0.404862 0.537822 0.404646 0.511015 0.403340 0.461222 0.404428 0.417659 0.399205 0.348719
0 0.427710 0.348719 0.420313 0.380800 0.415091 0.477978 0.414219 0.529207 0.414219 0.563193 0.417919 0.569422 0.436852 0.566548 0.443162 0.561763 0.445990 0.537822 0.441640 0.499044 0.439899 0.464096 0.436199 0.396119 0.434892 0.361170
0 0.460788 0.347289 0.452519 0.411437 0.449471 0.452126 0.447949 0.501437 0.447731 0.533511 0.450125 0.563674 0.457741 0.570378 0.467098 0.570859 0.479939 0.566548 0.486684 0.563193 0.489949 0.548356 0.488643 0.518193 0.487337 0.477504 0.481242 0.434896 0.477327 0.395637 0.474279 0.360689 0.471017 0.342496 0.466229 0.342022
0 0.531727 0.353511 0.521283 0.390370 0.513667 0.432504 0.512798 0.463622 0.510838 0.496652 0.509098 0.520111 0.508663 0.549793 0.508663 0.560800 0.514101 0.565593 0.529333 0.566548 0.535428 0.567022 0.537603 0.565593 0.543478 0.558889 0.546525 0.537341 0.548485 0.505748 0.547178 0.485163 0.546310 0.461222 0.546960 0.428674 0.546960 0.399948 0.544350 0.377444 0.540869 0.353030 0.537603 0.347289
0 0.569593 0.342022 0.563498 0.344889 0.558495 0.375533 0.556970 0.410481 0.556320 0.438726 0.557407 0.482289 0.554795 0.511489 0.553054 0.532556 0.552835 0.557933 0.557189 0.564156 0.575902 0.560800 0.585044 0.551230 0.585478 0.503830 0.582212 0.466015 0.581343 0.411437 0.578077 0.375052 0.575249 0.350156
1 0.604192 0.338193 0.610502 0.354467 0.612242 0.387022 0.614636 0.422444 0.617249 0.464578 0.621599 0.500481 0.625081 0.523459 0.626606 0.543570 0.623125 0.557933 0.610939 0.559844 0.604411 0.560326 0.597663 0.555059 0.592660 0.553622 0.587653 0.536867 0.587872 0.509096 0.589394 0.483726 0.590700 0.459311 0.589178 0.431067 0.591569 0.391807 0.594401 0.365956 0.597882 0.345370
1 0.419377 0.593452 0.403492 0.592970 0.393919 0.593452 0.389347 0.604941 0.388259 0.617867 0.386953 0.651859 0.388478 0.702126 0.384343 0.724622 0.381515 0.740904 0.378687 0.762444 0.378902 0.782074 0.381949 0.804578 0.388044 0.817504 0.391525 0.803141 0.398269 0.771541 0.405451 0.755267 0.413502 0.720793 0.418724 0.664304 0.423296 0.609252
3 0.693411 0.341059 0.686229 0.332926 0.680138 0.348719 0.677744 0.367874 0.679485 0.394200 0.684273 0.415267 0.685360 0.432978 0.685360 0.462185 0.685360 0.482770 0.687101 0.493304 0.690148 0.502874 0.692758 0.507185 0.698633 0.511015 0.710168 0.503830 0.716044 0.497607 0.730404 0.491867 0.738239 0.470800 0.738239 0.446385 0.731276 0.421489 0.724963 0.401385 0.723007 0.371704 0.724529 0.347289 0.721266 0.332926 0.716259 0.327178 0.712125 0.339148 0.708643 0.359252 0.707121 0.370741 0.700158 0.374570 0.696458 0.359733
3 0.750380 0.273511 0.758869 0.291222 0.766919 0.343407 0.776276 0.380748 0.782805 0.407556 0.783458 0.430541 0.778451 0.451600 0.769966 0.454474 0.755603 0.470274 0.744286 0.471711 0.739936 0.465963 0.736670 0.442030 0.735367 0.408519 0.735148 0.375481 0.733189 0.350593 0.734276 0.319948 0.737542 0.299844 0.740589 0.291222 0.744505 0.296489 0.746246 0.306548 0.746680 0.324741 0.750162 0.331919 0.751034 0.331437 0.751253 0.325215 0.749727 0.312289 0.748421 0.293141 0.748640 0.283563 0.748640 0.278778
4 0.764545 0.280222 0.763263 0.287926 0.766091 0.320000 0.776101 0.359252 0.780455 0.384148 0.782414 0.405689 0.784805 0.421489 0.789593 0.425800 0.805478 0.418615 0.811788 0.412874 0.812007 0.400904 0.821148 0.397074 0.826152 0.380319 0.825283 0.364519 0.821364 0.342978 0.811138 0.329096 0.801997 0.306593 0.798296 0.290793 0.793074 0.270689 0.790246 0.258237 0.786111 0.248667 0.783717 0.250104 0.780020 0.260637 0.780236 0.274037 0.781976 0.284089 0.779148 0.289837 0.772404 0.287444 0.772185 0.273081 0.772620 0.266859 0.771966 0.265904 0.769791 0.266378 0.766963 0.270207 0.765438 0.275474
3 0.244704 0.321911 0.247970 0.330052 0.248185 0.342496 0.246879 0.355904 0.247098 0.367874 0.247970 0.375533 0.251013 0.365956 0.251886 0.353511 0.251886 0.348244 0.251667 0.337711 0.252104 0.328133 0.260370 0.327659 0.262983 0.336274 0.263855 0.350637 0.264943 0.375052 0.265596 0.387978 0.265596 0.404733 0.265811 0.431541 0.265811 0.455481 0.265811 0.497607 0.252320 0.507185 0.238613 0.501437 0.229471 0.488993 0.223162 0.475585 0.222290 0.458356 0.223815 0.441600 0.228818 0.417178 0.232084 0.392289 0.236000 0.370267 0.236872 0.353985 0.238394 0.337711 0.241441 0.325741
4 0.225283 0.279207 0.228441 0.385430 0.227088 0.416207 0.224380 0.444000 0.222125 0.450948 0.216710 0.458889 0.212195 0.460874 0.204976 0.457896 0.193246 0.447970 0.188283 0.444000 0.182865 0.434074 0.180609 0.415215 0.180609 0.404289 0.183768 0.380467 0.191892 0.350689 0.196855 0.320904 0.204525 0.294104 0.208135 0.292119 0.211293 0.302044 0.213098 0.308993 0.213549 0.319911 0.213549 0.329837 0.215805 0.325867 0.217162 0.324874 0.218966 0.321896 0.218966 0.315941 0.218966 0.310978 0.217613 0.299067 0.217613 0.294104 0.219869 0.282185 0.222576 0.280200
5 0.716498 0.531852 0.712795 0.528148 0.709091 0.526667 0.696970 0.525926 0.686195 0.530370 0.674411 0.530370 0.672054 0.533333 0.672054 0.543704 0.673401 0.557037 0.675758 0.569630 0.678788 0.577778 0.684512 0.608148 0.687879 0.614074 0.691919 0.617778 0.692929 0.620000 0.692929 0.624444 0.693939 0.624444 0.693939 0.620000 0.694613 0.618519 0.700673 0.614074 0.711785 0.612593 0.713805 0.614815 0.715825 0.612593 0.713805 0.608148 0.716498 0.589630 0.716498 0.565926 0.719529 0.554074 0.718182 0.539259
5 0.328283 0.548148 0.325589 0.544444 0.315825 0.541481 0.299327 0.531852 0.290236 0.532593 0.282828 0.540000 0.278451 0.551852 0.276768 0.560741 0.275084 0.564444 0.274074 0.571852 0.274411 0.580000 0.277104 0.586667 0.281818 0.606667 0.281145 0.617037 0.274747 0.632593 0.274747 0.640741 0.276094 0.641481 0.278788 0.638519 0.280135 0.635556 0.280808 0.628889 0.286869 0.617778 0.297980 0.625185 0.303704 0.625185 0.308418 0.620000 0.312795 0.596296 0.319529 0.580000 0.322222 0.566667 0.327609 0.557778 0.328620 0.554074
5 0.172727 0.549630 0.175084 0.555556 0.184848 0.558519 0.191582 0.565185 0.196633 0.576296 0.200000 0.575556 0.202694 0.573333 0.206397 0.564444 0.212795 0.555556 0.223906 0.545926 0.232997 0.525926 0.232997 0.520000 0.229293 0.510370 0.225253 0.504444 0.216835 0.497037 0.205051 0.482222 0.199327 0.478519 0.190572 0.479259 0.185859 0.484444 0.179798 0.500741 0.178788 0.507407 0.178114 0.526667
3 0.326458 0.544141 0.331030 0.547970 0.332771 0.572867 0.323848 0.595844 0.320148 0.630311 0.312316 0.679148 0.305788 0.702126 0.294471 0.724622 0.283808 0.734200 0.281633 0.733719 0.281633 0.720793 0.285768 0.693511 0.291643 0.669089 0.293818 0.651859 0.288377 0.641326 0.279673 0.647548 0.275758 0.663348 0.270098 0.685370 0.260960 0.705956 0.248121 0.720319 0.245508 0.715533 0.247902 0.697341 0.256391 0.663830 0.267054 0.619304 0.272057 0.592970 0.271838 0.579570 0.274232 0.550844 0.287508 0.527385 0.303394 0.527385 0.314707 0.534570
