2 0.361724 0.278512 0.357586 0.278512 0.357241 0.280992 0.352759 0.292562 0.351379 0.302479 0.347931 0.316529 0.347586 0.322314 0.344483 0.335537 0.344138 0.341322 0.341034 0.356198 0.341724 0.360331 0.341034 0.369421 0.337241 0.385950 0.336897 0.396694 0.332759 0.440496 0.327931 0.463636 0.326207 0.478512 0.326552 0.487603 0.328276 0.498347 0.333793 0.509091 0.338276 0.514050 0.343448 0.514050 0.350000 0.508264 0.363448 0.502479 0.366207 0.490083 0.366897 0.470248 0.367586 0.468595 0.367586 0.451240 0.366897 0.447934 0.366897 0.431405 0.367586 0.428099 0.366897 0.392562 0.367586 0.386777 0.366897 0.385124 0.367931 0.379339 0.367241 0.376860 0.367586 0.372727 0.366897 0.368595 0.367586 0.364463 0.366897 0.361157 0.367931 0.357025 0.366897 0.353719 0.367931 0.350413 0.367586 0.344628 0.368276 0.342975 0.367586 0.338017 0.368276 0.335537 0.368276 0.324793 0.367241 0.322314 0.368276 0.309091 0.366897 0.306612 0.367241 0.302479 0.365517 0.298347 0.365517 0.295041 0.363103 0.290083
3 0.271034 0.278512 0.268276 0.285950 0.267586 0.293388 0.267931 0.299174 0.266552 0.305785 0.266552 0.326446 0.266207 0.343802 0.266207 0.358678 0.268621 0.384298 0.268621 0.400000 0.269655 0.412397 0.269310 0.420661 0.266897 0.433884 0.266552 0.451240 0.267241 0.460331 0.271034 0.469421 0.281379 0.471901 0.288966 0.477686 0.294483 0.485124 0.298966 0.485124 0.306897 0.471901 0.306897 0.466942 0.311724 0.460331 0.314483 0.452066 0.316207 0.440496 0.315517 0.432231 0.312069 0.414050 0.309310 0.405785 0.305862 0.386777 0.302414 0.361983 0.300690 0.332231 0.295172 0.286777 0.291724 0.280165 0.287241 0.277686 0.277931 0.276860
3 0.227931 0.278512 0.227586 0.280165 0.221379 0.294215 0.220690 0.302479 0.221034 0.306612 0.219655 0.310744 0.220345 0.314876 0.219655 0.316529 0.218966 0.331405 0.218966 0.357851 0.217586 0.371901 0.216207 0.376860 0.215517 0.389256 0.213448 0.404132 0.212069 0.407438 0.211379 0.416529 0.211379 0.437190 0.212069 0.442975 0.213793 0.447934 0.216207 0.450413 0.228621 0.446281 0.237241 0.451240 0.246552 0.453719 0.253103 0.460331 0.256207 0.461157 0.258621 0.459504 0.264828 0.447934 0.266897 0.424793 0.268276 0.418182 0.267931 0.398347 0.265517 0.376860 0.257931 0.340496 0.254828 0.315702 0.248966 0.296694 0.244828 0.290083 0.244828 0.285950 0.242414 0.284298 0.241034 0.280992 0.233793 0.277686
4 0.166207 0.493388 0.160690 0.506612 0.156897 0.527273 0.156207 0.541322 0.153069 0.578512 0.154414 0.611983 0.160759 0.622975 0.175000 0.607934 0.178828 0.613636 0.179138 0.640909 0.183276 0.647355 0.193793 0.626446 0.200345 0.614050 0.210000 0.590909 0.215172 0.572727 0.216207 0.565289 0.215862 0.556198 0.211724 0.546281 0.204483 0.534711 0.201724 0.525620 0.197931 0.517355 0.189310 0.515702 0.185517 0.509917 0.182069 0.507438 0.177931 0.500000 0.174483 0.498347 0.170690 0.493388
0 0.538621 0.590909 0.535172 0.593388 0.533103 0.601653 0.532759 0.650413 0.533793 0.659504 0.533103 0.672727 0.533793 0.677686 0.533103 0.682645 0.533793 0.685124 0.533448 0.690083 0.534483 0.693388 0.533448 0.698347 0.534483 0.700826 0.534483 0.705785 0.535172 0.713223 0.537586 0.720661 0.540690 0.732231 0.543793 0.738017 0.545862 0.738017 0.547586 0.735537 0.548621 0.724793 0.552414 0.714876 0.553793 0.705785 0.553793 0.693388 0.555517 0.685950 0.560690 0.630579 0.561034 0.614050 0.560000 0.602479 0.556207 0.595041 0.547241 0.590909
0 0.529655 0.592562 0.525172 0.592562 0.523103 0.595041 0.519655 0.605785 0.514138 0.611570 0.508276 0.614050 0.505517 0.619008 0.505172 0.633884 0.506207 0.642149 0.505862 0.671074 0.505862 0.689256 0.506207 0.697521 0.507586 0.704132 0.509828 0.714545 0.512414 0.719835 0.512414 0.721488 0.516897 0.725620 0.518276 0.723967 0.519310 0.717355 0.521379 0.713223 0.523448 0.692562 0.527586 0.666942 0.528966 0.628926 0.530345 0.619835 0.531034 0.601653 0.530690 0.595041
0 0.285517 0.530579 0.284483 0.539669 0.284828 0.545455 0.290000 0.555372 0.295517 0.561983 0.301034 0.579339 0.304138 0.585124 0.307241 0.587603 0.318621 0.587603 0.322759 0.602479 0.326552 0.609091 0.331034 0.609091 0.335517 0.600826 0.340345 0.555372 0.338966 0.547107 0.334828 0.540496 0.324138 0.533058 0.314138 0.531405 0.303793 0.525620 0.292759 0.522314 0.287931 0.524793
0 0.554828 0.285950 0.550000 0.294215 0.549379 0.302231 0.546897 0.324793 0.545517 0.390083 0.545172 0.399917 0.543069 0.421653 0.541276 0.455455 0.539241 0.497686 0.544655 0.533719 0.561724 0.535537 0.569310 0.528926 0.574828 0.514050 0.576207 0.439669 0.574828 0.400826 0.568621 0.341322 0.561034 0.293388
0 0.521724 0.310744 0.516207 0.325620 0.505414 0.489752 0.504448 0.539339 0.508931 0.554876 0.525276 0.554298 0.535103 0.554380 0.543172 0.545289 0.542759 0.502479 0.536897 0.440496 0.533103 0.339669 0.529655 0.309917
0 0.485862 0.610744 0.480690 0.613223 0.477241 0.617355 0.476897 0.653719 0.477586 0.700826 0.478621 0.705785 0.478276 0.709091 0.479655 0.723967 0.481034 0.729752 0.484138 0.736364 0.487241 0.737190 0.487931 0.732231 0.490000 0.728926 0.492069 0.717355 0.492759 0.704959 0.493793 0.701653 0.494138 0.692562 0.499310 0.650413 0.500690 0.622314 0.498621 0.614876
0 0.456897 0.583471 0.449655 0.586777 0.446207 0.594215 0.445517 0.603306 0.446207 0.620661 0.445862 0.638843 0.447586 0.670248 0.448621 0.674380 0.451724 0.737190 0.453448 0.749587 0.454828 0.766116 0.454828 0.769421 0.458276 0.777686 0.462414 0.778512 0.469310 0.752893 0.468621 0.742149 0.469310 0.738017 0.469310 0.721488 0.470345 0.718182 0.470690 0.704132 0.470000 0.695041 0.471379 0.676033 0.470690 0.661983 0.472414 0.651240 0.472414 0.637190 0.474828 0.609091 0.474138 0.595868 0.471034 0.591736 0.469310 0.586777 0.464828 0.583471
2 0.663793 0.317355 0.667241 0.317355 0.670000 0.324793 0.674483 0.331405 0.677931 0.340496 0.681379 0.371901 0.683103 0.402479 0.684483 0.503306 0.681724 0.514876 0.674483 0.522314 0.664483 0.510744 0.655862 0.512314 0.648966 0.505702 0.647552 0.464132 0.654828 0.395041 0.657586 0.333058 0.660000 0.321488
3 0.692414 0.311570 0.690000 0.314050 0.688966 0.318182 0.687931 0.405785 0.686207 0.444628 0.685310 0.484050 0.684759 0.491074 0.685517 0.502810 0.689310 0.507438 0.696552 0.514050 0.705448 0.521818 0.713138 0.512231 0.718379 0.509421 0.722000 0.500331 0.724759 0.500165 0.727586 0.496942 0.732586 0.488264 0.735862 0.467769 0.737241 0.463636 0.738276 0.454545 0.736207 0.448760 0.732414 0.422314 0.724828 0.391736 0.724828 0.387603 0.723793 0.385124 0.719655 0.341322 0.716897 0.325620 0.713448 0.318182 0.705172 0.317355 0.701379 0.314050
0 0.431379 0.568595 0.427241 0.568595 0.423793 0.571074 0.419655 0.576860 0.416207 0.577686 0.413103 0.583471 0.411379 0.590083 0.410345 0.599174 0.407241 0.645455 0.406207 0.650413 0.405172 0.729752 0.406552 0.783471 0.408276 0.789256 0.413793 0.795868 0.416552 0.795868 0.419655 0.791736 0.423448 0.779339 0.424828 0.768595 0.424483 0.761983 0.425172 0.754545 0.426552 0.749587 0.427241 0.739669 0.428276 0.735537 0.430345 0.704959 0.431724 0.693388 0.434828 0.680992 0.436552 0.669421 0.438276 0.644628 0.441724 0.621488 0.442069 0.610744 0.441379 0.608264 0.440690 0.591736 0.438621 0.583471
0 0.392759 0.556198 0.384483 0.557025 0.380345 0.560331 0.377931 0.565289 0.376207 0.573554 0.377241 0.580992 0.376207 0.583471 0.376207 0.587603 0.373103 0.604959 0.371724 0.628926 0.372069 0.638017 0.371379 0.642149 0.371379 0.664463 0.372759 0.680992 0.372414 0.700000 0.373448 0.708264 0.372759 0.733058 0.374138 0.739669 0.373793 0.761157 0.377241 0.776860 0.380690 0.775207 0.385862 0.755372 0.389310 0.747934 0.393448 0.705785 0.393793 0.694215 0.395172 0.685124 0.395517 0.661157 0.399310 0.631405 0.404828 0.609091 0.407586 0.592562 0.407241 0.583471 0.405517 0.575207
0 0.354483 0.549587 0.348276 0.550413 0.345172 0.552893 0.343448 0.557025 0.341379 0.567769 0.340000 0.588430 0.337241 0.600000 0.335862 0.617355 0.336552 0.646281 0.336207 0.670248 0.338621 0.675207 0.336207 0.688430 0.336207 0.702479 0.334483 0.736364 0.335862 0.752066 0.338276 0.763636 0.340345 0.768595 0.344483 0.770248 0.346897 0.768595 0.346897 0.763636 0.348621 0.759504 0.350690 0.744628 0.358966 0.703306 0.361034 0.669421 0.366207 0.638843 0.368276 0.620661 0.371724 0.603306 0.372069 0.580992 0.374138 0.576033 0.373793 0.571901 0.374828 0.569421 0.373793 0.565289 0.372069 0.563636 0.364828 0.563636 0.361379 0.561157 0.358276 0.553719
0 0.286207 0.545455 0.280345 0.557025 0.278621 0.567769 0.278966 0.608264 0.276897 0.628099 0.275172 0.635537 0.273448 0.649587 0.271724 0.674380 0.268966 0.691736 0.266207 0.719835 0.266207 0.730579 0.267586 0.737190 0.271724 0.738017 0.276207 0.729752 0.281379 0.706612 0.283448 0.693388 0.288621 0.673554 0.291034 0.656198 0.293103 0.647934 0.295862 0.642975 0.299310 0.643802 0.302414 0.642149 0.304828 0.647107 0.305172 0.654545 0.304138 0.657025 0.304138 0.673554 0.305517 0.682645 0.302759 0.689256 0.301034 0.700000 0.295862 0.717355 0.294828 0.723140 0.295172 0.728926 0.294138 0.731405 0.295172 0.747934 0.296897 0.752066 0.299310 0.752893 0.303448 0.745455 0.307586 0.729752 0.311724 0.718182 0.312759 0.708264 0.316552 0.690909 0.316552 0.685124 0.318621 0.676033 0.320345 0.638843 0.325172 0.619835 0.326207 0.606612 0.322069 0.600000 0.321379 0.591736 0.319310 0.587603 0.305172 0.585950 0.296207 0.561157 0.290690 0.554545 0.288276 0.546281
0 0.237931 0.480992 0.234483 0.482645 0.226552 0.501653 0.223448 0.528099 0.220000 0.545455 0.217931 0.567769 0.215517 0.579339 0.209310 0.597521 0.203103 0.611570 0.201724 0.618182 0.200552 0.623636 0.198966 0.629752 0.198621 0.639669 0.198379 0.645124 0.199655 0.654545 0.203448 0.656198 0.212759 0.654545 0.215138 0.650909 0.216552 0.647934 0.217310 0.638099 0.218621 0.633884 0.223448 0.619008 0.228621 0.610744 0.232414 0.608264 0.235172 0.611570 0.237586 0.618182 0.237241 0.623967 0.236414 0.629008 0.234483 0.638843 0.232414 0.642975 0.230345 0.652066 0.226552 0.658678 0.226103 0.661653 0.224828 0.665289 0.223414 0.668512 0.221034 0.672727 0.218414 0.677521 0.217241 0.680992 0.217586 0.682645 0.218724 0.685124 0.221724 0.690083 0.226552 0.693388 0.233103 0.692562 0.237586 0.688430 0.248276 0.664463 0.252069 0.642975 0.254138 0.639669 0.259310 0.611570 0.268621 0.589256 0.275517 0.569421 0.278276 0.559504 0.279655 0.548760 0.279655 0.524793 0.275862 0.520661 0.271034 0.520661 0.268966 0.523140 0.266552 0.533058 0.266552 0.537190 0.262414 0.544628 0.255172 0.545455 0.241379 0.538017 0.235862 0.531405 0.234138 0.526446 0.233793 0.509917 0.234828 0.503306 0.237241 0.500000 0.246552 0.500000 0.248966 0.498347 0.247931 0.494215 0.246207 0.493388 0.240690 0.482645
0 0.457586 0.294215 0.455172 0.296694 0.449655 0.317355 0.446207 0.338017 0.444138 0.361157 0.441724 0.373554 0.437586 0.408264 0.436897 0.442149 0.434828 0.463636 0.435517 0.504132 0.434483 0.509917 0.434828 0.521488 0.436897 0.526446 0.442759 0.532231 0.452759 0.533058 0.456552 0.530579 0.459310 0.526446 0.461724 0.519008 0.463448 0.490083 0.465517 0.480165 0.465517 0.476860 0.464483 0.474380 0.465172 0.462810 0.464483 0.433058 0.465517 0.409917 0.465172 0.367769 0.466552 0.333058 0.465862 0.330579 0.465862 0.317355 0.464828 0.314050 0.464828 0.302479 0.462414 0.295041
0 0.494483 0.317355 0.484483 0.316529 0.480345 0.325620 0.477241 0.333058 0.472414 0.379339 0.468276 0.474380 0.462414 0.505785 0.463103 0.524793 0.467241 0.541322 0.478276 0.548760 0.485931 0.550992 0.493034 0.553554 0.498862 0.552149 0.502069 0.540165 0.503448 0.523636 0.503103 0.499174 0.498276 0.437190 0.500345 0.364463 0.498276 0.333884 0.495172 0.323967 0.494828 0.319835
2 0.389676 0.280653 0.397945 0.309339 0.408172 0.478322 0.402514 0.510653 0.393828 0.504876 0.386848 0.514826 0.373790 0.524215 0.365086 0.513264 0.367262 0.452760 0.372269 0.305165
1 0.595517 0.290909 0.590000 0.309917 0.590000 0.314050 0.587586 0.325620 0.585862 0.353719 0.586207 0.364463 0.582069 0.411570 0.582414 0.434711 0.580690 0.466942 0.578966 0.478512 0.579310 0.490083 0.578621 0.492562 0.578621 0.502479 0.580000 0.516529 0.584138 0.528926 0.591379 0.539669 0.599310 0.541322 0.603793 0.538017 0.608621 0.528099 0.611069 0.519008 0.614931 0.506942 0.613069 0.478512 0.611793 0.470661 0.610207 0.459008 0.609310 0.426446 0.607586 0.365289 0.602759 0.314876 0.603103 0.310744 0.601034 0.299174 0.601034 0.295041 0.598621 0.290909
2 0.626552 0.562810 0.620345 0.563636 0.610690 0.575207 0.608621 0.580165 0.605862 0.595868 0.606552 0.608264 0.607931 0.611570 0.610000 0.637190 0.610690 0.684298 0.613448 0.740496 0.615172 0.758678 0.616897 0.763636 0.616207 0.767769 0.618966 0.772727 0.626897 0.769421 0.629310 0.757851 0.637586 0.647934 0.641379 0.619835 0.643103 0.612397 0.643103 0.595041 0.641724 0.586777 0.631379 0.568595
2 0.649655 0.563636 0.646207 0.569421 0.644828 0.574380 0.644138 0.583471 0.644483 0.591736 0.651724 0.634711 0.655172 0.664463 0.658966 0.707438 0.661034 0.761983 0.663793 0.776033 0.665862 0.780165 0.668276 0.780165 0.671379 0.777686 0.674483 0.769421 0.674483 0.763636 0.677931 0.742975 0.677931 0.728099 0.679655 0.703306 0.681517 0.635041 0.682655 0.617355 0.683207 0.599669 0.681862 0.583802 0.677621 0.569339 0.672379 0.565041 0.666207 0.561818 0.660586 0.560992 0.658586 0.561983 0.655517 0.563636
3 0.707345 0.570992 0.709103 0.584298 0.711724 0.591736 0.715862 0.600826 0.738276 0.638843 0.748276 0.666942 0.758966 0.685950 0.767931 0.696694 0.774483 0.701653 0.780345 0.701653 0.781724 0.700000 0.782414 0.693388 0.777586 0.680992 0.768621 0.666116 0.762069 0.645455 0.758966 0.628099 0.760690 0.619835 0.771724 0.622314 0.776897 0.629752 0.780345 0.638017 0.781897 0.642727 0.783483 0.647438 0.786552 0.653719 0.794483 0.666942 0.799310 0.668595 0.801379 0.664463 0.800690 0.652893 0.791724 0.619008 0.774138 0.580992 0.768621 0.558595 0.761483 0.521736 0.758345 0.505868 0.753621 0.502727 0.750724 0.503719 0.748345 0.505702 0.740172 0.509917 0.734000 0.517025 0.731034 0.525455 0.728276 0.531736 0.723276 0.538512 0.715379 0.545868 0.709276 0.554298
1 0.574828 0.579339 0.570690 0.581818 0.564138 0.595041 0.563103 0.600826 0.562759 0.622314 0.563448 0.634711 0.566897 0.658678 0.566552 0.661983 0.570000 0.694215 0.574483 0.722314 0.574828 0.733058 0.575862 0.737190 0.574828 0.764463 0.576207 0.795041 0.579310 0.804132 0.583103 0.808264 0.584828 0.808264 0.587931 0.803306 0.589655 0.795868 0.594138 0.768595 0.597586 0.736364 0.597241 0.730579 0.598621 0.715702 0.598621 0.703306 0.597586 0.700000 0.597931 0.672727 0.596897 0.669421 0.595862 0.621488 0.594138 0.598347 0.588966 0.583471 0.584138 0.579339
5 0.234828 0.502479 0.233793 0.512397 0.234828 0.528099 0.236207 0.531405 0.243448 0.538843 0.252069 0.543802 0.259655 0.544628 0.264828 0.542149 0.269655 0.533058 0.268966 0.525620 0.266207 0.519835 0.262759 0.516529 0.256552 0.514050 0.251724 0.508264 0.248621 0.500826 0.236207 0.500000
5 0.266552 0.438017 0.266207 0.455372 0.267241 0.462810 0.269310 0.467769 0.273103 0.470248 0.280000 0.471074 0.285862 0.475207 0.293103 0.475207 0.297931 0.469421 0.302759 0.467769 0.310345 0.461157 0.312414 0.455372 0.311034 0.449587 0.306207 0.438017 0.303448 0.421488 0.297931 0.413223 0.291034 0.408264 0.281034 0.407438 0.273103 0.415702 0.270000 0.421488
5 0.646897 0.571901 0.646897 0.576860 0.649655 0.583471 0.662069 0.592562 0.665517 0.604959 0.673448 0.615702 0.680000 0.615702 0.682414 0.608264 0.682759 0.595041 0.682069 0.586777 0.678621 0.571901 0.673448 0.565289 0.663793 0.561157 0.657586 0.561157 0.651034 0.564463
5 0.734828 0.466942 0.733103 0.462810 0.730345 0.461157 0.722759 0.461157 0.716207 0.467769 0.707931 0.466942 0.696897 0.482645 0.695517 0.486777 0.695172 0.495041 0.696552 0.499174 0.717586 0.500826 0.722069 0.495868 0.725172 0.495041 0.731034 0.487603 0.734138 0.477686
5 0.752069 0.517355 0.749310 0.509091 0.747931 0.508264 0.743448 0.509091 0.735862 0.515702 0.729655 0.531405 0.725172 0.538843 0.719655 0.543802 0.714828 0.552893 0.712069 0.563636 0.712759 0.571901 0.720000 0.580165 0.727931 0.580992 0.735862 0.576033 0.741379 0.569421 0.753103 0.542149 0.753793 0.531405
4 0.804483 0.443802 0.801724 0.446281 0.795172 0.458678 0.783448 0.470248 0.778966 0.482645 0.765862 0.493388 0.762759 0.501653 0.762069 0.508264 0.762414 0.517355 0.765862 0.540496 0.778966 0.564463 0.782414 0.572727 0.789310 0.582645 0.796552 0.598347 0.797931 0.604959 0.805517 0.620661 0.813448 0.628099 0.817931 0.628099 0.820345 0.623967 0.820000 0.618182 0.814138 0.603306 0.809655 0.582645 0.810345 0.579339 0.812414 0.576860 0.813103 0.571901 0.816897 0.566942 0.819655 0.566942 0.824138 0.570248 0.828966 0.578512 0.832759 0.580992 0.836552 0.580992 0.840000 0.578512 0.840000 0.571074 0.837931 0.557851 0.827931 0.533884 0.828276 0.528926 0.824138 0.514876 0.818966 0.480165 0.815172 0.461983 0.810690 0.447934 0.807241 0.443802
2 0.625862 0.310744 0.621379 0.324793 0.618862 0.335372 0.615172 0.353719 0.611034 0.380165 0.607966 0.451983 0.610276 0.503388 0.613690 0.514628 0.626552 0.507438 0.635172 0.521488 0.643103 0.523140 0.646552 0.517355 0.652379 0.494050 0.647241 0.431405 0.638276 0.349587 0.635517 0.333884 0.630000 0.326446 0.635172 0.317355
3 0.744138 0.309917 0.743414 0.313306 0.743103 0.317355 0.742069 0.320661 0.741379 0.324793 0.740586 0.329752 0.739655 0.338017 0.737241 0.372727 0.735862 0.376033 0.733448 0.400000 0.734483 0.432231 0.736897 0.447107 0.739310 0.453719 0.743103 0.459504 0.752759 0.464463 0.763793 0.455372 0.774483 0.440496 0.787241 0.436364 0.788621 0.431405 0.787931 0.408264 0.782414 0.388430 0.780690 0.376860 0.775862 0.360331 0.771724 0.352066 0.771034 0.347107 0.768724 0.328512 0.763862 0.303223 0.761207 0.300248 0.758103 0.302066 0.755690 0.336281 0.753724 0.338760 0.752379 0.335950 0.751069 0.328678 0.749586 0.315372 0.748621 0.306612 0.747241 0.304959 0.745862 0.307438
1 0.411724 0.277686 0.407931 0.284298 0.405172 0.309091 0.401379 0.403306 0.402759 0.442975 0.400103 0.457934 0.398000 0.478264 0.397207 0.496281 0.398448 0.505455 0.399655 0.510744 0.403793 0.529752 0.415172 0.537190 0.423793 0.531405 0.432069 0.513223 0.434931 0.501157 0.433103 0.464380 0.429310 0.396694 0.422414 0.309917 0.417586 0.282645
