1 0.430729 0.463492 0.426461 0.469841 0.423178 0.478571 0.418253 0.498413 0.416612 0.524603 0.416612 0.562698 0.418582 0.639683 0.420223 0.647619 0.420223 0.668254 0.421865 0.684921 0.422521 0.711905 0.423506 0.721429 0.427118 0.736508 0.432699 0.739683 0.436310 0.734921 0.438936 0.712698 0.438936 0.692063 0.440250 0.683333 0.440578 0.673016 0.439921 0.668254 0.441563 0.646032 0.440906 0.638889 0.441234 0.628571 0.442548 0.623810 0.443533 0.611905 0.442876 0.605556 0.444189 0.592063 0.445831 0.542063 0.447144 0.523016 0.447144 0.496825 0.446159 0.486508 0.442876 0.476984 0.434997 0.464286
0 0.551543 0.249206 0.544977 0.262698 0.543992 0.278571 0.542679 0.299206 0.537098 0.325397 0.534143 0.401587 0.536770 0.432540 0.553513 0.443651 0.561064 0.434921 0.564018 0.423810 0.565332 0.375397 0.557781 0.254762
0 0.421536 0.246508 0.418910 0.259524 0.419567 0.284127 0.417925 0.301587 0.418582 0.421429 0.421865 0.442857 0.424819 0.450794 0.430401 0.457143 0.436310 0.457143 0.445502 0.448413 0.447800 0.436508 0.447800 0.421429 0.442219 0.361111 0.436638 0.322222 0.434668 0.279365 0.431714 0.269048 0.433027 0.265079 0.431385 0.250794 0.426789 0.243651
2 0.741527 0.414119 0.729741 0.417627 0.726294 0.427270 0.719041 0.425079 0.708523 0.429024 0.705440 0.436913 0.700545 0.446563 0.700545 0.453571 0.700545 0.460587 0.700906 0.467603 0.701087 0.479881 0.701632 0.494341 0.705076 0.509246 0.711605 0.528976 0.717410 0.553968 0.723756 0.577635 0.728831 0.601310 0.734455 0.617968 0.739714 0.632000 0.743158 0.637254 0.750230 0.647341 0.751500 0.648214 0.754219 0.647341 0.754219 0.637254 0.753132 0.627611 0.749504 0.608762 0.745515 0.588595 0.743884 0.570619 0.744245 0.556595 0.745154 0.554841 0.746967 0.559222 0.748779 0.570183 0.751320 0.591667 0.756579 0.610952 0.759117 0.625857 0.762745 0.637698 0.766553 0.636817 0.767820 0.629365 0.768001 0.612270 0.764192 0.582460 0.757666 0.533802 0.756215 0.502238 0.756034 0.458397 0.753858 0.438230 0.748598 0.418944
2 0.673526 0.451611 0.683802 0.452341 0.695440 0.457452 0.699672 0.460746 0.702692 0.498738 0.699521 0.533810 0.704810 0.590063 0.710703 0.619659 0.715991 0.644865 0.717351 0.659841 0.716142 0.667516 0.714025 0.669706 0.710703 0.670071 0.705414 0.665683 0.698913 0.652897 0.692718 0.625500 0.688940 0.602119 0.686976 0.587143 0.684409 0.579468 0.680932 0.581302 0.678966 0.585317 0.677456 0.598468 0.678211 0.625135 0.681385 0.648516 0.684409 0.674817 0.683953 0.686873 0.680479 0.691627 0.675946 0.688333 0.668539 0.661667 0.665217 0.627325 0.660683 0.589333 0.657055 0.555722 0.652823 0.536000 0.647232 0.523944 0.645722 0.515175 0.644514 0.494714 0.643756 0.472802 0.653880 0.460746
0 0.467498 0.469841 0.462902 0.469841 0.455680 0.476190 0.450755 0.484127 0.449114 0.490476 0.449114 0.514286 0.450098 0.537302 0.453053 0.559524 0.454366 0.588889 0.455680 0.599206 0.455680 0.612698 0.458306 0.673810 0.458306 0.700794 0.459291 0.713492 0.461917 0.719048 0.466513 0.716667 0.468483 0.703175 0.469468 0.663492 0.470781 0.651587 0.471110 0.630159 0.472095 0.620635 0.471766 0.597619 0.472423 0.569048 0.473736 0.557143 0.473736 0.543651 0.475706 0.524603 0.475049 0.486508 0.472751 0.481746 0.471110 0.473016
0 0.478989 0.486508 0.477347 0.493651 0.476691 0.508730 0.477676 0.541270 0.479645 0.554762 0.482600 0.587302 0.484242 0.592063 0.484570 0.620635 0.485883 0.630159 0.486540 0.650794 0.488510 0.659524 0.489166 0.667460 0.490151 0.680317 0.492777 0.690476 0.494747 0.700794 0.496454 0.699444 0.497275 0.695238 0.498260 0.687857 0.498654 0.683730 0.498982 0.677540 0.498359 0.673016 0.499015 0.669048 0.498687 0.649206 0.498030 0.646825 0.498687 0.632540 0.498359 0.617460 0.497702 0.615079 0.498359 0.602381 0.497702 0.597619 0.500000 0.562698 0.502134 0.512143 0.501182 0.487063 0.500033 0.480794 0.493992 0.477143 0.488903 0.477857 0.485620 0.477302 0.482567 0.478254
0 0.508864 0.481746 0.504596 0.484127 0.501313 0.489683 0.501970 0.494444 0.501313 0.496825 0.501641 0.510317 0.500657 0.523810 0.501313 0.543651 0.500985 0.559524 0.501970 0.573016 0.504924 0.590476 0.505581 0.603968 0.506894 0.618254 0.507551 0.638889 0.509192 0.660317 0.509192 0.663492 0.510177 0.665873 0.511819 0.672222 0.513789 0.676190 0.517072 0.677778 0.518056 0.654762 0.518385 0.645238 0.519041 0.623016 0.519370 0.615079 0.518385 0.601587 0.519698 0.588889 0.519698 0.575397 0.521011 0.559524 0.521011 0.547619 0.520355 0.544444 0.521011 0.542063 0.520683 0.537302 0.521668 0.526984 0.521011 0.500794 0.521110 0.491905 0.520026 0.484921 0.519041 0.480952 0.513460 0.482540
0 0.533158 0.473810 0.527577 0.476984 0.524622 0.481746 0.523638 0.500794 0.524951 0.526984 0.524622 0.535714 0.529875 0.580952 0.530860 0.598413 0.530860 0.621429 0.531845 0.627778 0.532173 0.650794 0.534143 0.679365 0.536441 0.694444 0.541366 0.700794 0.544649 0.688095 0.546290 0.665079 0.547275 0.633333 0.547275 0.589683 0.550558 0.515873 0.549902 0.513492 0.550230 0.501587 0.549245 0.490476 0.545962 0.480952 0.537754 0.473810
0 0.565988 0.462698 0.563690 0.464286 0.555811 0.481746 0.553841 0.494444 0.554498 0.534127 0.556796 0.565079 0.561720 0.611905 0.562049 0.626984 0.569271 0.685714 0.570256 0.707143 0.571898 0.719048 0.575509 0.733333 0.579777 0.742063 0.583060 0.742063 0.588313 0.736508 0.587984 0.732540 0.589626 0.722222 0.589954 0.698413 0.589297 0.686508 0.589297 0.649206 0.586014 0.588095 0.586343 0.556349 0.585686 0.520635 0.583716 0.503968 0.578135 0.482540 0.568615 0.462698
0 0.601116 0.481746 0.596520 0.486508 0.588641 0.509524 0.587984 0.513492 0.588313 0.521429 0.592580 0.544444 0.597505 0.579365 0.599146 0.607143 0.600460 0.613492 0.601445 0.635714 0.604399 0.653175 0.604399 0.659524 0.606041 0.669841 0.610965 0.685714 0.612278 0.685714 0.617859 0.679365 0.619829 0.674603 0.620486 0.667460 0.619173 0.623016 0.619501 0.600794 0.618188 0.569841 0.618516 0.544683 0.618910 0.527143 0.617597 0.499841 0.615857 0.491587 0.612574 0.485556 0.609783 0.481587 0.604728 0.481746
0 0.626395 0.459524 0.623112 0.461905 0.613624 0.467222 0.609947 0.474286 0.607649 0.481825 0.607978 0.492937 0.608930 0.502937 0.614018 0.525000 0.618516 0.534921 0.623441 0.561111 0.623112 0.564286 0.626067 0.588889 0.627708 0.594444 0.629022 0.607143 0.630335 0.611111 0.631976 0.623016 0.632633 0.635714 0.635916 0.650000 0.637557 0.668254 0.640184 0.676190 0.642810 0.693651 0.646093 0.696032 0.648391 0.690476 0.647735 0.685714 0.649048 0.682540 0.649048 0.676984 0.649705 0.675397 0.649048 0.669841 0.651018 0.660317 0.651346 0.632540 0.649048 0.597619 0.648720 0.580159 0.646750 0.567460 0.647078 0.564286 0.645765 0.553175 0.645765 0.533333 0.645108 0.529365 0.645765 0.515873 0.645108 0.506349 0.644353 0.491508 0.642580 0.473810 0.639527 0.469048 0.633946 0.462698
0 0.514773 0.285714 0.505253 0.285714 0.501313 0.294444 0.497702 0.317460 0.497045 0.341270 0.492121 0.376984 0.491793 0.448413 0.497045 0.455556 0.504924 0.450794 0.525279 0.450000 0.530204 0.433333 0.530860 0.395238 0.527577 0.353175 0.523309 0.333333 0.518713 0.295238
0 0.455351 0.240476 0.451083 0.251587 0.450098 0.266667 0.451412 0.342063 0.449442 0.390476 0.450755 0.437302 0.452725 0.450000 0.455680 0.456349 0.462246 0.461111 0.470781 0.461111 0.484242 0.451587 0.488838 0.436508 0.488510 0.393651 0.479645 0.329365 0.470781 0.290476 0.470781 0.264286 0.465857 0.257143 0.463887 0.246032
1 0.597177 0.230952 0.590939 0.232540 0.583716 0.245238 0.579120 0.257937 0.571241 0.321429 0.568943 0.361111 0.566973 0.373016 0.566645 0.413492 0.567958 0.428571 0.578464 0.459524 0.583388 0.465079 0.587656 0.464286 0.593565 0.453968 0.600131 0.436508 0.602101 0.422222 0.603414 0.266667 0.602101 0.248413
2 0.656599 0.240476 0.650033 0.246825 0.647735 0.257937 0.643139 0.382540 0.643139 0.418254 0.645437 0.434127 0.649048 0.443651 0.654629 0.448413 0.666448 0.450000 0.672685 0.444444 0.678595 0.433333 0.680893 0.418254 0.680565 0.403968 0.673999 0.369841 0.672029 0.325397 0.664806 0.256349 0.661852 0.241270
3 0.782337 0.266667 0.778398 0.265079 0.775115 0.268254 0.769862 0.282540 0.749508 0.368254 0.747538 0.384921 0.748194 0.396825 0.755089 0.415079 0.768221 0.408730 0.784964 0.413492 0.788575 0.410317 0.791858 0.400000 0.792515 0.382540 0.784964 0.315873 0.783651 0.271429
4 0.767564 0.414286 0.759685 0.423810 0.756074 0.436508 0.755745 0.448413 0.758700 0.471429 0.761326 0.479365 0.771832 0.522222 0.774458 0.542857 0.777085 0.550000 0.781681 0.576190 0.788247 0.595238 0.790873 0.605556 0.794813 0.613492 0.798424 0.617460 0.802692 0.615079 0.805318 0.611111 0.806960 0.603968 0.805647 0.583333 0.807617 0.534921 0.807288 0.496825 0.808930 0.450794 0.807945 0.430159 0.804005 0.417460 0.797111 0.411905 0.791202 0.412698 0.785620 0.418254 0.779711 0.421429 0.772160 0.414286
5 0.645765 0.473810 0.644123 0.482540 0.644452 0.491270 0.647735 0.513492 0.647406 0.519048 0.648391 0.525397 0.650361 0.527778 0.654629 0.526190 0.665791 0.538095 0.668418 0.537302 0.669731 0.534921 0.673342 0.503175 0.679580 0.489683 0.682863 0.476984 0.682863 0.471429 0.681878 0.468254 0.672685 0.460317 0.665135 0.460317 0.657255 0.462698 0.650033 0.468254
3 0.235719 0.246825 0.235391 0.254762 0.235719 0.264286 0.236047 0.280159 0.236376 0.293651 0.234077 0.316667 0.233421 0.373810 0.230466 0.407143 0.232108 0.434127 0.235719 0.449206 0.240643 0.453968 0.268549 0.453175 0.272489 0.446032 0.275443 0.429365 0.272160 0.390476 0.267236 0.372222 0.257058 0.299206 0.250164 0.276190 0.248851 0.265873 0.240972 0.246032
4 0.250821 0.465873 0.247866 0.461905 0.239987 0.456349 0.233093 0.455556 0.224557 0.440476 0.210440 0.441270 0.203874 0.446825 0.200591 0.457937 0.198621 0.473016 0.198621 0.509524 0.197636 0.512698 0.197965 0.518254 0.196980 0.526984 0.197308 0.534127 0.196651 0.536508 0.194944 0.578333 0.194189 0.589286 0.193467 0.597778 0.193697 0.604762 0.193533 0.610714 0.195141 0.612063 0.202200 0.594841 0.203972 0.594762 0.204662 0.597937 0.199179 0.622619 0.201543 0.628254 0.205515 0.628571 0.213395 0.615079 0.217991 0.602381 0.220289 0.599206 0.224557 0.588889 0.230466 0.565079 0.235062 0.551587 0.247866 0.521429 0.252462 0.503175 0.254104 0.487302 0.253775 0.476984
3 0.272160 0.462698 0.267236 0.462698 0.259028 0.472222 0.257387 0.478571 0.252791 0.517460 0.252791 0.561111 0.251477 0.571429 0.249179 0.639683 0.248359 0.656429 0.250492 0.661905 0.263986 0.622619 0.266513 0.623016 0.256074 0.673810 0.259685 0.673810 0.262968 0.671429 0.271832 0.656349 0.277085 0.643651 0.282337 0.625397 0.293500 0.573810 0.299409 0.553175 0.298752 0.528571 0.297111 0.509524 0.296783 0.496032 0.295798 0.492063 0.290545 0.480159 0.287919 0.476984 0.283651 0.476190
3 0.281353 0.274603 0.279383 0.277778 0.278398 0.282540 0.279711 0.307143 0.280335 0.315635 0.280368 0.320635 0.281353 0.326984 0.281681 0.372222 0.277413 0.419048 0.277085 0.438095 0.277741 0.448413 0.282337 0.464286 0.286277 0.468254 0.290217 0.468254 0.298096 0.461905 0.303677 0.466667 0.309258 0.469048 0.314839 0.467460 0.320420 0.459524 0.322718 0.451587 0.322390 0.410317 0.318122 0.383333 0.316809 0.380159 0.315824 0.369048 0.313198 0.353968 0.311228 0.330159 0.311884 0.324603 0.311228 0.303968 0.310243 0.297619 0.307584 0.289921 0.305548 0.289444 0.303349 0.290873 0.301379 0.299206 0.301609 0.306746 0.300919 0.312063 0.300033 0.318095 0.300066 0.322222 0.299737 0.330159 0.297111 0.337302 0.295141 0.339683 0.292843 0.327857 0.291858 0.319921 0.291530 0.313492 0.289232 0.299206 0.286638 0.289603 0.285292 0.278571 0.283322 0.273810
2 0.329941 0.250794 0.327971 0.254762 0.327315 0.261905 0.327971 0.270317 0.327315 0.287302 0.327643 0.363492 0.326986 0.397619 0.325673 0.412698 0.325345 0.462698 0.328628 0.471429 0.334209 0.479365 0.341760 0.481746 0.345371 0.476984 0.349967 0.466667 0.350952 0.461905 0.351609 0.446825 0.350295 0.436508 0.350295 0.425397 0.351609 0.419048 0.354235 0.413492 0.354563 0.405556 0.351609 0.387302 0.349311 0.361905 0.344058 0.332540 0.342745 0.316667 0.338345 0.283016 0.338148 0.278571 0.336179 0.262698 0.333552 0.252381
2 0.356205 0.250794 0.354892 0.254762 0.353578 0.283333 0.352922 0.291984 0.353250 0.302381 0.353250 0.326190 0.353578 0.334127 0.352922 0.345238 0.352922 0.358730 0.353053 0.362302 0.352134 0.371905 0.351641 0.380952 0.351838 0.402063 0.354563 0.415317 0.358175 0.419841 0.365135 0.424286 0.372751 0.421270 0.372062 0.384921 0.372292 0.369048 0.371963 0.346825 0.370650 0.323016 0.365069 0.269841 0.359488 0.251587
3 0.311934 0.500103 0.325207 0.505889 0.330430 0.526405 0.338047 0.531667 0.349606 0.537778 0.347209 0.557937 0.345880 0.569548 0.344140 0.589008 0.342833 0.616365 0.339133 0.651079 0.335653 0.668968 0.326513 0.680540 0.319550 0.681595 0.317590 0.671071 0.320637 0.648452 0.328470 0.613206 0.327817 0.592167 0.320854 0.591635 0.314760 0.611103 0.307364 0.653714 0.297997 0.674206 0.290381 0.677381 0.286037 0.670024 0.289737 0.643190 0.296047 0.596897 0.300181 0.559548 0.304317 0.528508 0.309540 0.505365
2 0.365397 0.523810 0.361129 0.524603 0.358831 0.529365 0.352922 0.534921 0.350952 0.539683 0.350295 0.544444 0.351609 0.577778 0.351937 0.669841 0.350952 0.700794 0.351280 0.706349 0.352922 0.710317 0.356861 0.708730 0.358503 0.705556 0.359816 0.697619 0.364084 0.682540 0.366710 0.655556 0.368024 0.627778 0.369665 0.618254 0.370650 0.599206 0.372620 0.584921 0.375246 0.553175 0.375246 0.539683 0.374261 0.534127 0.369665 0.526984
2 0.394944 0.468254 0.391661 0.468254 0.389363 0.470635 0.383782 0.484127 0.381484 0.494444 0.380499 0.503968 0.381812 0.544444 0.382797 0.549206 0.383125 0.575397 0.384110 0.591270 0.383782 0.604762 0.385752 0.617460 0.385752 0.638889 0.387393 0.643651 0.387393 0.650794 0.386408 0.657143 0.387393 0.702381 0.389035 0.711905 0.391989 0.716667 0.395929 0.712698 0.399540 0.690476 0.399540 0.684921 0.402495 0.658730 0.402167 0.653968 0.405450 0.610317 0.406435 0.572222 0.409061 0.550794 0.410374 0.530159 0.412672 0.517460 0.413329 0.507143 0.413001 0.497619 0.401838 0.474603
1 0.384439 0.238889 0.380171 0.242857 0.379514 0.246825 0.379842 0.288889 0.381156 0.305556 0.381156 0.319841 0.382141 0.330159 0.382469 0.358730 0.383125 0.364286 0.382797 0.386508 0.383782 0.396825 0.383782 0.403968 0.383125 0.406349 0.383782 0.440476 0.391005 0.464286 0.404465 0.476190 0.409389 0.469841 0.416940 0.446825 0.417597 0.442063 0.417597 0.429365 0.414970 0.400000 0.411031 0.380159 0.411031 0.376984 0.409718 0.373016 0.404137 0.317460 0.403152 0.314286 0.402495 0.305556 0.398227 0.278571 0.392318 0.256349 0.389691 0.241270 0.388378 0.238889
