3 0.345049 0.462724 0.351628 0.495048 0.348182 0.533324 0.335646 0.604762 0.329695 0.660048 0.324365 0.688971 0.319667 0.721286 0.313712 0.741705 0.311832 0.741705 0.307133 0.733200 0.306818 0.726390 0.308386 0.709381 0.312772 0.666857 0.314025 0.634533 0.314025 0.597114 0.311207 0.595410 0.306505 0.599657 0.301491 0.611571 0.297730 0.628581 0.293972 0.651543 0.289270 0.680467 0.284572 0.707676 0.279870 0.720438 0.277677 0.716181 0.275796 0.700029 0.276109 0.677057 0.277989 0.646438 0.281123 0.592010 0.286765 0.558838 0.288330 0.527362 0.290523 0.495895 0.293032 0.475486 0.298358 0.470381 0.308386 0.455067 0.317158 0.450819 0.330635 0.466124 0.339719 0.458476
3 0.311961 0.191676 0.320667 0.217762 0.333358 0.291095 0.339705 0.353610 0.344239 0.374771 0.346053 0.416124 0.335898 0.429410 0.322116 0.441714 0.307972 0.442695 0.299088 0.434333 0.294372 0.411695 0.291288 0.392000 0.292375 0.355581 0.291653 0.316695 0.291470 0.268952 0.291470 0.232038 0.292375 0.202010
3 0.256351 0.201619 0.257309 0.290067 0.248221 0.337695 0.240702 0.390429 0.249161 0.425305 0.262007 0.425305 0.277049 0.427000 0.285196 0.421895 0.289270 0.411695 0.291151 0.386181 0.292404 0.359810 0.290839 0.319838 0.290839 0.278162 0.289582 0.244133 0.286765 0.223724 0.282375 0.209267 0.277989 0.196505 0.272351 0.196505 0.270470 0.205010 0.269530 0.205010 0.267021 0.197362 0.263888 0.191410 0.262323 0.188000 0.259814 0.188857 0.257621 0.190552
4 0.230986 0.174390 0.215944 0.241590 0.206860 0.279010 0.211874 0.306229 0.230361 0.338543 0.239446 0.338543 0.251354 0.318981 0.256681 0.293467 0.256368 0.264552 0.255116 0.211819 0.256056 0.173543 0.245716 0.167590
3 0.271411 0.450819 0.286449 0.458476 0.292091 0.472933 0.293032 0.496743 0.288330 0.522267 0.283944 0.544381 0.279558 0.569895 0.272351 0.608171 0.265456 0.638790 0.256056 0.660048 0.249474 0.673657 0.243519 0.681314 0.240702 0.683010 0.240074 0.681314 0.239133 0.677914 0.240074 0.662600 0.244775 0.643038 0.252923 0.600514 0.254800 0.592857 0.253863 0.589457 0.252607 0.585200 0.250102 0.582648 0.245400 0.584352 0.241954 0.593705 0.238193 0.609019 0.235060 0.635381 0.232867 0.654943 0.230986 0.670257 0.228793 0.684714 0.225347 0.692371 0.222839 0.693219 0.220646 0.690667 0.219393 0.683010 0.218453 0.671105 0.217825 0.640486 0.220018 0.602210 0.224407 0.567343 0.227228 0.551181 0.230986 0.520562 0.233179 0.487390 0.241014 0.445714 0.245400 0.432952 0.254175 0.438057 0.260754 0.450819
3 0.766589 0.431267 0.751965 0.428438 0.743347 0.437648 0.728723 0.450410 0.724025 0.468838 0.722979 0.481590 0.725070 0.505695 0.733425 0.541133 0.740214 0.575857 0.746491 0.617714 0.756926 0.653114 0.770246 0.695648 0.774421 0.700571 0.778340 0.697771 0.778340 0.689267 0.777554 0.675800 0.773379 0.661619 0.765021 0.625476 0.760842 0.601381 0.759800 0.574438 0.759800 0.563105 0.761365 0.564524 0.766589 0.574438 0.768154 0.591457 0.772856 0.617676 0.778600 0.644610 0.783302 0.670838 0.787218 0.689267 0.791656 0.692810 0.794530 0.687848 0.795572 0.678629 0.795312 0.663038 0.793484 0.624057 0.786435 0.574438 0.778077 0.531210 0.777032 0.490810 0.775989 0.455371 0.772333 0.440486
3 0.737088 0.161905 0.733684 0.177524 0.731860 0.202333 0.728986 0.230686 0.725330 0.271086 0.726112 0.319286 0.730291 0.373152 0.734470 0.403629 0.741260 0.416381 0.748309 0.419219 0.755358 0.417095 0.762670 0.409295 0.771551 0.401505 0.775467 0.390867 0.777554 0.375276 0.778077 0.346924 0.774161 0.322114 0.760842 0.255495 0.756926 0.209419 0.755881 0.172562 0.754316 0.156971 0.749354 0.164057 0.747786 0.169733 0.746221 0.198790 0.745958 0.209419 0.745435 0.227848 0.745435 0.229267 0.741782 0.222181 0.741519 0.207295 0.740214 0.190286 0.740737 0.173981 0.741782 0.167600 0.740211 0.161238
3 0.683811 0.190990 0.681200 0.224305 0.678586 0.284552 0.678586 0.331333 0.679372 0.373857 0.678067 0.407876 0.682242 0.424181 0.689295 0.431267 0.699218 0.431981 0.706007 0.432686 0.715667 0.428438 0.724284 0.427019 0.727940 0.410714 0.728463 0.372438 0.726112 0.341962 0.721414 0.297314 0.721937 0.241314 0.722456 0.205876 0.720109 0.198086 0.716972 0.205876 0.713579 0.219343 0.710446 0.234933 0.708095 0.253362 0.705484 0.271790 0.702874 0.275333 0.702611 0.275333 0.699218 0.261162 0.698172 0.254076 0.695298 0.230686 0.692951 0.211552 0.690337 0.193829 0.689032 0.186029 0.687989 0.185324
1 0.392632 0.140000 0.385965 0.160952 0.385263 0.170476 0.384561 0.193333 0.385263 0.207619 0.386807 0.224095 0.388807 0.242571 0.392772 0.264857 0.394737 0.277143 0.394386 0.288571 0.396842 0.306667 0.401404 0.404762 0.403860 0.424762 0.407368 0.435238 0.411930 0.439048 0.423509 0.437143 0.428772 0.424762 0.430877 0.411429 0.433333 0.375238 0.432632 0.354286 0.425965 0.302857 0.420702 0.240000 0.413333 0.203810 0.410526 0.189524 0.407368 0.157143 0.404912 0.143810 0.401053 0.139048
2 0.372982 0.167619 0.369123 0.175238 0.367018 0.182857 0.364912 0.200000 0.364561 0.217143 0.364912 0.224762 0.366316 0.246667 0.368772 0.294286 0.371228 0.325714 0.372982 0.345714 0.372982 0.373714 0.372211 0.387619 0.372351 0.402571 0.372877 0.412667 0.374386 0.427619 0.377544 0.436190 0.382105 0.438095 0.389123 0.437143 0.392982 0.431429 0.398596 0.415238 0.405439 0.411524 0.408667 0.403048 0.410070 0.388571 0.408807 0.377333 0.406772 0.354952 0.403228 0.338476 0.399789 0.323524 0.396140 0.309524 0.394386 0.302857 0.394035 0.293333 0.392982 0.278095 0.391930 0.262857 0.387018 0.237143 0.386491 0.229333 0.386316 0.223810 0.385053 0.211429 0.383509 0.204095 0.382105 0.197143 0.380000 0.185714 0.377895 0.169524 0.375579 0.167238
2 0.352281 0.180000 0.344211 0.184762 0.342105 0.199048 0.342807 0.237143 0.339298 0.295238 0.340456 0.315524 0.340702 0.338190 0.341684 0.349810 0.344211 0.380952 0.343158 0.423810 0.348421 0.436190 0.355789 0.438095 0.374632 0.425238 0.376491 0.402857 0.378246 0.376190 0.371579 0.335238 0.367018 0.283810 0.366667 0.262857 0.362877 0.226667 0.362456 0.215238 0.357895 0.189524 0.356982 0.186000
2 0.358596 0.466667 0.352281 0.467619 0.350175 0.470476 0.348070 0.477143 0.344912 0.504762 0.345263 0.509524 0.343158 0.540000 0.344561 0.605714 0.344211 0.633333 0.345614 0.646667 0.348070 0.737143 0.350175 0.742857 0.354035 0.742857 0.358246 0.737143 0.364211 0.717143 0.367018 0.701905 0.372982 0.627619 0.374035 0.622857 0.374737 0.612381 0.374386 0.603810 0.376842 0.560952 0.379649 0.549524 0.381404 0.523810 0.381754 0.501905 0.380351 0.496190 0.381053 0.488571 0.378596 0.480000 0.376842 0.478095 0.368070 0.478095 0.363158 0.470476
2 0.392632 0.461905 0.383509 0.470476 0.381404 0.478095 0.381754 0.496190 0.383158 0.505714 0.382456 0.508571 0.382456 0.521905 0.381404 0.524762 0.381404 0.536190 0.383158 0.553333 0.383860 0.575238 0.385965 0.580952 0.386667 0.586667 0.386316 0.601905 0.386667 0.607619 0.388772 0.616190 0.388421 0.633333 0.390175 0.644762 0.390877 0.668571 0.392632 0.690476 0.396140 0.701905 0.396140 0.705714 0.401404 0.707619 0.403860 0.705714 0.405263 0.698095 0.407018 0.660952 0.408421 0.653333 0.408772 0.641905 0.408772 0.621905 0.408772 0.609524 0.408070 0.606667 0.408070 0.553333 0.409123 0.549524 0.410877 0.514286 0.412632 0.496190 0.411579 0.485714 0.404912 0.471429 0.397193 0.462857
1 0.430877 0.460952 0.423509 0.465714 0.420351 0.479048 0.419649 0.538095 0.427018 0.670476 0.430877 0.700952 0.435439 0.720952 0.440000 0.724762 0.442456 0.720952 0.447018 0.703810 0.450175 0.669524 0.448772 0.491429 0.444561 0.465714
1 0.580702 0.461905 0.571930 0.469524 0.570877 0.478095 0.572281 0.577143 0.573333 0.580952 0.572982 0.605714 0.574386 0.619048 0.574035 0.640000 0.575088 0.643810 0.574386 0.670476 0.575439 0.675238 0.576140 0.701905 0.577895 0.708571 0.579298 0.737143 0.583509 0.751429 0.588070 0.752381 0.589825 0.750476 0.591579 0.744762 0.591228 0.740000 0.592281 0.735238 0.593333 0.719048 0.593684 0.696190 0.595439 0.676190 0.596140 0.597143 0.597544 0.580952 0.598596 0.552381 0.601754 0.521905 0.601754 0.502857 0.602807 0.498095 0.602456 0.485714 0.600702 0.476190 0.598596 0.470476 0.590526 0.461905
2 0.624561 0.469524 0.617895 0.469524 0.610877 0.477143 0.604912 0.488571 0.603860 0.496190 0.603860 0.509524 0.605614 0.525714 0.608772 0.584762 0.608421 0.588571 0.609474 0.597143 0.610877 0.681905 0.614737 0.704762 0.619298 0.720000 0.621404 0.718095 0.623158 0.713333 0.625965 0.682857 0.625965 0.660000 0.627719 0.651429 0.627719 0.631429 0.629474 0.621905 0.629825 0.614286 0.629123 0.607619 0.629123 0.582857 0.629825 0.580000 0.629825 0.569524 0.633333 0.542857 0.634386 0.522857 0.633333 0.501905 0.634035 0.499048 0.634035 0.489524 0.630877 0.479048
2 0.646667 0.478095 0.639649 0.485714 0.637544 0.492381 0.635439 0.504762 0.636140 0.520952 0.640000 0.544762 0.640702 0.558095 0.641404 0.560000 0.646316 0.639048 0.648070 0.646667 0.650175 0.686667 0.653333 0.700952 0.655789 0.707619 0.658246 0.720952 0.661404 0.729524 0.662807 0.730476 0.665965 0.726667 0.667719 0.721905 0.670175 0.705714 0.668421 0.585714 0.667368 0.561905 0.668421 0.541905 0.668421 0.517143 0.667018 0.497143 0.663509 0.487619 0.653333 0.478095
4 0.767018 0.167619 0.765263 0.172381 0.764912 0.192381 0.763860 0.197143 0.763860 0.244762 0.765965 0.282857 0.767368 0.290476 0.770877 0.300952 0.778596 0.309524 0.786667 0.309524 0.808772 0.268571 0.809825 0.250476 0.808772 0.236190 0.807368 0.228571 0.801053 0.205714 0.792982 0.185714 0.790526 0.171429 0.782456 0.168571 0.780000 0.163810 0.777895 0.163810 0.776140 0.166667
4 0.809825 0.473333 0.805965 0.476190 0.801404 0.485714 0.797895 0.489524 0.794386 0.499048 0.787018 0.512381 0.787018 0.518095 0.781754 0.528571 0.781754 0.541905 0.786316 0.568571 0.790175 0.583810 0.792632 0.588571 0.800351 0.614286 0.802456 0.623810 0.813684 0.652381 0.817193 0.656190 0.820000 0.656190 0.822807 0.652381 0.825614 0.642857 0.825614 0.640000 0.830526 0.630476 0.834386 0.617143 0.835439 0.608571 0.835088 0.588571 0.832982 0.567619 0.830175 0.521905 0.824912 0.494286 0.822105 0.485714 0.819298 0.480952
2 0.657895 0.195238 0.649474 0.220000 0.646667 0.252381 0.647719 0.273333 0.644561 0.362857 0.645614 0.412381 0.646667 0.420000 0.650526 0.427619 0.662456 0.437143 0.669825 0.438095 0.677895 0.424762 0.676491 0.368571 0.670877 0.301905 0.669825 0.278095 0.663509 0.200952
2 0.636842 0.189524 0.626667 0.192381 0.622807 0.200000 0.620000 0.231429 0.617544 0.259048 0.616491 0.289524 0.614737 0.315238 0.612281 0.379048 0.612982 0.412381 0.629825 0.438095 0.638246 0.435238 0.645263 0.424762 0.642456 0.388571 0.642456 0.317143 0.644211 0.306667 0.640702 0.245714 0.642105 0.200000 0.640351 0.192381
1 0.603860 0.189524 0.596491 0.192381 0.593684 0.200000 0.594035 0.205714 0.589825 0.231429 0.590175 0.239048 0.587368 0.261905 0.587719 0.269524 0.585263 0.290476 0.582456 0.321333 0.579649 0.360952 0.579649 0.386667 0.581053 0.409524 0.582456 0.418095 0.587368 0.429524 0.592281 0.431429 0.604561 0.429524 0.608772 0.425714 0.610877 0.416190 0.609825 0.373333 0.610877 0.364762 0.610175 0.354286 0.611228 0.349524 0.612281 0.330476 0.611930 0.318095 0.612632 0.305714 0.612982 0.293333 0.612982 0.281905 0.611930 0.272381 0.612281 0.258095 0.611228 0.242857 0.611579 0.222857 0.609123 0.204762 0.609825 0.200000 0.607719 0.192381
3 0.721151 0.469543 0.724807 0.494352 0.724025 0.518448 0.723761 0.572314 0.731074 0.638229 0.735253 0.702019 0.734730 0.724705 0.732902 0.728248 0.731860 0.728952 0.729768 0.728952 0.728463 0.726124 0.723242 0.687848 0.714884 0.636105 0.710186 0.616257 0.704702 0.593581 0.702351 0.586495 0.699218 0.590038 0.697126 0.598543 0.696084 0.617676 0.699477 0.664457 0.702611 0.697057 0.705225 0.724705 0.706007 0.748095 0.704439 0.751638 0.700260 0.750924 0.697912 0.744552 0.695821 0.729667 0.691905 0.706276 0.688512 0.675086 0.685116 0.656657 0.681460 0.632562 0.680937 0.595000 0.680937 0.571610 0.676761 0.548924 0.671537 0.528371 0.669449 0.514200 0.667881 0.505695 0.667358 0.483714 0.668926 0.470962 0.672319 0.466705 0.677021 0.468838 0.686161 0.470248 0.696084 0.463876 0.700260 0.463162 0.709400 0.461038 0.718018 0.465295
0 0.434386 0.176190 0.430877 0.184762 0.430175 0.197143 0.429825 0.262857 0.430877 0.292381 0.432281 0.320000 0.434035 0.330476 0.434386 0.404762 0.437895 0.420000 0.444912 0.433333 0.458947 0.434286 0.463158 0.423810 0.463509 0.397143 0.461053 0.355238 0.457895 0.333333 0.452281 0.215238 0.447719 0.195238
0 0.464211 0.462857 0.458246 0.466667 0.454386 0.472381 0.452982 0.481905 0.452982 0.498095 0.456842 0.539048 0.458947 0.552381 0.462105 0.607619 0.463509 0.611429 0.464561 0.638095 0.465228 0.646667 0.466316 0.665714 0.467018 0.668571 0.471930 0.674286 0.474737 0.675238 0.475439 0.674286 0.477053 0.666667 0.477895 0.660952 0.479298 0.640952 0.479298 0.597143 0.478246 0.580952 0.478947 0.576190 0.478947 0.542857 0.481053 0.509524 0.480702 0.476190 0.479649 0.466667 0.477544 0.463810
0 0.478596 0.196190 0.466421 0.212000 0.462105 0.247619 0.462456 0.263810 0.463614 0.274000 0.467018 0.308571 0.465263 0.350476 0.467018 0.412381 0.469474 0.428571 0.474386 0.437143 0.502807 0.430476 0.505614 0.423810 0.503860 0.367619 0.498596 0.328571 0.496526 0.317238 0.495439 0.301905 0.491228 0.279048 0.490877 0.259048 0.489474 0.246667 0.488281 0.229238 0.487368 0.215238 0.483158 0.197143
0 0.512982 0.208571 0.511228 0.216190 0.510175 0.223810 0.509123 0.239048 0.508070 0.254286 0.507719 0.316190 0.504561 0.372381 0.505614 0.421905 0.507018 0.429524 0.537895 0.431429 0.544561 0.416190 0.546316 0.390476 0.545614 0.356190 0.540351 0.321905 0.538596 0.278095 0.535719 0.258667 0.532772 0.246762 0.530386 0.235810 0.528667 0.226857 0.526035 0.217143 0.522175 0.212571 0.516912 0.209810
0 0.565263 0.186667 0.560702 0.198095 0.556140 0.229524 0.553684 0.258095 0.553684 0.264762 0.552281 0.293333 0.551930 0.316190 0.552281 0.336190 0.548772 0.368571 0.549474 0.415238 0.551930 0.423810 0.556140 0.428571 0.562807 0.428571 0.571930 0.420000 0.576842 0.406667 0.577895 0.398095 0.576140 0.279048 0.573333 0.213333 0.569474 0.191429
0 0.546667 0.461905 0.540702 0.465714 0.538947 0.470476 0.538947 0.513333 0.540351 0.543810 0.541754 0.556190 0.542105 0.577143 0.543158 0.580952 0.543158 0.608571 0.544211 0.631429 0.546667 0.646667 0.549123 0.681905 0.552982 0.701905 0.557544 0.709524 0.561754 0.704762 0.562807 0.691429 0.562807 0.625714 0.563158 0.607619 0.562105 0.564762 0.566316 0.518095 0.565614 0.512381 0.567368 0.498095 0.567368 0.485714 0.566316 0.482857 0.565965 0.474286 0.564561 0.469524 0.553684 0.461905
0 0.485614 0.464762 0.483509 0.470476 0.485263 0.533333 0.487368 0.553333 0.487018 0.575238 0.489474 0.621905 0.488772 0.635238 0.489474 0.657143 0.489825 0.667619 0.491579 0.674286 0.497895 0.675238 0.501404 0.659048 0.502456 0.632381 0.503509 0.585714 0.508772 0.496190 0.507368 0.481905 0.506316 0.469524 0.497544 0.463810
0 0.532982 0.458095 0.522105 0.462857 0.514035 0.461905 0.510175 0.466667 0.509474 0.470476 0.509123 0.481905 0.511579 0.512381 0.515088 0.552381 0.516140 0.635238 0.517544 0.651429 0.520702 0.666667 0.524561 0.673333 0.527719 0.673333 0.530526 0.666667 0.531228 0.651429 0.532281 0.554286 0.534737 0.519048 0.535123 0.509714 0.535439 0.499048 0.534737 0.466667
