2 0.632123 0.211690 0.640609 0.268540 0.639238 0.315159 0.641043 0.379111 0.637126 0.414579 0.631685 0.439611 0.613311 0.442381 0.606854 0.421825 0.603477 0.385556 0.609056 0.309222 0.613189 0.251325 0.615149 0.220032 0.620805 0.206476 0.626682 0.205429 0.629947 0.207516
2 0.373669 0.206992 0.385639 0.246111 0.398040 0.351468 0.405874 0.409881 0.406526 0.447960 0.401523 0.463603 0.391079 0.481857 0.381722 0.490206 0.367576 0.480817 0.365834 0.416143 0.367795 0.292532 0.367358 0.240373 0.367795 0.218468 0.370404 0.208556
0 0.437748 0.246825 0.434437 0.251587 0.433113 0.260317 0.433113 0.267460 0.430795 0.279365 0.430464 0.290476 0.431457 0.299206 0.430795 0.304762 0.430795 0.323810 0.432119 0.332540 0.432450 0.341270 0.432119 0.353968 0.433113 0.365079 0.432781 0.388889 0.434768 0.431746 0.436424 0.443651 0.438411 0.450000 0.443046 0.453175 0.450331 0.453175 0.459272 0.448413 0.460927 0.442063 0.460596 0.407143 0.459272 0.392857 0.457616 0.388889 0.457616 0.384127 0.455298 0.371429 0.454636 0.349206 0.452980 0.336508 0.452980 0.308730 0.450993 0.290476 0.451325 0.287302 0.449007 0.269048 0.444040 0.253175 0.440397 0.246825
0 0.525828 0.483333 0.522848 0.485714 0.520861 0.489683 0.519868 0.494444 0.519868 0.499206 0.521192 0.502381 0.524503 0.545238 0.524172 0.550000 0.525166 0.553968 0.526821 0.573016 0.526821 0.584127 0.528808 0.608730 0.530132 0.616667 0.530464 0.632540 0.532450 0.645238 0.532450 0.650794 0.533444 0.653968 0.533775 0.667460 0.535762 0.676984 0.538079 0.700794 0.541391 0.711905 0.544702 0.717460 0.546026 0.713492 0.547616 0.707460 0.548411 0.702063 0.550993 0.692063 0.552152 0.684921 0.553311 0.679365 0.553311 0.673016 0.551656 0.657143 0.550000 0.649206 0.550993 0.639683 0.551325 0.634127 0.550662 0.631746 0.550331 0.618254 0.550000 0.611905 0.550331 0.602381 0.549669 0.600000 0.550000 0.578571 0.549338 0.576984 0.549338 0.556349 0.548344 0.551587 0.547682 0.534921 0.547020 0.533333 0.548013 0.504762 0.545695 0.491270 0.542053 0.486508 0.535762 0.484127
0 0.483808 0.486270 0.478907 0.487381 0.477815 0.501587 0.482119 0.560317 0.480132 0.610317 0.481126 0.635714 0.485430 0.670635 0.489735 0.676190 0.497682 0.676984 0.500331 0.659524 0.503311 0.536508 0.504768 0.495794 0.502285 0.490079 0.491689 0.488016
0 0.462914 0.487302 0.458278 0.494444 0.456623 0.505556 0.459603 0.593651 0.459934 0.683333 0.461921 0.703175 0.467881 0.707937 0.469868 0.704762 0.469205 0.700794 0.471192 0.690476 0.469868 0.680159 0.472185 0.669841 0.471523 0.665873 0.478477 0.636508 0.481126 0.531746 0.477152 0.499206 0.471523 0.488889
3 0.634106 0.473016 0.634106 0.480952 0.632450 0.500000 0.633775 0.521429 0.637748 0.538095 0.639735 0.542063 0.646689 0.580952 0.648675 0.597619 0.649669 0.623016 0.651656 0.638095 0.661258 0.677778 0.665232 0.687302 0.672185 0.698413 0.678808 0.701587 0.682119 0.701587 0.684106 0.698413 0.684106 0.680952 0.673179 0.646825 0.670861 0.633333 0.669868 0.618254 0.670199 0.609524 0.669536 0.607937 0.670530 0.603968 0.677815 0.622222 0.679801 0.637302 0.682781 0.643651 0.685099 0.658730 0.691722 0.684127 0.696358 0.694444 0.700331 0.698413 0.705960 0.699206 0.707947 0.697619 0.707616 0.693651 0.709603 0.688889 0.710265 0.681746 0.707947 0.677778 0.707285 0.669841 0.703642 0.660317 0.701987 0.650000 0.700331 0.646032 0.697351 0.618254 0.695695 0.611111 0.695695 0.605556 0.689073 0.567460 0.687748 0.534921 0.682119 0.502381 0.678146 0.491270 0.674503 0.486508 0.659934 0.487302 0.655960 0.483333 0.654305 0.478571 0.652649 0.477778 0.650662 0.473810 0.645033 0.470635 0.637748 0.469841
2 0.651656 0.223016 0.649669 0.224603 0.646689 0.230952 0.646689 0.234127 0.642715 0.255556 0.640728 0.327778 0.641391 0.353968 0.644040 0.373016 0.643709 0.378571 0.645364 0.400794 0.648013 0.417460 0.650000 0.423810 0.655298 0.431746 0.662914 0.432540 0.667219 0.428571 0.670199 0.419841 0.671192 0.406349 0.670861 0.386508 0.668212 0.346032 0.664238 0.323016 0.663245 0.307937 0.659603 0.286508 0.658278 0.262698 0.657616 0.253968 0.657252 0.246587 0.656623 0.234127 0.656623 0.230952 0.654967 0.224603
1 0.595695 0.211905 0.594040 0.215873 0.588742 0.231746 0.586755 0.242857 0.583444 0.261111 0.582450 0.275397 0.577483 0.307143 0.577483 0.315079 0.576159 0.322222 0.576490 0.330159 0.574172 0.355556 0.571523 0.368254 0.567550 0.402381 0.566887 0.415079 0.567550 0.431746 0.574503 0.465873 0.579139 0.472222 0.588742 0.472222 0.595033 0.468254 0.599669 0.457143 0.601987 0.439683 0.602649 0.398413 0.601656 0.390476 0.601325 0.375397 0.602649 0.354762 0.604967 0.336508 0.605629 0.267460 0.606291 0.265079 0.605960 0.252381 0.606954 0.246032 0.605960 0.233333 0.605960 0.230952 0.604305 0.219048 0.601325 0.211111 0.598344 0.210317
5 0.403311 0.411905 0.400993 0.407143 0.396689 0.403175 0.392053 0.404762 0.388079 0.408730 0.386755 0.419841 0.386755 0.426984 0.384437 0.432540 0.381126 0.432540 0.377483 0.427778 0.373841 0.426190 0.368874 0.430952 0.367881 0.438889 0.367881 0.447619 0.369536 0.461111 0.373510 0.469841 0.384768 0.468254 0.387417 0.470635 0.390066 0.470635 0.393709 0.468254 0.401656 0.452381 0.402980 0.447619 0.403311 0.426190 0.403974 0.422222
3 0.255298 0.250794 0.253642 0.253968 0.251987 0.257143 0.252318 0.262698 0.252318 0.265079 0.251325 0.270635 0.251325 0.278571 0.250993 0.285714 0.251325 0.292063 0.250331 0.301587 0.250993 0.361905 0.250000 0.388095 0.250993 0.404762 0.253808 0.423254 0.259603 0.439048 0.263477 0.446190 0.265497 0.448333 0.268212 0.446825 0.270861 0.450794 0.275828 0.463492 0.278808 0.465873 0.284106 0.465873 0.292053 0.460317 0.297020 0.451587 0.299669 0.436508 0.299669 0.431746 0.296689 0.409524 0.289735 0.379365 0.287748 0.363492 0.285099 0.353175 0.284768 0.346825 0.282781 0.338095 0.282781 0.332540 0.281126 0.322222 0.277848 0.293730 0.276490 0.283333 0.275497 0.275397 0.273841 0.269048 0.272185 0.263492 0.269801 0.254444 0.267351 0.251111 0.262583 0.250000 0.258609 0.252381
3 0.294371 0.492063 0.291391 0.489683 0.272848 0.484127 0.268212 0.480952 0.258609 0.480159 0.252980 0.485714 0.250662 0.492857 0.248675 0.516667 0.248675 0.550794 0.247682 0.558730 0.248013 0.564286 0.247351 0.567460 0.246689 0.588095 0.246026 0.590476 0.246358 0.596825 0.244702 0.606349 0.245695 0.611905 0.243709 0.619048 0.243046 0.663492 0.243709 0.673016 0.243377 0.687302 0.244040 0.689683 0.243377 0.692063 0.243709 0.709524 0.251325 0.723810 0.254967 0.721429 0.256954 0.717460 0.257616 0.711905 0.259603 0.708730 0.261258 0.700794 0.264570 0.693651 0.269205 0.676984 0.272517 0.669841 0.273841 0.658730 0.277152 0.642857 0.279801 0.634921 0.284437 0.613492 0.287086 0.606349 0.289073 0.595238 0.295695 0.569841 0.297682 0.556349 0.300000 0.550000 0.300993 0.538095 0.298013 0.523810 0.296689 0.498413
2 0.416921 0.484683 0.406954 0.488095 0.400000 0.500000 0.393046 0.542857 0.391722 0.634921 0.391722 0.659524 0.395695 0.682540 0.395695 0.688889 0.397020 0.691270 0.407285 0.689683 0.409934 0.674603 0.414238 0.638095 0.416887 0.587302 0.423444 0.561984 0.429768 0.538889 0.430132 0.511349 0.425099 0.492937
1 0.440397 0.484921 0.434437 0.489683 0.429139 0.501587 0.430464 0.532540 0.426159 0.565873 0.427483 0.592857 0.425497 0.607937 0.425497 0.638889 0.424834 0.661111 0.425828 0.685714 0.423841 0.700794 0.425166 0.719841 0.425828 0.728571 0.434106 0.738889 0.437748 0.735714 0.442053 0.714286 0.443377 0.684921 0.445695 0.674603 0.451656 0.619048 0.452649 0.595238 0.454636 0.553175 0.454967 0.520635 0.452649 0.502381 0.446026 0.488095
1 0.557285 0.494444 0.549338 0.511111 0.546689 0.524921 0.548344 0.549206 0.554636 0.592063 0.555960 0.630159 0.573179 0.747619 0.574404 0.759365 0.579371 0.772540 0.584768 0.776190 0.590397 0.769048 0.593046 0.746825 0.594371 0.735714 0.592715 0.723810 0.589404 0.696825 0.590066 0.684921 0.587748 0.654762 0.585762 0.650794 0.585430 0.630159 0.582450 0.607937 0.581788 0.599206 0.579702 0.580476 0.575497 0.521429 0.573179 0.506349 0.569536 0.497619 0.564901 0.493651
5 0.423841 0.503175 0.420199 0.501587 0.416225 0.508730 0.410927 0.528571 0.410596 0.537302 0.411589 0.552381 0.414238 0.560317 0.417881 0.561905 0.421854 0.560317 0.426821 0.549206 0.428808 0.541270 0.429801 0.529365 0.429470 0.519841 0.428808 0.515873
5 0.526159 0.314286 0.524503 0.314286 0.521854 0.322222 0.520199 0.337302 0.518543 0.344444 0.517219 0.346825 0.513907 0.346825 0.509934 0.350000 0.500993 0.372222 0.499007 0.383333 0.498675 0.396825 0.502980 0.405556 0.505298 0.419048 0.509272 0.429365 0.513245 0.434921 0.517550 0.438095 0.525828 0.438095 0.530132 0.430952 0.531457 0.423810 0.531788 0.411905 0.534106 0.394444 0.534437 0.371429 0.533775 0.366667 0.531126 0.357143 0.526490 0.346032 0.527152 0.328571 0.526490 0.323810 0.526821 0.316667
5 0.262252 0.491270 0.262914 0.496032 0.265894 0.500000 0.272517 0.504762 0.273510 0.507143 0.273510 0.511111 0.274834 0.514286 0.277815 0.516667 0.280132 0.516667 0.287748 0.501587 0.287748 0.496825 0.283444 0.489683 0.278146 0.486508 0.263907 0.484921 0.262914 0.486508
5 0.470530 0.346032 0.466225 0.353175 0.461921 0.369048 0.461589 0.384921 0.465563 0.415873 0.470530 0.431746 0.474834 0.436508 0.478477 0.438095 0.487417 0.437302 0.490728 0.433333 0.494040 0.424603 0.497020 0.407937 0.498013 0.388095 0.496358 0.367460 0.492384 0.353968 0.489735 0.347619 0.487086 0.344444 0.478477 0.341270
0 0.520440 0.491960 0.512825 0.491095 0.503758 0.493262 0.499768 0.494135 0.501219 0.516302 0.504848 0.571500 0.507566 0.604968 0.509742 0.631484 0.511556 0.655817 0.514821 0.683635 0.517540 0.699722 0.522255 0.698413 0.525881 0.689722 0.528964 0.664516 0.528421 0.638000 0.528060 0.607143 0.524977 0.567587 0.523162 0.528468 0.522980 0.512389 0.522073 0.495000
0 0.568864 0.191746 0.570119 0.294643 0.567298 0.384770 0.565732 0.441095 0.558212 0.468889 0.540662 0.459873 0.536275 0.451611 0.538470 0.402794 0.540977 0.368992 0.545675 0.305905 0.555391 0.245071 0.560404 0.210524 0.564166 0.194000 0.564477 0.194000 0.567613 0.189492
1 0.399338 0.205556 0.387748 0.216667 0.385430 0.248413 0.388079 0.269841 0.391556 0.302460 0.396225 0.351508 0.398278 0.372222 0.399007 0.389365 0.402086 0.409762 0.402980 0.423492 0.406457 0.464921 0.413808 0.472381 0.428477 0.455556 0.432781 0.416667 0.415232 0.248413
0 0.475815 0.210579 0.486877 0.298373 0.497937 0.376175 0.500838 0.451365 0.489596 0.458754 0.477990 0.458317 0.473818 0.457889 0.464934 0.453540 0.462576 0.443111 0.461308 0.393127 0.460036 0.336619 0.467652 0.250563 0.469106 0.214484 0.472189 0.200579
2 0.583113 0.508730 0.578146 0.518254 0.576490 0.531746 0.579139 0.556349 0.586424 0.587302 0.587748 0.623016 0.595033 0.665079 0.599371 0.683889 0.600993 0.690476 0.614570 0.727778 0.619205 0.728571 0.619868 0.708730 0.610265 0.636508 0.608278 0.597619 0.607947 0.574603 0.608278 0.547619 0.604305 0.513492 0.601325 0.506349 0.596689 0.503968
0 0.524603 0.202302 0.515526 0.256214 0.507185 0.326190 0.499570 0.377040 0.498662 0.400079 0.500838 0.447889 0.505192 0.456151 0.526950 0.464841 0.535295 0.460056 0.536563 0.422246 0.538921 0.336190 0.538556 0.248825 0.537288 0.213183 0.536563 0.203619 0.529503 0.196270
