0 0.482983 0.277520 0.478678 0.277120 0.471186 0.294400 0.469153 0.304000 0.467458 0.308800 0.464068 0.325600 0.463458 0.333680 0.457966 0.398400 0.456949 0.440800 0.461017 0.454400 0.466780 0.460000 0.490169 0.456800 0.493220 0.447200 0.491864 0.333600 0.491051 0.306800 0.487525 0.295280 0.485864 0.286160
0 0.497627 0.493600 0.493559 0.499200 0.493559 0.526400 0.499322 0.612000 0.500678 0.619200 0.501017 0.628000 0.504407 0.636000 0.509458 0.637440 0.511627 0.633600 0.514237 0.627200 0.514915 0.620000 0.518305 0.532800 0.517627 0.504800 0.515593 0.498400
0 0.469831 0.487200 0.466102 0.506400 0.465763 0.588800 0.467492 0.610000 0.469119 0.621120 0.470847 0.631200 0.473220 0.636000 0.478983 0.639200 0.480712 0.634160 0.482034 0.627200 0.483729 0.584000 0.490508 0.528000 0.491864 0.496800 0.487119 0.488000
0 0.458983 0.480800 0.449153 0.477600 0.445424 0.478400 0.438644 0.484800 0.436271 0.494400 0.435254 0.509600 0.435593 0.519200 0.433898 0.536800 0.433898 0.564800 0.432203 0.574400 0.432542 0.580000 0.430169 0.588800 0.430169 0.596000 0.425424 0.636000 0.425763 0.659200 0.428814 0.665600 0.432542 0.665600 0.435932 0.660800 0.438305 0.654400 0.444407 0.628800 0.446102 0.616000 0.448475 0.605600 0.453898 0.561600 0.461356 0.520000 0.462712 0.502400 0.463729 0.498400 0.463390 0.487200
0 0.447119 0.237600 0.443051 0.240800 0.439661 0.240000 0.440000 0.244000 0.437288 0.248000 0.436949 0.251200 0.432881 0.262400 0.434237 0.268800 0.430508 0.280800 0.427119 0.315200 0.427119 0.338400 0.423051 0.384000 0.422712 0.417600 0.424068 0.432000 0.426102 0.440800 0.429153 0.446400 0.432203 0.448800 0.440000 0.448800 0.443729 0.445600 0.447797 0.435200 0.449831 0.418400 0.450508 0.380800 0.448814 0.356000 0.450508 0.305600 0.452203 0.283200 0.452542 0.254400 0.451864 0.245600 0.448475 0.238400
0 0.517051 0.276160 0.511017 0.292320 0.503390 0.372000 0.500000 0.384800 0.497288 0.437600 0.501695 0.453600 0.523729 0.464000 0.530508 0.459200 0.535254 0.444000 0.536271 0.410400 0.533898 0.372800 0.537966 0.346400 0.538983 0.320800 0.537288 0.306400 0.529831 0.277600 0.524475 0.269680
2 0.380746 0.468000 0.371390 0.472080 0.363627 0.477680 0.362373 0.495920 0.361525 0.521680 0.362712 0.544000 0.364746 0.608800 0.364746 0.663200 0.365424 0.672800 0.368136 0.679200 0.373220 0.678400 0.375254 0.673600 0.377966 0.660800 0.380678 0.654400 0.381356 0.629600 0.382712 0.616800 0.382712 0.596800 0.384746 0.591200 0.387797 0.545600 0.392542 0.520000 0.394237 0.505600 0.394237 0.494400 0.389695 0.478080 0.384169 0.471440
1 0.420678 0.471200 0.415593 0.470400 0.407797 0.476800 0.401695 0.485600 0.398644 0.495200 0.397627 0.510400 0.398305 0.529600 0.397627 0.541600 0.398305 0.552800 0.394576 0.605600 0.394915 0.618400 0.393559 0.632800 0.393898 0.654400 0.393220 0.656800 0.393559 0.669600 0.392881 0.675200 0.395932 0.686400 0.399322 0.690400 0.401017 0.690400 0.404746 0.686400 0.410508 0.647200 0.413220 0.638400 0.414237 0.626400 0.417966 0.604000 0.422712 0.548800 0.426441 0.526400 0.427458 0.500000 0.427119 0.487200 0.425424 0.478400 0.423729 0.474400
5 0.250508 0.292800 0.245085 0.301600 0.243390 0.313600 0.243051 0.324800 0.240339 0.336800 0.236949 0.342400 0.231186 0.346400 0.226780 0.353600 0.224407 0.373600 0.225424 0.376800 0.225424 0.382400 0.227119 0.392000 0.230508 0.398400 0.237966 0.406400 0.252881 0.417600 0.258644 0.420000 0.264068 0.419200 0.268475 0.414400 0.269831 0.410400 0.269492 0.400000 0.270508 0.392000 0.269492 0.380800 0.265763 0.372000 0.264746 0.365600 0.258644 0.353600 0.257288 0.345600 0.256271 0.325600 0.256271 0.301600 0.253220 0.292800
5 0.266780 0.392000 0.268136 0.412800 0.269831 0.420000 0.274576 0.430400 0.281017 0.436800 0.290508 0.444000 0.302712 0.448800 0.311186 0.448000 0.313898 0.444800 0.316271 0.436800 0.317627 0.420800 0.317288 0.407200 0.315932 0.400800 0.310169 0.388800 0.302373 0.383200 0.294915 0.380800 0.272881 0.380000 0.269153 0.384000
5 0.347119 0.404800 0.346780 0.412000 0.347458 0.415200 0.348136 0.436000 0.352203 0.442400 0.365085 0.446400 0.370169 0.444000 0.375254 0.436000 0.375593 0.426400 0.372542 0.418400 0.364746 0.417600 0.360678 0.415200 0.358983 0.412000 0.357288 0.404000 0.354237 0.400000 0.350508 0.400800
5 0.321695 0.400000 0.320339 0.412800 0.320000 0.436000 0.321356 0.441600 0.324746 0.448000 0.327458 0.449600 0.335932 0.448800 0.342034 0.445600 0.346780 0.438400 0.347119 0.435200 0.347254 0.429840 0.346780 0.420800 0.346780 0.411200 0.346102 0.408000 0.342034 0.408000 0.338305 0.417600 0.333559 0.420800 0.331864 0.414400 0.330847 0.404800 0.328136 0.399200 0.325424 0.396800 0.323051 0.397600
5 0.353898 0.479200 0.349492 0.473600 0.344746 0.472800 0.340339 0.476000 0.335593 0.476800 0.332542 0.480000 0.330169 0.485600 0.328814 0.492800 0.328475 0.510400 0.329492 0.522400 0.331864 0.523200 0.333898 0.521600 0.340000 0.508000 0.343729 0.503200 0.352542 0.498400 0.354576 0.488800
5 0.241017 0.454400 0.241017 0.463200 0.243390 0.468000 0.256610 0.477600 0.260339 0.481600 0.262034 0.485600 0.263729 0.496000 0.262373 0.511200 0.264746 0.518400 0.266441 0.520000 0.271525 0.518400 0.278983 0.499200 0.280339 0.489600 0.280000 0.478400 0.278983 0.472800 0.275932 0.466400 0.264407 0.455200 0.258644 0.452800 0.255593 0.449600 0.243729 0.448800
3 0.275593 0.466400 0.271186 0.462400 0.269153 0.462400 0.267797 0.459200 0.264068 0.456000 0.258305 0.453600 0.255932 0.449600 0.251864 0.446400 0.247797 0.438400 0.236610 0.436800 0.234237 0.440800 0.230847 0.455200 0.229831 0.464800 0.227797 0.470400 0.224746 0.493600 0.218983 0.516800 0.217627 0.529600 0.215593 0.538400 0.210508 0.572000 0.210169 0.580800 0.204746 0.618400 0.205085 0.628000 0.206780 0.633600 0.208814 0.636000 0.213559 0.636000 0.222034 0.625600 0.247797 0.571200 0.249831 0.568800 0.257288 0.551200 0.258983 0.544000 0.266102 0.525600 0.271186 0.518400 0.276271 0.506400 0.280000 0.491200 0.280000 0.484000 0.278983 0.474400
2 0.351678 0.214392 0.350142 0.264680 0.348264 0.307568 0.348264 0.351200 0.347010 0.387432 0.346698 0.411104 0.348264 0.431808 0.349203 0.440680 0.352339 0.451032 0.357976 0.453992 0.362990 0.452512 0.368003 0.451032 0.374586 0.445856 0.378627 0.434024 0.382420 0.408144 0.382420 0.391136 0.376780 0.343064 0.373644 0.305352 0.373332 0.249888 0.370200 0.235096 0.367064 0.213648 0.364871 0.205512 0.357353 0.199600 0.354217 0.204032
1 0.395254 0.239200 0.391525 0.247200 0.388814 0.278400 0.386441 0.292800 0.387119 0.299200 0.384068 0.321600 0.385424 0.331200 0.384068 0.337600 0.383390 0.352000 0.383729 0.365600 0.382373 0.383200 0.383390 0.404800 0.382712 0.420000 0.381695 0.423200 0.381695 0.432800 0.384407 0.444800 0.388136 0.451200 0.392203 0.456000 0.396610 0.456800 0.401017 0.452000 0.405085 0.444000 0.406102 0.438400 0.412203 0.424000 0.413220 0.418400 0.413898 0.404800 0.413220 0.393600 0.410847 0.380800 0.410508 0.328000 0.409492 0.318400 0.410169 0.312000 0.410169 0.265600 0.407119 0.251200 0.407119 0.247200 0.405085 0.244800 0.403390 0.240000
3 0.273464 0.246544 0.271939 0.265544 0.272156 0.311768 0.271288 0.349768 0.268458 0.393424 0.268024 0.404208 0.269980 0.424240 0.272593 0.435536 0.283037 0.450424 0.288044 0.451968 0.294353 0.452480 0.314807 0.456592 0.316549 0.455048 0.317420 0.446320 0.319159 0.433480 0.319159 0.416536 0.318292 0.390344 0.315027 0.377504 0.314590 0.346688 0.315461 0.321528 0.313322 0.287120 0.311729 0.270800 0.308542 0.254880 0.306237 0.247360 0.301559 0.238400 0.298169 0.236160 0.293627 0.251120 0.293119 0.271120 0.292915 0.277200 0.290437 0.280952 0.287607 0.272224 0.286085 0.254248 0.283908 0.237304 0.282383 0.229600 0.279556 0.227544 0.276725 0.231136 0.275203 0.240896 0.273627 0.242800
3 0.248698 0.217688 0.244566 0.229496 0.241736 0.254664 0.237600 0.288552 0.234119 0.319880 0.229115 0.343504 0.222803 0.361992 0.220193 0.380992 0.220847 0.403600 0.228678 0.411296 0.238471 0.414888 0.246959 0.418488 0.251529 0.424136 0.261539 0.427728 0.266542 0.428752 0.267847 0.427728 0.268719 0.424648 0.268936 0.416432 0.270895 0.401024 0.271766 0.380480 0.270461 0.373288 0.269590 0.366616 0.271112 0.339912 0.271329 0.322448 0.271329 0.300880 0.270241 0.279824 0.268502 0.262360 0.267631 0.252608 0.264803 0.235656 0.261973 0.226928 0.256969 0.231040 0.256749 0.239256 0.256098 0.252608 0.254793 0.257232 0.250875 0.254664 0.249786 0.244392 0.249786 0.234632 0.250003 0.227952 0.250441 0.224872 0.250441 0.221792 0.250224 0.218712
3 0.710498 0.242296 0.719637 0.307000 0.721725 0.342128 0.722769 0.356304 0.725119 0.375408 0.726166 0.385880 0.727732 0.408072 0.730081 0.421624 0.730081 0.431488 0.727471 0.438880 0.724336 0.445048 0.720681 0.451208 0.715458 0.453056 0.710237 0.454904 0.701356 0.457368 0.696136 0.460448 0.689868 0.461688 0.686736 0.457984 0.683861 0.447512 0.681251 0.437032 0.681251 0.419776 0.683600 0.397592 0.685692 0.376640 0.686736 0.337200 0.686997 0.316864 0.689607 0.284816 0.693786 0.260784 0.698224 0.240448 0.702102 0.250640 0.706237 0.248800 0.709715 0.243528
3 0.759166 0.208920 0.760105 0.260680 0.766061 0.325024 0.772325 0.367912 0.773268 0.418936 0.771075 0.428552 0.766685 0.432248 0.759166 0.424112 0.752271 0.426336 0.746946 0.427816 0.742871 0.432992 0.740051 0.435208 0.737546 0.434472 0.734098 0.432992 0.730651 0.428552 0.728769 0.417464 0.726264 0.396016 0.727831 0.370128 0.728458 0.342032 0.731590 0.315408 0.735353 0.288048 0.738485 0.262160 0.741932 0.242192 0.746003 0.225184 0.749139 0.217792 0.753837 0.211136
3 0.743183 0.450000 0.726892 0.449256 0.719685 0.460352 0.718115 0.480320 0.719058 0.503984 0.727519 0.519512 0.741305 0.555752 0.750078 0.597904 0.763241 0.618608 0.776400 0.645968 0.783922 0.647448 0.789563 0.643752 0.794576 0.624528 0.794576 0.602336 0.779847 0.529864 0.776400 0.495112 0.772325 0.457392 0.765746 0.431512 0.754153 0.432992
1 0.607797 0.238400 0.601695 0.238400 0.599661 0.240000 0.590508 0.263200 0.591864 0.268800 0.590169 0.273600 0.587119 0.290400 0.587458 0.300800 0.585763 0.320800 0.586441 0.333600 0.585763 0.336800 0.585424 0.373600 0.584068 0.377600 0.582712 0.392800 0.582712 0.419200 0.584746 0.432800 0.589492 0.446400 0.589831 0.449600 0.595593 0.463200 0.599322 0.466400 0.604068 0.466400 0.609153 0.460000 0.613220 0.450400 0.615254 0.440000 0.615254 0.437360 0.615695 0.433120 0.615051 0.420800 0.615797 0.411440 0.615492 0.390960 0.613898 0.314400 0.614915 0.310400 0.614915 0.262400 0.613559 0.254400 0.613898 0.248000 0.611864 0.243200
5 0.638305 0.376800 0.626102 0.380000 0.624068 0.414400 0.614915 0.423200 0.617966 0.439200 0.631864 0.448800 0.642814 0.450160 0.645322 0.433520 0.644068 0.399200
5 0.673898 0.384800 0.669831 0.384800 0.661695 0.408800 0.657627 0.408800 0.654915 0.398400 0.651186 0.399200 0.649492 0.408000 0.648475 0.436000 0.649831 0.442400 0.653220 0.448000 0.662034 0.456800 0.664068 0.464000 0.666102 0.465600 0.670847 0.464000 0.677966 0.456000 0.679661 0.447200 0.679661 0.430400 0.678644 0.416000 0.675932 0.392000
2 0.323824 0.224000 0.326017 0.268376 0.323197 0.303872 0.319749 0.390392 0.318495 0.430328 0.319122 0.445856 0.325390 0.453256 0.330715 0.456208 0.338237 0.454728 0.344817 0.446600 0.348892 0.437720 0.347637 0.418496 0.347010 0.374864 0.342936 0.336408 0.341685 0.313488 0.341369 0.275032 0.340115 0.255800 0.337922 0.236576 0.334163 0.209216 0.331342 0.206992 0.328837 0.205512 0.326329 0.206256 0.323820 0.212912
2 0.640773 0.234888 0.637508 0.239168 0.635878 0.246872 0.630075 0.275976 0.623908 0.318768 0.616112 0.373120 0.613936 0.403936 0.613573 0.422760 0.614661 0.431320 0.616654 0.439024 0.623003 0.451008 0.628986 0.453576 0.633519 0.453152 0.638597 0.454008 0.642949 0.455288 0.646034 0.443736 0.646034 0.430464 0.646939 0.394520 0.644946 0.365848 0.644220 0.343160 0.643312 0.310208 0.643495 0.289240 0.644763 0.267416 0.645308 0.250720 0.644220 0.235320 0.644037 0.233608
2 0.677224 0.235320 0.674322 0.282392 0.674322 0.309784 0.678492 0.394944 0.681214 0.436456 0.681576 0.454008 0.673959 0.464704 0.663986 0.466416 0.661627 0.463424 0.657637 0.455720 0.652559 0.449296 0.648932 0.445016 0.647119 0.439024 0.647119 0.428752 0.647119 0.417200 0.649115 0.397088 0.651834 0.367560 0.654193 0.340592 0.657275 0.310640 0.660902 0.287952 0.665434 0.267840 0.669607 0.253288 0.673051 0.237888 0.674322 0.234464
0 0.570847 0.246400 0.564068 0.247200 0.560000 0.263200 0.558068 0.269680 0.555593 0.279200 0.551186 0.326400 0.549525 0.347040 0.548542 0.362800 0.546102 0.385600 0.547119 0.444800 0.548814 0.451200 0.556610 0.457600 0.569153 0.451200 0.573559 0.434400 0.573898 0.399200 0.574000 0.370640 0.574915 0.332800 0.576271 0.277600 0.575254 0.255200
0 0.544746 0.483200 0.525763 0.485600 0.522373 0.489600 0.521017 0.492800 0.520339 0.498400 0.520678 0.509600 0.522712 0.522400 0.524407 0.540800 0.529153 0.562400 0.533220 0.619200 0.535254 0.628000 0.537627 0.631200 0.538983 0.632000 0.542034 0.632000 0.544949 0.632480 0.548475 0.629600 0.549831 0.624000 0.549831 0.596000 0.550508 0.593600 0.550169 0.561600 0.551186 0.544800 0.550847 0.502400 0.549831 0.490400 0.547458 0.485600
5 0.727797 0.399200 0.727458 0.409600 0.729153 0.420000 0.731525 0.424000 0.736271 0.428000 0.745424 0.428000 0.751525 0.422400 0.755932 0.420800 0.757966 0.413600 0.757966 0.402400 0.756949 0.399200 0.755593 0.397600 0.744746 0.398400 0.740339 0.392000 0.737627 0.385600 0.735254 0.383200 0.731186 0.384000
5 0.722034 0.374400 0.717288 0.374400 0.714915 0.377600 0.710508 0.412000 0.708475 0.417600 0.705763 0.421600 0.700339 0.425600 0.696271 0.426400 0.692542 0.431200 0.691864 0.435200 0.691864 0.445600 0.694237 0.454400 0.696271 0.456000 0.701695 0.456000 0.703729 0.454400 0.716271 0.452800 0.722034 0.448000 0.727797 0.436000 0.730508 0.423200 0.728475 0.416000 0.727119 0.404800 0.723390 0.388800 0.723390 0.378400
5 0.747458 0.458400 0.745085 0.455200 0.734915 0.456800 0.725085 0.463200 0.720678 0.468800 0.718983 0.480800 0.720339 0.499200 0.724068 0.506400 0.726102 0.506400 0.730508 0.501600 0.731525 0.496800 0.731186 0.490400 0.734915 0.479200 0.737288 0.476800 0.744746 0.474400 0.747797 0.471200 0.748475 0.465600
5 0.604407 0.484800 0.601695 0.490400 0.601356 0.497600 0.602373 0.507200 0.605424 0.516800 0.606780 0.526400 0.613220 0.545600 0.612881 0.549600 0.617288 0.579200 0.620678 0.584000 0.623729 0.584000 0.625763 0.580000 0.626441 0.576000 0.626780 0.564000 0.632542 0.552000 0.635932 0.534400 0.636271 0.524800 0.633559 0.513600 0.631525 0.500000 0.626780 0.488000 0.621017 0.481600 0.613220 0.480000
2 0.609831 0.480000 0.602373 0.485600 0.600678 0.500000 0.609593 0.561840 0.614136 0.609600 0.618542 0.657120 0.621661 0.686640 0.625898 0.687280 0.630305 0.636800 0.632542 0.577280 0.635017 0.557760 0.636610 0.525600 0.631864 0.500000 0.626780 0.487200 0.618983 0.480000
1 0.573898 0.469600 0.569492 0.476800 0.566780 0.500800 0.567119 0.524000 0.570508 0.552800 0.571525 0.608000 0.572169 0.620880 0.572542 0.632000 0.573559 0.639200 0.575627 0.653680 0.580000 0.676800 0.584746 0.681600 0.589153 0.673600 0.593220 0.638400 0.592542 0.583200 0.597627 0.521600 0.597288 0.502400 0.592881 0.484800 0.581017 0.470400
2 0.362814 0.472880 0.355017 0.474640 0.352305 0.474160 0.347932 0.470720 0.344610 0.472240 0.339322 0.473920 0.332542 0.474000 0.328983 0.480240 0.327695 0.501440 0.330169 0.528800 0.329153 0.580800 0.332542 0.612800 0.333220 0.676800 0.336610 0.682400 0.342373 0.678400 0.350169 0.644800 0.354237 0.584000 0.364407 0.504000 0.366305 0.483360
