1 0.421138 0.468000 0.415320 0.468000 0.408533 0.476000 0.404331 0.486400 0.402392 0.495200 0.403038 0.502400 0.403038 0.529600 0.402069 0.567200 0.403038 0.580800 0.403038 0.607200 0.403685 0.611200 0.403361 0.639200 0.404977 0.648800 0.407240 0.698400 0.408533 0.704800 0.411118 0.708000 0.414027 0.708000 0.416290 0.705600 0.419522 0.696800 0.421461 0.683200 0.422754 0.661600 0.424693 0.655200 0.425986 0.643200 0.425016 0.638400 0.425339 0.630400 0.427602 0.620000 0.428571 0.597600 0.429541 0.592800 0.429541 0.572000 0.428895 0.568000 0.430187 0.558400 0.430187 0.536800 0.432127 0.520800 0.431480 0.507200 0.431803 0.496800 0.429218 0.480000 0.425016 0.471200
1 0.607304 0.158400 0.602456 0.161600 0.598901 0.185600 0.595023 0.193600 0.592437 0.212800 0.590142 0.219360 0.586942 0.231200 0.586942 0.240000 0.581965 0.278400 0.577569 0.290400 0.573045 0.325600 0.572010 0.332880 0.571105 0.340000 0.568746 0.348400 0.565546 0.362640 0.563930 0.390880 0.567001 0.411280 0.573594 0.425760 0.584034 0.432000 0.589334 0.434800 0.597285 0.424000 0.601810 0.410800 0.604654 0.390080 0.604977 0.375600 0.605010 0.360400 0.605139 0.356080 0.605591 0.341760 0.607434 0.322080 0.608209 0.286160 0.610052 0.261840 0.611538 0.246800 0.612476 0.232800 0.612153 0.217600 0.612799 0.200800 0.612476 0.192800 0.612799 0.186400 0.612799 0.176800
4 0.824008 0.550296 0.815524 0.520672 0.800507 0.512056 0.792673 0.519056 0.787670 0.535216 0.783533 0.549760 0.779182 0.562144 0.771564 0.588000 0.773090 0.612776 0.778529 0.631632 0.786797 0.640248 0.798765 0.652632 0.821180 0.656408 0.834237 0.667712 0.851862 0.653176 0.854257 0.644552 0.852734 0.635400 0.846422 0.631088 0.844680 0.630552 0.834890 0.626240 0.829884 0.624088 0.826403 0.617624 0.826403 0.614392 0.828578 0.610624 0.831842 0.612240 0.837718 0.620856 0.844463 0.625168 0.853604 0.627320 0.857085 0.626240 0.858607 0.617088 0.858827 0.598776 0.857085 0.589616 0.847292 0.577768 0.835976 0.559456
3 0.715530 0.486792 0.711616 0.477096 0.705087 0.473328 0.700297 0.469016 0.694858 0.468480 0.687243 0.468480 0.677886 0.465784 0.667440 0.464168 0.665918 0.466864 0.662217 0.472792 0.660911 0.477640 0.659389 0.479792 0.658083 0.490560 0.657647 0.501336 0.660259 0.514800 0.666787 0.542272 0.668746 0.562736 0.673749 0.603136 0.678103 0.642992 0.683979 0.669928 0.691823 0.692000 0.697673 0.712480 0.705753 0.721600 0.707046 0.704960 0.703129 0.675848 0.696816 0.633296 0.695511 0.612832 0.693988 0.598288 0.695294 0.592904 0.699644 0.600440 0.701603 0.609600 0.705087 0.626296 0.710963 0.648920 0.716839 0.665600 0.720524 0.679120 0.724467 0.686640 0.731189 0.695200 0.736639 0.697936 0.739467 0.689856 0.738381 0.680696 0.732708 0.651600 0.730543 0.639200 0.726846 0.612288 0.723788 0.599360 0.718358 0.580480 0.716613 0.557360 0.715320 0.535840 0.716387 0.518000 0.715966 0.492720
0 0.403361 0.208800 0.401422 0.216000 0.401422 0.249600 0.406270 0.347200 0.406917 0.402400 0.409825 0.431200 0.411442 0.436800 0.416613 0.442400 0.427602 0.444000 0.436328 0.440000 0.440207 0.432800 0.440530 0.422400 0.437621 0.385600 0.431480 0.348800 0.428571 0.298400 0.423723 0.273360 0.422107 0.263200 0.408533 0.217600
2 0.299935 0.238400 0.297027 0.247200 0.297996 0.264800 0.301228 0.305600 0.297350 0.447200 0.303167 0.461600 0.315449 0.464000 0.329024 0.444000 0.330640 0.428800 0.329994 0.412000 0.323853 0.352800 0.316096 0.283200 0.313187 0.263200 0.306399 0.240800
2 0.337104 0.230400 0.326761 0.240000 0.324176 0.247200 0.326115 0.275200 0.324499 0.302400 0.327731 0.327200 0.328701 0.347200 0.330317 0.448000 0.333549 0.459200 0.342922 0.464000 0.349709 0.460000 0.363607 0.438400 0.365869 0.424800 0.365223 0.392000 0.362314 0.361600 0.350356 0.287200 0.347447 0.248000 0.341306 0.231200
2 0.605420 0.348616 0.601037 0.363576 0.598769 0.384896 0.598164 0.402104 0.602398 0.418560 0.606781 0.424544 0.609952 0.426784 0.615242 0.432400 0.623704 0.436888 0.629599 0.443992 0.633830 0.442120 0.638513 0.433144 0.638966 0.421552 0.639421 0.412200 0.640175 0.392752 0.638061 0.367688 0.638061 0.347864 0.639874 0.316816 0.641535 0.291008 0.642744 0.268192 0.645766 0.237152 0.647127 0.210592 0.647279 0.194136 0.644105 0.186280 0.639270 0.186656 0.633830 0.192640 0.626726 0.206480 0.622495 0.222560 0.619926 0.240144 0.617961 0.262208 0.615090 0.292504 0.611616 0.315320 0.608442 0.331408
0 0.524564 0.464000 0.521655 0.467200 0.520039 0.471200 0.519392 0.476800 0.519392 0.498400 0.520685 0.512800 0.522948 0.526400 0.525856 0.560800 0.527473 0.605600 0.529412 0.612800 0.530705 0.623200 0.536199 0.639200 0.535876 0.642400 0.538138 0.645600 0.541047 0.654400 0.544602 0.653600 0.546218 0.651200 0.546218 0.646400 0.547188 0.642400 0.547835 0.600800 0.547188 0.576800 0.547511 0.544800 0.549451 0.520000 0.549127 0.509600 0.550097 0.500800 0.549774 0.479200 0.547511 0.469600 0.542663 0.464800 0.536522 0.463200
0 0.492243 0.450400 0.490627 0.454400 0.490627 0.467200 0.491597 0.471200 0.491597 0.482400 0.492889 0.497600 0.492566 0.502400 0.493213 0.511200 0.499354 0.552800 0.500970 0.589600 0.505818 0.611200 0.509050 0.616000 0.510989 0.616800 0.513898 0.613600 0.515514 0.608000 0.515514 0.596800 0.516484 0.593600 0.516160 0.544000 0.517453 0.518400 0.516807 0.510400 0.518100 0.461600 0.516807 0.454400 0.513575 0.449600 0.509696 0.447200
0 0.469942 0.464800 0.466063 0.468000 0.464447 0.476800 0.465740 0.508800 0.467033 0.517600 0.468649 0.548800 0.469619 0.605600 0.471235 0.620000 0.473820 0.623200 0.472527 0.627200 0.475113 0.631200 0.474790 0.635200 0.482224 0.640800 0.485133 0.636000 0.487072 0.621600 0.487395 0.552800 0.490627 0.500800 0.489981 0.476800 0.489011 0.470400 0.485779 0.464800 0.479638 0.463200 0.474790 0.467200
0 0.458953 0.468000 0.444732 0.468000 0.439884 0.469600 0.435682 0.476000 0.434389 0.480800 0.434389 0.498400 0.436652 0.520800 0.437621 0.542400 0.439884 0.560800 0.439884 0.572800 0.440853 0.580000 0.440853 0.603200 0.442469 0.634400 0.445378 0.649600 0.447641 0.652800 0.450549 0.651200 0.453458 0.638400 0.453782 0.632800 0.456367 0.620000 0.457337 0.600800 0.459599 0.588800 0.458630 0.567200 0.459922 0.549600 0.459922 0.534400 0.461215 0.521600 0.461862 0.488000 0.461215 0.472800 0.460569 0.469600
0 0.549451 0.207200 0.541370 0.208800 0.531997 0.232000 0.530381 0.326400 0.526180 0.363200 0.526180 0.417600 0.528765 0.428000 0.553652 0.429600 0.558824 0.424000 0.562379 0.410400 0.556238 0.221600
0 0.503232 0.208800 0.496122 0.216000 0.493245 0.232640 0.490950 0.252000 0.491273 0.284000 0.488365 0.332000 0.485133 0.352000 0.485133 0.432800 0.486425 0.440000 0.489657 0.442400 0.518100 0.437600 0.524564 0.426400 0.523917 0.372800 0.516807 0.283200 0.517356 0.253840 0.515966 0.241280 0.514221 0.224880 0.512928 0.216800
0 0.441176 0.214400 0.439237 0.223200 0.440530 0.236000 0.440207 0.296800 0.441500 0.325600 0.444085 0.342400 0.442146 0.390400 0.444409 0.432800 0.446994 0.442400 0.452489 0.445600 0.468649 0.447200 0.480608 0.442400 0.483516 0.436800 0.480931 0.377600 0.471881 0.318400 0.471235 0.299200 0.467970 0.284480 0.467356 0.279200 0.465449 0.268080 0.463801 0.256800 0.462056 0.242720 0.457111 0.222800 0.453135 0.216800
2 0.634454 0.467200 0.630575 0.475200 0.625404 0.480800 0.624434 0.484000 0.623465 0.513600 0.624758 0.525600 0.632515 0.552000 0.636716 0.576800 0.639625 0.584800 0.639948 0.592000 0.638979 0.596800 0.641564 0.620000 0.648998 0.650400 0.656109 0.668800 0.657401 0.674400 0.661280 0.679200 0.665482 0.681600 0.671622 0.680800 0.674208 0.675200 0.673239 0.666400 0.673562 0.657600 0.671946 0.643200 0.672269 0.637600 0.670976 0.630400 0.670330 0.619200 0.668390 0.614400 0.666128 0.592000 0.662573 0.576000 0.660957 0.556800 0.659987 0.553600 0.659341 0.545600 0.659987 0.532000 0.656755 0.496000 0.656755 0.480800 0.654816 0.474400 0.650937 0.470400 0.639625 0.466400
2 0.666451 0.216800 0.655688 0.255920 0.653975 0.266720 0.652553 0.274400 0.651034 0.282800 0.648998 0.291200 0.645766 0.311600 0.643633 0.322720 0.641888 0.340800 0.639948 0.373600 0.636716 0.386400 0.636716 0.404800 0.638655 0.412000 0.638979 0.424000 0.644473 0.432800 0.655139 0.440000 0.664189 0.440800 0.671946 0.432000 0.673174 0.346000 0.674531 0.279200 0.675436 0.263200 0.675339 0.248720 0.676568 0.228720 0.674499 0.218960 0.671299 0.212000
2 0.364900 0.483200 0.346154 0.482400 0.336781 0.489600 0.332256 0.500800 0.329994 0.522400 0.335488 0.540800 0.333872 0.654400 0.328054 0.696800 0.329670 0.711200 0.333549 0.712000 0.336458 0.705600 0.351325 0.624800 0.360375 0.541600 0.367809 0.507200 0.367809 0.490400
2 0.397544 0.484800 0.381707 0.481600 0.371364 0.484800 0.368455 0.489600 0.367485 0.526400 0.370071 0.563200 0.368164 0.647600 0.367162 0.658400 0.367162 0.697600 0.367421 0.709680 0.372204 0.699920 0.375889 0.685600 0.380737 0.669600 0.387847 0.620000 0.389205 0.608400 0.391047 0.586400 0.393697 0.568640 0.394635 0.542400 0.400129 0.512800 0.400452 0.493600
3 0.249741 0.487280 0.239079 0.477584 0.232117 0.488896 0.227111 0.507744 0.226677 0.523368 0.226458 0.546528 0.230375 0.564304 0.231897 0.586384 0.231897 0.609008 0.230375 0.634320 0.229289 0.655864 0.229289 0.684952 0.231464 0.695728 0.236467 0.697880 0.244955 0.688184 0.248003 0.657480 0.248872 0.637016 0.251484 0.620856 0.256054 0.621392 0.256054 0.633248 0.252789 0.649944 0.249961 0.669328 0.248872 0.682800 0.247783 0.698960 0.250831 0.703800 0.259751 0.688184 0.264974 0.670408 0.270197 0.637552 0.273462 0.597160 0.274551 0.566456 0.277379 0.542216 0.280860 0.520672 0.282165 0.502360 0.279337 0.482432 0.275856 0.478656 0.267805 0.477040 0.261277 0.478120 0.256270 0.479200
3 0.298319 0.472800 0.283319 0.476560 0.277227 0.488944 0.275921 0.501336 0.276574 0.518032 0.278533 0.541192 0.278966 0.564352 0.278096 0.584824 0.275921 0.608520 0.272657 0.632224 0.269829 0.658616 0.268956 0.671544 0.267650 0.693624 0.265475 0.713552 0.267217 0.716248 0.271568 0.715168 0.278096 0.709240 0.284189 0.688776 0.290281 0.668312 0.292893 0.644072 0.296377 0.614984 0.299641 0.597752 0.302033 0.600440 0.304428 0.613904 0.304208 0.634376 0.301816 0.661848 0.299858 0.683928 0.297899 0.702784 0.298552 0.715168 0.301816 0.716248 0.305297 0.709240 0.309867 0.694160 0.315960 0.675848 0.320530 0.642456 0.322052 0.597752 0.324011 0.569200 0.324664 0.551968 0.330756 0.520728 0.331409 0.492720 0.330963 0.483040 0.328378 0.477120 0.322043 0.469520 0.314654 0.469016 0.305947 0.474960
3 0.205197 0.255184 0.199321 0.289656 0.200627 0.334360 0.199974 0.375840 0.195187 0.414080 0.195187 0.443168 0.202586 0.456632 0.211073 0.456632 0.220866 0.463096 0.233487 0.463096 0.238491 0.455016 0.243933 0.435088 0.245456 0.417312 0.245892 0.390376 0.243714 0.376912 0.242628 0.353216 0.239796 0.331128 0.234577 0.305816 0.229787 0.286424 0.224347 0.270264 0.214337 0.257336 0.209767 0.250336
3 0.240013 0.235280 0.233924 0.244416 0.234793 0.279960 0.238491 0.326280 0.242191 0.349448 0.243714 0.369912 0.244803 0.393608 0.245672 0.409232 0.245456 0.421080 0.245672 0.431312 0.246761 0.441008 0.248720 0.447472 0.250895 0.453400 0.254596 0.458248 0.258513 0.460936 0.261994 0.464712 0.272004 0.465248 0.275921 0.462552 0.280491 0.458784 0.286147 0.458784 0.288326 0.456632 0.291154 0.446936 0.294418 0.436704 0.296593 0.429160 0.295504 0.411384 0.292676 0.394688 0.288979 0.363984 0.285931 0.339208 0.283972 0.317664 0.282014 0.304200 0.277010 0.285888 0.273310 0.265960 0.269609 0.247648 0.266345 0.238488 0.260252 0.229872 0.255249 0.226640 0.253290 0.229872 0.251548 0.242256 0.253070 0.262728 0.256988 0.281576 0.261994 0.297736 0.263516 0.310128 0.261558 0.317664 0.256771 0.305816 0.254376 0.289120 0.252418 0.275112 0.248504 0.254648 0.248504 0.247648 0.245239 0.239568
5 0.664835 0.474400 0.664189 0.480800 0.666451 0.487200 0.668067 0.502400 0.672269 0.513600 0.672592 0.517600 0.674208 0.521600 0.674208 0.525600 0.675178 0.529600 0.674855 0.532800 0.676794 0.541600 0.681965 0.556000 0.684551 0.559200 0.693601 0.556000 0.697156 0.561600 0.700711 0.564000 0.703943 0.563200 0.704913 0.558400 0.704913 0.548000 0.703943 0.539200 0.704913 0.526400 0.707175 0.522400 0.713963 0.516800 0.715902 0.511200 0.715579 0.494400 0.714609 0.486400 0.712993 0.481600 0.709438 0.478400 0.682288 0.470400 0.670006 0.470400
1 0.368132 0.216800 0.360375 0.223200 0.359405 0.229600 0.361021 0.324800 0.372657 0.439200 0.377182 0.452800 0.388494 0.461600 0.396251 0.452000 0.401745 0.432800 0.403361 0.416800 0.402392 0.392800 0.375566 0.224800 0.373303 0.217600
3 0.735103 0.221568 0.736671 0.282320 0.732230 0.315928 0.727007 0.341136 0.731710 0.390904 0.734059 0.416760 0.733536 0.430984 0.725443 0.442616 0.719958 0.458128 0.713167 0.456192 0.704289 0.449728 0.687056 0.447136 0.678177 0.438088 0.673998 0.434216 0.672954 0.423224 0.672434 0.393496 0.673736 0.372808 0.673998 0.357944 0.679483 0.339848 0.688623 0.321752 0.694105 0.290720 0.697240 0.271336 0.701419 0.250648 0.705333 0.230616 0.710036 0.216392 0.716823 0.207344 0.718652 0.215104 0.718652 0.232552 0.719696 0.252592 0.723352 0.260344 0.726225 0.239016 0.729357 0.225440 0.732230 0.218976
5 0.327085 0.479200 0.326115 0.475200 0.323206 0.472000 0.315449 0.472800 0.307369 0.478400 0.297996 0.476000 0.294764 0.479200 0.290239 0.488800 0.288946 0.500800 0.288946 0.510400 0.293471 0.521600 0.298643 0.528000 0.301875 0.529600 0.311571 0.528800 0.318358 0.519200 0.324176 0.503200 0.327085 0.484800
5 0.713639 0.306400 0.712023 0.306400 0.708791 0.316000 0.707175 0.325600 0.707175 0.332000 0.704266 0.340800 0.703943 0.344800 0.700065 0.348000 0.693601 0.362400 0.689722 0.365600 0.687460 0.360800 0.686813 0.356800 0.682288 0.352800 0.677763 0.353600 0.674531 0.358400 0.673885 0.361600 0.673885 0.370400 0.675178 0.376800 0.675178 0.385600 0.672915 0.403200 0.672915 0.421600 0.674855 0.429600 0.680995 0.438400 0.693924 0.445600 0.706206 0.445600 0.713639 0.448000 0.718164 0.442400 0.719457 0.434400 0.715579 0.417600 0.716871 0.376000 0.717518 0.373600 0.717518 0.356800 0.716871 0.349600 0.714932 0.345600 0.714932 0.340800 0.713963 0.338400 0.714932 0.310400
5 0.761474 0.479200 0.759535 0.474400 0.748869 0.470400 0.742081 0.470400 0.725275 0.477600 0.720427 0.482400 0.720427 0.495200 0.727537 0.507200 0.732062 0.510400 0.737557 0.511200 0.747576 0.507200 0.752101 0.497600 0.759858 0.493600 0.762443 0.487200
5 0.202650 0.446400 0.204590 0.452000 0.213316 0.456800 0.228184 0.459200 0.231092 0.455200 0.230123 0.431200 0.227860 0.424000 0.224628 0.421600 0.212993 0.420800 0.209438 0.423200 0.207822 0.426400 0.206529 0.436000
5 0.255656 0.424000 0.252747 0.429600 0.251778 0.434400 0.251778 0.443200 0.254686 0.451200 0.259858 0.452000 0.261474 0.446400 0.261151 0.434400 0.259211 0.427200
5 0.275695 0.416000 0.271816 0.416000 0.269231 0.420800 0.268261 0.432800 0.266322 0.440000 0.265676 0.446400 0.266645 0.452000 0.272786 0.452800 0.275695 0.451200 0.278927 0.446400 0.279250 0.441600 0.277957 0.434400 0.277634 0.422400
4 0.215902 0.532800 0.213316 0.528000 0.210407 0.526400 0.205559 0.526400 0.198772 0.532000 0.186490 0.550400 0.176471 0.562400 0.163542 0.573600 0.154493 0.588000 0.151584 0.600000 0.151907 0.608000 0.152877 0.611200 0.151907 0.644000 0.153200 0.650400 0.161280 0.659200 0.180349 0.662400 0.199418 0.661600 0.208145 0.664000 0.216548 0.664000 0.219457 0.662400 0.225598 0.655200 0.228507 0.644000 0.228184 0.618400 0.226891 0.612800 0.227214 0.604000 0.225598 0.596000 0.225921 0.591200 0.222689 0.580800 0.220750 0.564800 0.221396 0.560000 0.217518 0.548800 0.217518 0.543200
3 0.769499 0.473328 0.775155 0.510496 0.772327 0.561664 0.772763 0.600440 0.775591 0.625216 0.776028 0.645688 0.775375 0.668848 0.774069 0.680696 0.772544 0.681776 0.770152 0.682312 0.765362 0.668312 0.762754 0.658072 0.760359 0.635456 0.758617 0.611752 0.756225 0.595592 0.750566 0.586440 0.749260 0.594520 0.750566 0.614984 0.753830 0.630064 0.758400 0.651072 0.761228 0.666152 0.761881 0.697392 0.761012 0.699008 0.753830 0.689312 0.750349 0.683928 0.744257 0.662920 0.739250 0.628448 0.735333 0.605288 0.727935 0.567584 0.722059 0.540120 0.718578 0.521800 0.716403 0.506184 0.716836 0.486792 0.719447 0.471712 0.725540 0.462552 0.731635 0.462016 0.737511 0.463632 0.741645 0.465248 0.748174 0.459864 0.753830 0.457704 0.759489 0.456632 0.764276 0.460400 0.767757 0.469560
3 0.761739 0.204760 0.753381 0.183432 0.746332 0.203464 0.741370 0.229320 0.738759 0.262928 0.735624 0.300416 0.735103 0.332736 0.733536 0.380568 0.729880 0.427104 0.734842 0.442616 0.747114 0.453600 0.771661 0.438088 0.778972 0.425808 0.785763 0.393496 0.782107 0.379920 0.775317 0.351480 0.766700 0.286200 0.764612 0.239016
4 0.795423 0.164040 0.780016 0.194416 0.773749 0.228672 0.767482 0.281672 0.768788 0.324336 0.778972 0.372160 0.789156 0.387672 0.807696 0.374752 0.818403 0.366344 0.826758 0.348896 0.827282 0.324984 0.819447 0.284904 0.813704 0.259696 0.805869 0.222856 0.801952 0.184080
2 0.600840 0.463200 0.596315 0.470400 0.592437 0.488800 0.590821 0.492800 0.589528 0.501600 0.589851 0.513600 0.593083 0.526400 0.594699 0.540000 0.596962 0.550400 0.599224 0.575200 0.600840 0.581600 0.602133 0.607200 0.605042 0.612800 0.606012 0.629600 0.608920 0.643200 0.610213 0.656000 0.612799 0.670400 0.614738 0.676000 0.619263 0.682400 0.626697 0.688000 0.627990 0.684800 0.628313 0.672800 0.627343 0.669600 0.626697 0.657600 0.625404 0.653600 0.624434 0.635200 0.622818 0.620800 0.622818 0.609600 0.624111 0.592000 0.624434 0.556800 0.623788 0.532800 0.622818 0.528800 0.622495 0.518400 0.620879 0.507200 0.621526 0.480800 0.619586 0.473600 0.615708 0.468000 0.607628 0.462400
1 0.559793 0.464800 0.555591 0.469600 0.553975 0.476000 0.553329 0.505600 0.555268 0.536000 0.557854 0.549600 0.559793 0.575200 0.561409 0.584000 0.563995 0.620000 0.571752 0.662400 0.573691 0.669600 0.576600 0.675200 0.577569 0.684000 0.580155 0.694400 0.587266 0.706400 0.595346 0.705600 0.595669 0.704000 0.594053 0.700800 0.595346 0.695200 0.595346 0.688800 0.593730 0.684800 0.593407 0.663200 0.590175 0.624800 0.590175 0.609600 0.588235 0.568800 0.588558 0.556800 0.586619 0.537600 0.586942 0.504000 0.585973 0.488000 0.583710 0.477600 0.580478 0.469600 0.576923 0.465600 0.568843 0.461600 0.564318 0.461600
