0 0.536296 0.531538 0.530889 0.536923 0.531556 0.555154 0.541852 0.620000 0.549259 0.698462 0.554667 0.739308 0.559630 0.756923 0.563630 0.752462 0.568889 0.704615 0.569259 0.687692 0.567407 0.665385 0.565259 0.647154 0.561481 0.540000 0.556296 0.530769
0 0.730000 0.196154 0.725185 0.200000 0.720000 0.212308 0.718481 0.285692 0.718630 0.366846 0.716185 0.407077 0.720519 0.446462 0.729222 0.454308 0.746667 0.445231 0.764444 0.429692 0.778037 0.415231 0.775778 0.388923 0.762778 0.367308 0.757222 0.334923 0.753148 0.308923 0.741111 0.235385 0.740370 0.227692 0.737037 0.220769 0.737778 0.216154 0.732222 0.205385 0.732222 0.196923
0 0.745185 0.193077 0.742593 0.200000 0.742593 0.205385 0.741481 0.210769 0.741852 0.220000 0.743333 0.232308 0.748519 0.248462 0.751111 0.261538 0.751481 0.268462 0.753704 0.278462 0.753704 0.284615 0.759259 0.319231 0.767037 0.338462 0.771111 0.343077 0.780000 0.346154 0.785926 0.342308 0.794074 0.323846 0.805556 0.306154 0.811111 0.293846 0.812222 0.287692 0.811111 0.273077 0.806667 0.259231 0.802963 0.251538 0.794815 0.240769 0.784815 0.220769 0.784444 0.215385 0.780370 0.209231 0.775926 0.205385 0.779630 0.202308 0.779630 0.200000 0.776667 0.197692 0.754815 0.200769 0.750741 0.199231 0.748889 0.192308
0 0.829630 0.431538 0.817407 0.442308 0.810741 0.455385 0.803704 0.462308 0.797037 0.466154 0.795185 0.470769 0.793333 0.481538 0.794074 0.498462 0.796296 0.502308 0.797407 0.510000 0.804074 0.529231 0.814074 0.549231 0.820741 0.569231 0.825185 0.579231 0.832963 0.592308 0.837778 0.596923 0.843333 0.600000 0.848148 0.600000 0.850000 0.598462 0.853333 0.590769 0.852593 0.563846 0.853704 0.556154 0.854074 0.538462 0.851481 0.519231 0.851481 0.513846 0.848519 0.496154 0.847407 0.455385 0.843704 0.440769 0.841852 0.436923 0.834444 0.430769
0 0.730000 0.487692 0.729259 0.496923 0.732963 0.517692 0.746667 0.547692 0.760000 0.596154 0.791519 0.657692 0.810778 0.676615 0.815074 0.673615 0.812963 0.664385 0.798222 0.636385 0.791704 0.618231 0.789259 0.606154 0.787185 0.597385 0.782926 0.589538 0.781370 0.582538 0.781111 0.572308 0.783704 0.568462 0.792926 0.588769 0.797037 0.600769 0.810000 0.630000 0.813704 0.643077 0.822593 0.653846 0.827407 0.650769 0.828519 0.640769 0.826667 0.623077 0.816667 0.580769 0.805185 0.549231 0.793333 0.506154 0.788519 0.466923 0.783333 0.450769 0.780000 0.446923 0.768148 0.450769 0.750741 0.469231 0.735556 0.477692
0 0.670444 0.491385 0.667000 0.502846 0.666926 0.513154 0.668556 0.524538 0.670926 0.536923 0.674407 0.546923 0.677111 0.556846 0.678889 0.566077 0.682222 0.582308 0.683704 0.598462 0.688148 0.633846 0.688519 0.646154 0.694815 0.679231 0.702593 0.700000 0.703704 0.705385 0.712593 0.722308 0.720000 0.730000 0.724815 0.729231 0.727778 0.724615 0.727778 0.719231 0.726296 0.712308 0.723333 0.706154 0.721111 0.697692 0.716296 0.689231 0.715185 0.680769 0.713333 0.675385 0.711852 0.662308 0.710370 0.657692 0.710741 0.653846 0.707778 0.643077 0.706667 0.630000 0.707778 0.615308 0.708519 0.606923 0.709630 0.604615 0.710741 0.609231 0.712963 0.614615 0.717037 0.623077 0.725556 0.654615 0.727778 0.666154 0.732963 0.675385 0.735556 0.693077 0.743333 0.706923 0.748519 0.708462 0.750000 0.705385 0.750000 0.693077 0.748519 0.680769 0.745926 0.674615 0.747407 0.668462 0.745185 0.659231 0.744815 0.649231 0.743333 0.643077 0.743333 0.635385 0.741111 0.619231 0.739259 0.612308 0.736667 0.587692 0.736444 0.580077 0.734444 0.573846 0.733444 0.548923 0.731741 0.514000 0.729111 0.488385 0.720963 0.484231 0.715370 0.481308 0.707926 0.478000 0.689593 0.491846 0.675704 0.484077
0 0.645185 0.514615 0.642222 0.516923 0.633333 0.530000 0.632593 0.532308 0.633333 0.550769 0.639259 0.572308 0.643704 0.593077 0.644444 0.604615 0.647778 0.625385 0.649259 0.639231 0.653704 0.659231 0.655926 0.670000 0.656296 0.676923 0.659259 0.689231 0.664815 0.726154 0.671481 0.753077 0.673333 0.764615 0.674815 0.766923 0.677407 0.767692 0.681481 0.745385 0.679630 0.668462 0.676296 0.642308 0.673704 0.630769 0.672222 0.616154 0.672222 0.604615 0.669259 0.571538 0.668889 0.538462 0.667778 0.525385 0.666667 0.520769 0.662963 0.515385
0 0.610370 0.525385 0.603333 0.532308 0.600000 0.541538 0.600000 0.559231 0.602222 0.573077 0.608519 0.597692 0.609630 0.607692 0.609630 0.620000 0.614444 0.663077 0.620741 0.700000 0.623704 0.707692 0.625926 0.727692 0.628889 0.740769 0.633704 0.753846 0.638519 0.762308 0.642222 0.762308 0.643704 0.754615 0.644444 0.742308 0.640741 0.713846 0.639630 0.685385 0.638148 0.676923 0.635556 0.646923 0.634815 0.618462 0.631852 0.584615 0.632222 0.561538 0.631481 0.544615 0.630000 0.536154 0.627778 0.531538 0.618148 0.525385
0 0.572963 0.517692 0.567778 0.520769 0.564074 0.527692 0.562593 0.540000 0.563333 0.555385 0.571111 0.611538 0.571111 0.638462 0.573704 0.667692 0.580370 0.723846 0.583333 0.753077 0.586296 0.784615 0.592593 0.800000 0.597037 0.803846 0.601852 0.799231 0.603333 0.783077 0.602593 0.768462 0.602593 0.754615 0.602593 0.715385 0.596296 0.538462 0.592963 0.525385 0.588889 0.520769
0 0.775926 0.398462 0.773333 0.386154 0.771481 0.382308 0.764815 0.376154 0.759630 0.375385 0.743333 0.376923 0.735926 0.380000 0.732222 0.383846 0.725556 0.385385 0.715926 0.384615 0.712222 0.388462 0.710000 0.400769 0.708148 0.404615 0.695185 0.403846 0.678519 0.409231 0.670741 0.413846 0.661111 0.415385 0.656296 0.417692 0.645556 0.428462 0.642963 0.428462 0.638519 0.418462 0.634074 0.417692 0.631111 0.420000 0.624444 0.420000 0.618889 0.416154 0.615185 0.411538 0.608519 0.408462 0.602222 0.408462 0.598889 0.410769 0.595556 0.416923 0.594444 0.430000 0.594815 0.440769 0.597407 0.460000 0.602593 0.475385 0.606296 0.480769 0.612963 0.484615 0.627778 0.483846 0.631111 0.482308 0.634074 0.477692 0.638519 0.475385 0.643333 0.468462 0.651111 0.463846 0.666667 0.460000 0.681481 0.448462 0.694074 0.446154 0.705926 0.439231 0.712222 0.437692 0.734815 0.437692 0.751481 0.434615 0.764074 0.427692 0.773704 0.419231 0.775926 0.410769
0 0.305926 0.369231 0.302222 0.373846 0.299630 0.381538 0.298519 0.391538 0.299259 0.400769 0.298889 0.411538 0.297037 0.415385 0.296296 0.420769 0.288889 0.436154 0.287037 0.446154 0.287778 0.453846 0.291852 0.460769 0.302593 0.467692 0.316296 0.473846 0.322963 0.473077 0.331481 0.466154 0.335556 0.459231 0.338519 0.447692 0.338889 0.442308 0.338519 0.430769 0.337407 0.426923 0.335556 0.403077 0.328889 0.392308 0.325926 0.380769 0.322963 0.374615 0.318519 0.370000 0.311481 0.368462
2 0.224626 0.201623 0.250948 0.228954 0.261100 0.257069 0.262226 0.279715 0.260348 0.297685 0.246059 0.302369 0.229889 0.313300 0.225000 0.312523 0.216730 0.294554 0.212967 0.278938 0.208456 0.257854 0.208833 0.218800 0.212593 0.208646 0.221241 0.222708 0.223122 0.218023
2 0.278407 0.221923 0.288548 0.236762 0.289300 0.256292 0.290804 0.280500 0.289678 0.312523 0.284037 0.332823 0.280652 0.356254 0.279526 0.385154 0.279900 0.410138 0.279900 0.428885 0.273507 0.439815 0.267115 0.446846 0.255833 0.444508 0.243804 0.436692 0.236659 0.435915 0.225752 0.421854 0.225000 0.397646 0.233274 0.359377 0.240793 0.330485 0.242296 0.302369 0.241544 0.274254 0.243804 0.253946 0.256585 0.239108 0.262978 0.255508 0.262226 0.292215 0.263356 0.295338 0.268619 0.289869 0.271252 0.263315 0.271252 0.237546
2 0.336296 0.238308 0.338559 0.317208 0.337433 0.376562 0.335930 0.407015 0.337807 0.423415 0.340063 0.456223 0.331415 0.467931 0.320511 0.474962 0.312993 0.473400 0.302463 0.469492 0.284037 0.467931 0.281404 0.454654 0.279148 0.424977 0.283285 0.395300 0.293437 0.369531 0.293815 0.342200 0.289300 0.305492 0.290052 0.273469 0.293815 0.246915 0.300581 0.234423 0.306600 0.241454 0.309607 0.285185 0.309981 0.310177 0.311111 0.322669 0.316752 0.320331 0.319007 0.310177 0.322015 0.282846 0.322393 0.259415 0.326152 0.240669 0.331793 0.229738 0.334426 0.227392
2 0.353600 0.223492 0.372026 0.278938 0.375789 0.303146 0.373156 0.342200 0.370900 0.375000 0.370148 0.416392 0.370900 0.448408 0.370900 0.463246 0.368267 0.474962 0.358867 0.485900 0.352474 0.489800 0.340441 0.481992 0.333674 0.471062 0.333296 0.449969 0.340063 0.421077 0.342322 0.381246 0.344578 0.343762 0.351722 0.310177 0.350970 0.281277 0.349089 0.248477 0.349089 0.235200 0.350219 0.225054
2 0.385563 0.210992 0.397974 0.303931 0.401741 0.364077 0.409630 0.406238 0.414141 0.432792 0.416396 0.463246 0.413015 0.478085 0.406622 0.479646 0.400230 0.485900 0.390452 0.504638 0.383307 0.502300 0.374281 0.494485 0.370522 0.478085 0.372026 0.433569 0.374281 0.386715 0.379170 0.336731 0.381426 0.303146 0.381804 0.257069 0.382178 0.239892 0.381052 0.224269 0.382178 0.213338
2 0.414519 0.196938 0.421285 0.242231 0.424296 0.300023 0.431063 0.390615 0.433696 0.435915 0.434070 0.470277 0.430685 0.489023 0.424670 0.495269 0.417526 0.499954 0.404741 0.493708 0.398726 0.478869 0.403237 0.396862 0.403615 0.349223 0.404741 0.305492 0.405870 0.271908 0.406622 0.246915 0.408126 0.222708 0.409252 0.203962 0.409630 0.197715
2 0.450993 0.250038 0.458889 0.285969 0.463400 0.320331 0.463400 0.354692 0.463778 0.401554 0.466033 0.449192 0.466033 0.474185 0.465656 0.491362 0.459641 0.495269 0.450615 0.496831 0.439711 0.486677 0.434448 0.472623 0.434070 0.432008 0.436326 0.392177 0.438959 0.353131 0.441967 0.321892 0.443470 0.300808 0.444222 0.279715 0.446856 0.257854
2 0.496115 0.282846 0.504389 0.312523 0.504763 0.344538 0.506267 0.369531 0.506267 0.396085 0.505141 0.423415 0.507396 0.453877 0.510030 0.481992 0.509278 0.496046 0.505515 0.503077 0.501381 0.504638 0.493481 0.506200 0.479944 0.505423 0.470170 0.495269 0.468289 0.480431 0.466411 0.449192 0.466785 0.410138 0.469041 0.378123 0.469041 0.350008 0.468667 0.333608 0.471674 0.317985 0.479944 0.302369 0.490474 0.285185
2 0.539733 0.289869 0.532967 0.279715 0.524319 0.275031 0.514541 0.283623 0.508900 0.307831 0.506644 0.337508 0.506644 0.381246 0.506644 0.412485 0.506644 0.434354 0.505893 0.461685 0.505893 0.481992 0.510030 0.497608 0.516422 0.507762 0.525444 0.506985 0.534844 0.500738 0.537856 0.493708 0.539733 0.469492 0.541237 0.435131 0.542741 0.388277 0.543119 0.355477 0.543119 0.324231
2 0.563422 0.276592 0.573578 0.342200 0.572826 0.416392 0.571322 0.474962 0.566056 0.494485 0.555904 0.500738 0.548759 0.497608 0.541615 0.487462 0.538607 0.458562 0.539733 0.424200 0.543119 0.385154 0.544622 0.361723 0.547630 0.333608 0.548381 0.312523 0.551015 0.296123 0.556278 0.278938 0.557033 0.276592 0.558537 0.271908
2 0.594670 0.210769 0.605952 0.271946 0.606578 0.340931 0.606893 0.468492 0.603759 0.489323 0.594359 0.503638 0.580259 0.497777 0.570856 0.443115 0.571796 0.402762 0.574619 0.353300 0.575556 0.309692 0.579004 0.275854 0.583393 0.240708 0.587152 0.223138 0.589030 0.213377 0.589659 0.211423 0.591537 0.210769
2 0.221281 0.432092 0.207500 0.426069 0.195170 0.426823 0.189367 0.421923 0.181933 0.421923 0.174315 0.429454 0.169419 0.442262 0.168874 0.452808 0.170326 0.467869 0.171778 0.481054 0.171415 0.500638 0.170144 0.520600 0.167967 0.539431 0.165611 0.561654 0.161804 0.587262 0.160896 0.601954 0.161441 0.612877 0.164522 0.620031 0.167426 0.622669 0.170870 0.622292 0.176674 0.611369 0.181207 0.597054 0.183019 0.580108 0.184289 0.566169 0.189185 0.552615 0.192085 0.549223 0.192448 0.557885 0.189185 0.574085 0.185559 0.589523 0.182837 0.603462 0.179937 0.613631 0.177759 0.621538 0.177219 0.624546 0.182656 0.622292 0.195715 0.611746 0.198615 0.605338 0.203511 0.591031 0.208589 0.574462 0.211489 0.556000 0.214937 0.534538 0.219470 0.501392 0.221644 0.488962 0.224726 0.475408 0.226722 0.466738 0.227811 0.454315 0.226904 0.448662 0.224726 0.440000
0 0.286296 0.488462 0.282593 0.485385 0.278519 0.478462 0.258889 0.468462 0.248519 0.460000 0.237407 0.458462 0.234444 0.461538 0.229630 0.471538 0.227037 0.480769 0.224815 0.498462 0.223704 0.517692 0.220000 0.533846 0.217037 0.556923 0.214815 0.566154 0.204074 0.594615 0.201481 0.606154 0.201481 0.611538 0.197407 0.623846 0.189259 0.657692 0.188519 0.670769 0.190000 0.676923 0.192963 0.680769 0.194815 0.680769 0.201111 0.674615 0.206296 0.660000 0.209630 0.655385 0.210000 0.650769 0.212963 0.639231 0.217037 0.630769 0.218889 0.616923 0.221852 0.610769 0.225185 0.607692 0.228148 0.600769 0.233704 0.596154 0.235185 0.598462 0.235556 0.605385 0.232222 0.621538 0.228519 0.626923 0.228148 0.630769 0.225556 0.635385 0.225556 0.637692 0.220000 0.649231 0.217407 0.662308 0.212222 0.672308 0.211481 0.677692 0.208148 0.688462 0.208148 0.696923 0.211852 0.700769 0.216667 0.700769 0.227778 0.685385 0.241111 0.657692 0.252222 0.629231 0.256296 0.621538 0.271481 0.565385 0.272593 0.556923 0.278889 0.542308 0.281111 0.533077 0.287778 0.514615 0.289259 0.506154 0.289259 0.498462 0.288148 0.492308
0 0.341481 0.512308 0.332222 0.509231 0.318148 0.508462 0.308148 0.501538 0.295556 0.503846 0.290370 0.512308 0.284815 0.534615 0.284074 0.566923 0.281481 0.579231 0.280370 0.592308 0.277778 0.606923 0.277778 0.613077 0.274815 0.626154 0.273333 0.640000 0.268519 0.664615 0.266296 0.680769 0.264815 0.706154 0.261852 0.721538 0.261852 0.730769 0.262963 0.733846 0.266296 0.736154 0.269630 0.735385 0.271852 0.733077 0.277778 0.721538 0.278519 0.716923 0.280370 0.713846 0.283333 0.703077 0.285185 0.691538 0.288148 0.686154 0.293704 0.656154 0.300741 0.629231 0.306296 0.617692 0.309630 0.618462 0.311481 0.623077 0.311111 0.653846 0.302963 0.689231 0.296667 0.711538 0.292593 0.732308 0.290741 0.736923 0.290000 0.747692 0.294074 0.754615 0.298148 0.753077 0.302593 0.748462 0.311852 0.726923 0.314074 0.716923 0.320370 0.702308 0.327407 0.680000 0.329259 0.665385 0.332222 0.654615 0.335185 0.638462 0.336667 0.617692 0.336667 0.587692 0.337407 0.581538 0.343704 0.558462 0.348148 0.531538 0.348148 0.526923 0.346296 0.518462
0 0.370741 0.520769 0.354444 0.526154 0.350370 0.533077 0.348889 0.540769 0.341852 0.647692 0.338889 0.667692 0.337667 0.677692 0.337037 0.687692 0.333704 0.746154 0.335185 0.750769 0.344074 0.749231 0.358519 0.702308 0.361630 0.687846 0.364815 0.667692 0.372593 0.621538 0.376667 0.581538 0.384074 0.553077 0.384444 0.539231 0.382963 0.534615
0 0.408889 0.530000 0.399259 0.528462 0.393333 0.531538 0.389630 0.535385 0.386667 0.543077 0.384815 0.571538 0.386296 0.598462 0.384815 0.605385 0.383333 0.626154 0.383333 0.653077 0.381852 0.668462 0.382222 0.682308 0.380370 0.690000 0.379630 0.698462 0.380741 0.709231 0.379259 0.718462 0.378519 0.735385 0.379259 0.746923 0.381111 0.753077 0.384444 0.753077 0.388889 0.749231 0.393333 0.729231 0.398148 0.716154 0.402963 0.683077 0.405926 0.670769 0.407037 0.653846 0.410000 0.634615 0.412222 0.602308 0.414074 0.593077 0.414815 0.583846 0.420000 0.559231 0.420370 0.548462 0.418889 0.541538 0.416296 0.536154
0 0.463333 0.538462 0.451111 0.549231 0.447407 0.556923 0.448519 0.583846 0.455926 0.626923 0.458148 0.663846 0.461111 0.683846 0.462222 0.716923 0.465556 0.728462 0.467037 0.746923 0.467037 0.768462 0.471111 0.776923 0.478148 0.777692 0.479963 0.770077 0.480741 0.763846 0.480778 0.754231 0.480370 0.747692 0.482222 0.704615 0.478519 0.560000 0.475185 0.543077
0 0.444444 0.524615 0.435926 0.524615 0.427778 0.535385 0.416667 0.608462 0.412963 0.693077 0.412593 0.704615 0.414444 0.748462 0.418889 0.761538 0.419630 0.768462 0.422963 0.771538 0.428889 0.768462 0.436296 0.752308 0.438148 0.744615 0.442593 0.721538 0.450000 0.632308 0.451148 0.616231 0.456741 0.566231 0.455481 0.539769 0.451852 0.533077
0 0.485926 0.536154 0.480000 0.540000 0.477778 0.546154 0.480741 0.560769 0.485556 0.663846 0.489259 0.683846 0.488519 0.697692 0.489926 0.710000 0.490185 0.717231 0.489630 0.720769 0.491296 0.744385 0.491111 0.753077 0.494815 0.770000 0.501852 0.772308 0.504444 0.767692 0.504074 0.760000 0.505926 0.753077 0.504889 0.744615 0.505926 0.736154 0.507037 0.706923 0.505926 0.555385 0.507407 0.543846 0.501852 0.536154
0 0.512667 0.534846 0.507889 0.551538 0.508259 0.582231 0.511037 0.613923 0.514444 0.638462 0.516481 0.653846 0.517037 0.666154 0.517259 0.674462 0.518815 0.683538 0.519630 0.691538 0.520741 0.702308 0.521741 0.714769 0.523704 0.728462 0.528519 0.747692 0.534074 0.750769 0.537037 0.746154 0.538148 0.737692 0.538889 0.677692 0.532593 0.606154 0.532222 0.567692 0.528889 0.544615 0.525963 0.537769
