1 0.571575 0.483846 0.567123 0.491538 0.565411 0.499231 0.564384 0.507692 0.563699 0.526923 0.564726 0.533846 0.564726 0.540769 0.566438 0.553077 0.569178 0.564615 0.569863 0.575385 0.572260 0.588462 0.573288 0.606923 0.575000 0.611538 0.578767 0.646154 0.583562 0.670000 0.590753 0.690769 0.596233 0.699231 0.603082 0.698462 0.607192 0.689231 0.607877 0.679231 0.607534 0.637692 0.605822 0.610000 0.604110 0.595385 0.603082 0.592308 0.600685 0.563846 0.597603 0.544615 0.597260 0.535385 0.594521 0.517692 0.594521 0.513077 0.592466 0.503846 0.585274 0.488462 0.578425 0.483077
2 0.635274 0.502308 0.633562 0.507692 0.634247 0.528462 0.636301 0.544615 0.640068 0.563077 0.641781 0.590000 0.643151 0.596154 0.646233 0.632308 0.651027 0.650769 0.655137 0.662308 0.657534 0.674615 0.662329 0.688462 0.666096 0.694615 0.669178 0.693077 0.670548 0.690769 0.670890 0.670769 0.667808 0.623077 0.667466 0.544615 0.664726 0.525385 0.663699 0.509231 0.662671 0.506154 0.659932 0.503077 0.651027 0.499231 0.642123 0.499231
2 0.404452 0.496154 0.390753 0.502308 0.386644 0.510000 0.383219 0.524615 0.381849 0.584615 0.380479 0.604615 0.380479 0.622308 0.378425 0.654615 0.377397 0.657692 0.377055 0.674615 0.379452 0.676923 0.382877 0.676923 0.387671 0.670769 0.398630 0.639231 0.406164 0.600000 0.407534 0.586923 0.418151 0.540769 0.418493 0.529231 0.417808 0.523846 0.409247 0.500769
5 0.760616 0.466154 0.753425 0.467692 0.748288 0.472308 0.743836 0.472308 0.735274 0.477692 0.727055 0.486154 0.723973 0.492308 0.723288 0.497692 0.724315 0.507692 0.727055 0.516154 0.732534 0.523846 0.740411 0.526923 0.743151 0.533846 0.750000 0.560000 0.752397 0.562308 0.756164 0.561538 0.759589 0.557692 0.769863 0.553077 0.773288 0.547692 0.774315 0.541538 0.774658 0.523846 0.772603 0.501538 0.769521 0.491538 0.769178 0.486154 0.766781 0.481538 0.765068 0.470769
5 0.624315 0.392308 0.620548 0.401538 0.618493 0.414615 0.619521 0.423846 0.622260 0.435385 0.626712 0.440769 0.636644 0.444615 0.642123 0.450769 0.647603 0.450769 0.648973 0.446154 0.651712 0.420769 0.651712 0.414615 0.649315 0.403846 0.643493 0.393846 0.636986 0.387692 0.630822 0.386154 0.627397 0.387692
5 0.525342 0.375385 0.519521 0.383077 0.516096 0.393077 0.515411 0.400000 0.512671 0.412308 0.513356 0.436154 0.519863 0.456154 0.527740 0.464615 0.536644 0.466154 0.546575 0.460000 0.549658 0.451538 0.553767 0.430000 0.555479 0.410000 0.555137 0.402308 0.550000 0.390769 0.540068 0.376923 0.533904 0.373077
5 0.486644 0.338462 0.485616 0.345385 0.486301 0.376923 0.484247 0.384615 0.480822 0.387692 0.474315 0.403077 0.473973 0.412308 0.477740 0.436923 0.480479 0.446923 0.484932 0.456154 0.491781 0.460769 0.497603 0.461538 0.502055 0.460000 0.507192 0.453846 0.511986 0.441538 0.513356 0.435385 0.512671 0.413077 0.508562 0.394615 0.506164 0.387692 0.494863 0.376923 0.494863 0.373077 0.493836 0.369231 0.494178 0.364615 0.492123 0.356923 0.490753 0.340769 0.489726 0.337692
5 0.316952 0.500385 0.322705 0.512846 0.326370 0.526923 0.330479 0.527692 0.336986 0.521538 0.349041 0.507462 0.350753 0.512538 0.341096 0.529231 0.339384 0.532308 0.340411 0.540000 0.344178 0.547692 0.347260 0.550000 0.353082 0.550000 0.355137 0.547692 0.358562 0.540000 0.360959 0.526154 0.361301 0.517692 0.357192 0.502308 0.351370 0.499231 0.344863 0.493077 0.336301 0.492308 0.332192 0.493846 0.327055 0.499231
5 0.235959 0.360769 0.231164 0.369231 0.229795 0.376154 0.229795 0.382308 0.231507 0.390000 0.235959 0.398462 0.239726 0.403077 0.242123 0.403077 0.243493 0.401538 0.247260 0.388462 0.248288 0.381538 0.248288 0.372308 0.245205 0.365385 0.241096 0.360769
5 0.253425 0.359231 0.250342 0.369231 0.248630 0.381538 0.246233 0.388462 0.244521 0.403846 0.248973 0.407692 0.263699 0.410769 0.266438 0.406154 0.267466 0.394615 0.267466 0.387692 0.265411 0.377692 0.265068 0.365385 0.264041 0.362308 0.260616 0.359231
3 0.763014 0.453846 0.749658 0.470000 0.739384 0.473846 0.726712 0.485385 0.723288 0.493077 0.723288 0.503077 0.725000 0.513846 0.730342 0.531692 0.733904 0.542308 0.743493 0.587692 0.751712 0.616154 0.764726 0.642308 0.769897 0.651615 0.775479 0.660308 0.778082 0.653923 0.777911 0.645692 0.777226 0.641385 0.774966 0.632846 0.773253 0.620538 0.768767 0.604231 0.765822 0.591615 0.767226 0.581846 0.771918 0.581385 0.780822 0.600769 0.783904 0.606923 0.789384 0.621923 0.794178 0.634615 0.798288 0.635385 0.799658 0.624615 0.795548 0.580769 0.787329 0.546154 0.781507 0.529231 0.775342 0.475385 0.771233 0.459231
5 0.293151 0.481538 0.279110 0.470000 0.270890 0.469231 0.267123 0.486154 0.267123 0.494615 0.268151 0.498462 0.261986 0.513077 0.262329 0.531538 0.265068 0.540769 0.267466 0.545385 0.272260 0.546154 0.282877 0.529231 0.284247 0.521538 0.284247 0.516923 0.281849 0.509231 0.287329 0.503077 0.293836 0.486154
2 0.611301 0.496154 0.601712 0.514615 0.599658 0.521538 0.599315 0.530769 0.602397 0.552308 0.608904 0.576154 0.609932 0.588462 0.611986 0.598462 0.615068 0.631538 0.619521 0.653846 0.622945 0.666154 0.627740 0.678462 0.630137 0.682308 0.634589 0.683077 0.635616 0.681538 0.636644 0.675385 0.636986 0.656923 0.636301 0.654615 0.636644 0.650000 0.635616 0.639231 0.635616 0.617692 0.634247 0.600769 0.634247 0.585385 0.632877 0.569231 0.633219 0.546154 0.632534 0.520769 0.630479 0.510769 0.627055 0.502308 0.616096 0.495385
2 0.634390 0.224354 0.624990 0.263069 0.620027 0.284769 0.618459 0.318785 0.619503 0.353977 0.619767 0.385062 0.618199 0.414392 0.620548 0.440200 0.626295 0.450754 0.634911 0.452515 0.641438 0.460138 0.651884 0.461900 0.657630 0.460138 0.660500 0.444308 0.662589 0.429638 0.660500 0.412631 0.655017 0.393862 0.648490 0.353392 0.647969 0.318785 0.645616 0.290631 0.642747 0.265415 0.639089 0.239015
2 0.391267 0.234231 0.383973 0.274846 0.381120 0.299023 0.376418 0.323654 0.373284 0.355331 0.371195 0.377615 0.369106 0.402838 0.367281 0.420431 0.365192 0.436269 0.365973 0.451523 0.372764 0.463838 0.376942 0.464423 0.383729 0.448585 0.388432 0.445654 0.393914 0.445069 0.400182 0.430992 0.403839 0.421023 0.405404 0.407531 0.404360 0.372923 0.403315 0.325415 0.401750 0.294331 0.400705 0.265000 0.394760 0.230692
2 0.368325 0.241538 0.360229 0.251508 0.355267 0.280838 0.353178 0.313685 0.349000 0.350638 0.343517 0.379962 0.339863 0.412223 0.339599 0.428062 0.343257 0.445069 0.351353 0.453277 0.356572 0.453869 0.365192 0.445654 0.373284 0.432754 0.377462 0.419262 0.376418 0.384069 0.375113 0.353569 0.374068 0.314854 0.372503 0.281423 0.370935 0.246815
0 0.521747 0.509308 0.513904 0.509000 0.506370 0.509923 0.507877 0.550000 0.512534 0.586077 0.519418 0.625077 0.520890 0.634615 0.529452 0.640000 0.533219 0.630769 0.533904 0.616154 0.532192 0.546154 0.530068 0.508846
3 0.360274 0.493077 0.357534 0.489231 0.354110 0.487692 0.343151 0.491538 0.332534 0.492308 0.322945 0.484615 0.305479 0.485385 0.303767 0.488462 0.300000 0.519231 0.299658 0.544615 0.298288 0.560769 0.296233 0.572308 0.292466 0.607692 0.291438 0.610769 0.291438 0.614615 0.290068 0.617692 0.284932 0.665385 0.284589 0.675385 0.286644 0.685385 0.291781 0.685385 0.296575 0.677692 0.301027 0.656923 0.304110 0.646923 0.306164 0.635385 0.318493 0.600000 0.320205 0.602308 0.320890 0.606923 0.318836 0.630000 0.316438 0.646154 0.312671 0.657692 0.312329 0.662308 0.308562 0.676154 0.305137 0.682308 0.304452 0.692308 0.305822 0.695385 0.309247 0.696923 0.313356 0.694615 0.319178 0.687692 0.328082 0.669231 0.335616 0.647692 0.341438 0.623846 0.344863 0.597692 0.352055 0.567692 0.353082 0.560000 0.360959 0.530769 0.362329 0.516923 0.361986 0.498462
3 0.299315 0.486154 0.291096 0.477692 0.286301 0.476923 0.280822 0.470769 0.275000 0.468462 0.266781 0.458462 0.258904 0.457692 0.255137 0.462308 0.251370 0.471538 0.244178 0.501538 0.239041 0.534615 0.230137 0.556923 0.226027 0.572308 0.221233 0.602308 0.220890 0.613077 0.221918 0.624615 0.223973 0.628462 0.226027 0.626923 0.232534 0.615385 0.233904 0.608462 0.243493 0.586923 0.251027 0.575385 0.255479 0.573846 0.256507 0.576154 0.255479 0.579231 0.256164 0.583846 0.251712 0.599231 0.249658 0.603077 0.248630 0.614615 0.243493 0.626923 0.242808 0.636154 0.244521 0.640769 0.250000 0.646154 0.252740 0.646154 0.255822 0.643077 0.261644 0.627692 0.264384 0.623846 0.271575 0.606923 0.282877 0.566154 0.296575 0.530000 0.300342 0.502308
1 0.442466 0.496154 0.431507 0.499231 0.422945 0.521538 0.415753 0.566923 0.410616 0.626923 0.412329 0.685385 0.410274 0.697692 0.414041 0.703077 0.420205 0.703846 0.432192 0.690000 0.433904 0.678462 0.441438 0.654615 0.448630 0.626923 0.453082 0.578462 0.453425 0.542308 0.445548 0.500769
3 0.244548 0.233915 0.248990 0.238023 0.253688 0.252100 0.255257 0.272038 0.256562 0.282600 0.257346 0.286115 0.258390 0.284946 0.259435 0.274969 0.259435 0.262069 0.258911 0.250338 0.258390 0.240954 0.260740 0.229223 0.268051 0.232154 0.271185 0.243300 0.276147 0.259723 0.277452 0.272038 0.279541 0.290223 0.281630 0.308408 0.282414 0.327177 0.283195 0.357085 0.282414 0.382892 0.281890 0.397562 0.279541 0.404600 0.274839 0.412808 0.268051 0.419262 0.265702 0.419846 0.245072 0.419846 0.236976 0.404008 0.231753 0.395800 0.226791 0.381138 0.227055 0.357085 0.232277 0.334800 0.237760 0.321892 0.241154 0.294915 0.241154 0.267931 0.242459 0.241538
3 0.305394 0.243885 0.298863 0.239777 0.295469 0.243300 0.294164 0.259723 0.293380 0.274969 0.293380 0.301369 0.293380 0.323069 0.292596 0.334800 0.288682 0.350046 0.286329 0.362954 0.285024 0.374685 0.283979 0.382308 0.282935 0.389931 0.282414 0.398146 0.281630 0.409292 0.282151 0.416915 0.283979 0.427469 0.289726 0.439200 0.296774 0.441546 0.309308 0.440377 0.312442 0.440377 0.319753 0.452108 0.322106 0.452692 0.328634 0.448585 0.330462 0.446238 0.338295 0.435685 0.339339 0.416915 0.339599 0.394623 0.339079 0.367062 0.340123 0.334800 0.340908 0.307231 0.340908 0.286700 0.338034 0.271454 0.332812 0.256792 0.327329 0.244469 0.324455 0.235677 0.320798 0.238608 0.317928 0.246815 0.316620 0.269692 0.316360 0.284946 0.314271 0.296677 0.310092 0.291985 0.308527 0.277315 0.307219 0.263238
0 0.481894 0.246500 0.474750 0.260854 0.474373 0.286192 0.473623 0.335185 0.473247 0.374877 0.473623 0.412885 0.474373 0.439069 0.474373 0.471162 0.489038 0.480454 0.498815 0.479608 0.507466 0.477923 0.513106 0.471162 0.513856 0.455115 0.514610 0.439915 0.514233 0.417108 0.512729 0.385015 0.508216 0.362208 0.499945 0.334338 0.494678 0.294638 0.490168 0.271838
0 0.536795 0.243962 0.531531 0.254946 0.526640 0.281123 0.524010 0.314908 0.521753 0.337715 0.518370 0.363900 0.516866 0.383323 0.515360 0.399369 0.514986 0.407815 0.514610 0.414577 0.514610 0.432315 0.514233 0.445823 0.516113 0.476231 0.522130 0.483831 0.530777 0.484677 0.546195 0.484677 0.548452 0.481300 0.552589 0.472008 0.554092 0.456808 0.555596 0.430623 0.555596 0.396838 0.555219 0.369808 0.552589 0.345315 0.549955 0.313223 0.546195 0.281969 0.542435 0.254100 0.541682 0.243962
3 0.715860 0.217900 0.723435 0.263069 0.724740 0.300608 0.728394 0.334038 0.733356 0.358085 0.736750 0.375092 0.738579 0.388000 0.739103 0.402662 0.739103 0.413808 0.738058 0.423777 0.734140 0.432577 0.723435 0.439023 0.713771 0.446062 0.702805 0.449000 0.693404 0.445477 0.687921 0.440785 0.684524 0.433162 0.683479 0.419085 0.684264 0.386823 0.684524 0.363362 0.684003 0.344592 0.683219 0.331108 0.681914 0.311746 0.683479 0.282423 0.686353 0.263069 0.691836 0.241954 0.696277 0.230223 0.702021 0.236669 0.700976 0.250162 0.698103 0.266585 0.698627 0.285354 0.699411 0.296500 0.704634 0.305885 0.709856 0.298846 0.710637 0.277731 0.710901 0.258377 0.710901 0.241362 0.711682 0.229046 0.712726 0.222008
0 0.536986 0.500000 0.530822 0.510000 0.530137 0.521538 0.532534 0.539231 0.538356 0.561538 0.539726 0.573077 0.542466 0.586154 0.543151 0.599231 0.546233 0.613077 0.546575 0.620769 0.548630 0.634615 0.556507 0.665385 0.563699 0.683846 0.567466 0.686154 0.571918 0.693077 0.576027 0.693077 0.577397 0.690000 0.576712 0.672308 0.572603 0.650000 0.570205 0.643846 0.567466 0.620000 0.565753 0.614615 0.565753 0.610000 0.563699 0.597692 0.564384 0.589231 0.562671 0.580000 0.561986 0.570000 0.561986 0.550769 0.560274 0.526923 0.560959 0.523077 0.560274 0.501538 0.557192 0.492308 0.552740 0.490000 0.548973 0.490769
0 0.454452 0.246923 0.446918 0.260769 0.443836 0.285385 0.443493 0.361538 0.439384 0.433846 0.440411 0.446923 0.445548 0.463077 0.451027 0.468462 0.460274 0.469231 0.468151 0.463846 0.470890 0.453077 0.471233 0.423846 0.470651 0.413538 0.470548 0.399231 0.469452 0.364308 0.469178 0.340000 0.469281 0.324923 0.468493 0.309231 0.463356 0.254615
0 0.571575 0.226923 0.567466 0.232308 0.566164 0.243000 0.565411 0.253846 0.559932 0.310000 0.558253 0.330846 0.557192 0.387692 0.557055 0.415615 0.558562 0.440000 0.561644 0.463846 0.566096 0.470000 0.577397 0.473077 0.586301 0.462308 0.588699 0.450769 0.589041 0.437692 0.586644 0.387692 0.584247 0.371538 0.582877 0.247692 0.580822 0.233077 0.575685 0.226923
0 0.458219 0.502308 0.454110 0.510000 0.453425 0.524615 0.458562 0.643077 0.466096 0.650769 0.480822 0.650000 0.485274 0.643077 0.486301 0.616154 0.483219 0.532308 0.475000 0.510769 0.466781 0.502308
0 0.486301 0.501538 0.482534 0.508462 0.482192 0.518462 0.483459 0.529154 0.486301 0.555385 0.489452 0.590077 0.491781 0.606923 0.492500 0.618385 0.493493 0.636923 0.494521 0.640000 0.505822 0.640769 0.507021 0.636615 0.507911 0.623308 0.508322 0.608462 0.508322 0.587538 0.508562 0.572308 0.506952 0.538769 0.507774 0.527308 0.509315 0.516000 0.508219 0.508077 0.504110 0.506154 0.497603 0.503846
3 0.749555 0.218462 0.747719 0.222008 0.739884 0.240777 0.737274 0.254854 0.735969 0.269515 0.734925 0.296500 0.735445 0.322308 0.735969 0.341662 0.736750 0.362192 0.737795 0.380369 0.739363 0.397969 0.742236 0.413215 0.746151 0.417323 0.755031 0.417908 0.758949 0.419669 0.769654 0.416154 0.773308 0.408523 0.778010 0.396792 0.781928 0.388585 0.785062 0.365708 0.782973 0.342246 0.777226 0.321723 0.774877 0.295323 0.772527 0.273038 0.769914 0.254269 0.766521 0.234915 0.762863 0.221423 0.759469 0.218492 0.757380 0.233154 0.755551 0.250162 0.756336 0.268931 0.756596 0.280662 0.754247 0.285938 0.751113 0.285938 0.749024 0.278900 0.748764 0.262477 0.750853 0.246054 0.751637 0.233154 0.751897 0.222592 0.751373 0.222592 0.751096 0.218154
3 0.669863 0.486154 0.668151 0.493077 0.666438 0.494615 0.665753 0.497692 0.665411 0.517692 0.667808 0.537692 0.675342 0.565385 0.684589 0.623846 0.693151 0.660000 0.696575 0.670000 0.701370 0.680000 0.708219 0.690769 0.712671 0.695385 0.716781 0.695385 0.717808 0.693077 0.718151 0.689231 0.716781 0.683846 0.713699 0.677692 0.710274 0.660769 0.705137 0.646154 0.703082 0.630000 0.702055 0.614615 0.701027 0.611538 0.701712 0.608462 0.701027 0.596923 0.703767 0.591538 0.705822 0.590769 0.708904 0.595385 0.712329 0.616923 0.719863 0.650769 0.721575 0.654615 0.723288 0.664615 0.728767 0.681538 0.732192 0.681538 0.733562 0.677692 0.733904 0.646154 0.733219 0.643077 0.733904 0.637692 0.731849 0.626923 0.731507 0.619231 0.729795 0.613846 0.728767 0.602308 0.727740 0.599231 0.723630 0.560000 0.723630 0.516923 0.721575 0.499231 0.721575 0.490000 0.719521 0.485385 0.714041 0.481538 0.705479 0.481538 0.701027 0.484615 0.696918 0.484615 0.690411 0.489231 0.674658 0.483846
2 0.655822 0.246154 0.650685 0.251538 0.651027 0.267692 0.648630 0.276923 0.650342 0.298462 0.649315 0.393846 0.654110 0.411538 0.655137 0.439231 0.662329 0.445385 0.669863 0.444615 0.681164 0.428462 0.681849 0.396154 0.673630 0.353846 0.672260 0.325385 0.665411 0.291538 0.667123 0.285385 0.660274 0.247692
1 0.595548 0.237692 0.589041 0.285385 0.590753 0.372308 0.590068 0.435385 0.594178 0.453846 0.606849 0.477692 0.610959 0.480000 0.616438 0.473846 0.623630 0.451538 0.623630 0.446154 0.624041 0.430538 0.623870 0.413923 0.621747 0.380385 0.622740 0.358615 0.619281 0.320231 0.616849 0.301154 0.614555 0.283923 0.612329 0.278462 0.610445 0.256615 0.606849 0.246154 0.603425 0.238462
1 0.408219 0.204615 0.400685 0.231538 0.397945 0.245385 0.399658 0.277692 0.398288 0.309231 0.399315 0.326154 0.399315 0.336923 0.399658 0.346923 0.400000 0.381538 0.397260 0.425385 0.398630 0.437692 0.406507 0.463077 0.417808 0.476923 0.424658 0.468462 0.435959 0.436923 0.437329 0.399231 0.433219 0.364615 0.426370 0.254615 0.413356 0.208462
