2 0.594891 0.432283 0.588686 0.440157 0.582482 0.454331 0.581022 0.461417 0.580657 0.473228 0.582117 0.483465 0.592336 0.522047 0.594891 0.557480 0.595985 0.560630 0.601095 0.596063 0.601825 0.607874 0.604380 0.620472 0.609854 0.639370 0.614599 0.644094 0.618613 0.643307 0.620438 0.641732 0.622993 0.633858 0.621168 0.616535 0.620438 0.570866 0.618248 0.551969 0.616788 0.527559 0.616788 0.458268 0.616058 0.454331 0.608394 0.439370 0.600730 0.433071
5 0.256934 0.425984 0.257299 0.437795 0.259124 0.444094 0.262044 0.448031 0.270803 0.452756 0.283577 0.454331 0.287226 0.451181 0.287956 0.444094 0.287591 0.437795 0.279562 0.426772 0.264234 0.421260 0.259489 0.421260
5 0.310219 0.446457 0.310219 0.449606 0.312409 0.455906 0.324453 0.462205 0.330657 0.461417 0.333577 0.456693 0.334307 0.451969 0.333942 0.446457 0.332482 0.442520 0.329562 0.439370 0.314599 0.438583 0.312409 0.440157
5 0.359124 0.449606 0.359124 0.455906 0.359854 0.458268 0.365693 0.464567 0.370438 0.465354 0.372628 0.463780 0.374818 0.457480 0.374453 0.450394 0.372628 0.446457 0.369343 0.444094 0.361679 0.444094
5 0.635036 0.439370 0.633212 0.447244 0.632117 0.463780 0.632117 0.483465 0.633942 0.490551 0.639781 0.495276 0.645620 0.504724 0.656204 0.507874 0.658759 0.514961 0.660584 0.529921 0.665693 0.540157 0.667518 0.539370 0.669343 0.535433 0.672263 0.522047 0.675182 0.519685 0.678102 0.522047 0.681022 0.529921 0.683942 0.533858 0.689781 0.553543 0.693796 0.557480 0.697080 0.557480 0.697810 0.555906 0.697445 0.540945 0.693431 0.518110 0.691241 0.510236 0.691606 0.504724 0.698175 0.487402 0.700730 0.474016 0.699270 0.448819 0.695985 0.438583 0.685766 0.430709 0.644891 0.432283 0.640511 0.433858
4 0.216788 0.205512 0.212044 0.215748 0.212409 0.221260 0.210219 0.232283 0.209489 0.238189 0.207664 0.247244 0.206204 0.251969 0.203650 0.263780 0.201825 0.266929 0.200730 0.278740 0.196715 0.301575 0.189051 0.336220 0.188321 0.354331 0.189051 0.358268 0.193431 0.367717 0.200000 0.378740 0.204745 0.381890 0.213504 0.382677 0.219343 0.385827 0.225547 0.385827 0.233212 0.377953 0.235036 0.366142 0.234307 0.362205 0.236861 0.357480 0.235401 0.345669 0.237956 0.341732 0.237956 0.337795 0.235401 0.321260 0.235401 0.310236 0.234307 0.305512 0.234307 0.296850 0.233212 0.288189 0.231387 0.224409 0.228832 0.214173 0.225182 0.213386 0.222628 0.207087
3 0.251460 0.169291 0.249635 0.176378 0.247080 0.192126 0.246715 0.201575 0.245620 0.222835 0.244526 0.255906 0.242701 0.270079 0.241861 0.280472 0.241387 0.288268 0.239416 0.297638 0.236861 0.317323 0.237956 0.325984 0.236496 0.345669 0.234307 0.377953 0.241241 0.392913 0.264599 0.405512 0.270803 0.402362 0.279927 0.388976 0.281387 0.351181 0.275912 0.314961 0.268248 0.217323 0.258759 0.178740 0.255474 0.170866
3 0.692847 0.429921 0.686595 0.427882 0.675942 0.427882 0.656825 0.431937 0.645858 0.429236 0.633639 0.440732 0.630190 0.446134 0.628624 0.471150 0.641471 0.515772 0.648993 0.538756 0.654945 0.571882 0.660901 0.604331 0.661526 0.615150 0.669675 0.640843 0.676255 0.655717 0.681266 0.665858 0.696624 0.680055 0.700383 0.672614 0.700069 0.661803 0.693175 0.646252 0.684401 0.613126 0.678449 0.585402 0.678449 0.569858 0.681894 0.565795 0.688161 0.572559 0.693489 0.590811 0.701635 0.615827 0.706964 0.638134 0.717628 0.660472 0.725146 0.671260 0.733285 0.667874 0.736734 0.656394 0.728898 0.634756 0.720438 0.607717 0.713230 0.563094 0.707591 0.527937 0.702577 0.489402 0.700697 0.461685 0.697248 0.433969
0 0.434876 0.182748 0.440832 0.280094 0.444905 0.328094 0.446157 0.361220 0.445219 0.403142 0.442398 0.409220 0.435818 0.413961 0.426416 0.409898 0.422029 0.397055 0.419522 0.390291 0.416391 0.360551 0.415135 0.326748 0.418270 0.281449 0.421401 0.244945 0.422657 0.205732 0.425788 0.185449 0.431117 0.176661
0 0.479372 0.189504 0.480942 0.273339 0.484701 0.322016 0.488460 0.364606 0.488774 0.395024 0.486266 0.416661 0.483449 0.419362 0.474047 0.418693 0.457752 0.414630 0.454931 0.415307 0.447726 0.403142 0.446157 0.370016 0.446157 0.335535 0.449606 0.290236 0.451496 0.246299 0.453686 0.219921 0.464960 0.196268
0 0.526690 0.180039 0.519796 0.203024 0.518858 0.242236 0.519796 0.286181 0.523558 0.348378 0.526376 0.380827 0.532642 0.403142 0.539850 0.402465 0.545807 0.394354 0.551759 0.387591 0.554891 0.369339 0.556460 0.327425 0.551131 0.289559 0.544551 0.247646 0.542044 0.211819 0.539850 0.192213
0 0.500682 0.209787 0.491595 0.234126 0.489715 0.271984 0.488774 0.317283 0.488460 0.347701 0.488146 0.383535 0.486894 0.417339 0.489088 0.423425 0.501620 0.423425 0.519168 0.423425 0.522931 0.413283 0.524810 0.387591 0.525752 0.349732 0.521675 0.305787 0.515095 0.251024 0.510708 0.219929 0.506321 0.198291
1 0.596569 0.088772 0.589361 0.150291 0.593434 0.203024 0.593434 0.253055 0.589361 0.315252 0.594376 0.374071 0.594376 0.391646 0.589047 0.413961 0.577453 0.429504 0.563978 0.415307 0.556146 0.388268 0.552697 0.357165 0.556460 0.315929 0.557712 0.268606 0.563040 0.215874 0.569620 0.165843 0.574945 0.134748 0.584661 0.106354 0.592496 0.086071
3 0.709193 0.157441 0.713544 0.217535 0.712022 0.256031 0.709193 0.290307 0.708974 0.312370 0.711588 0.339598 0.713109 0.363071 0.715069 0.379504 0.715504 0.397346 0.710500 0.405795 0.707672 0.409551 0.695266 0.407205 0.679164 0.408614 0.661536 0.409087 0.654573 0.388898 0.655880 0.341945 0.660883 0.314717 0.661755 0.278567 0.662624 0.248992 0.664150 0.224110 0.665237 0.201575 0.669372 0.179504 0.675029 0.164016 0.675682 0.163543 0.677639 0.164953 0.679164 0.171528 0.680255 0.209055 0.680036 0.234882 0.680912 0.256535 0.683723 0.269685 0.684602 0.285142 0.690693 0.266378 0.694161 0.244803 0.698540 0.222205 0.700270 0.204386 0.701358 0.183260 0.705931 0.159787
3 0.762956 0.144803 0.766423 0.167299 0.766208 0.201102 0.763814 0.249457 0.763595 0.301575 0.769036 0.337724 0.770558 0.370118 0.764901 0.384197 0.757504 0.385142 0.751409 0.386551 0.735307 0.394063 0.722901 0.394528 0.719204 0.389362 0.714416 0.358850 0.716591 0.323638 0.719639 0.275748 0.720507 0.241480 0.723336 0.207205 0.726168 0.181386 0.730299 0.154150 0.736613 0.131150 0.742051 0.141945 0.744880 0.159315 0.745752 0.175283 0.745533 0.200630 0.746186 0.205331 0.749668 0.201575 0.755109 0.182323 0.755109 0.154622 0.755763 0.135843 0.757066 0.130677
3 0.269245 0.415417 0.242737 0.409134 0.236752 0.428740 0.232737 0.447244 0.233912 0.476157 0.233259 0.509787 0.227153 0.538110 0.225985 0.561417 0.226131 0.581283 0.224172 0.609339 0.222865 0.633165 0.224172 0.658409 0.226785 0.666803 0.229369 0.658409 0.231978 0.645787 0.235219 0.623362 0.240412 0.589732 0.245609 0.563087 0.249500 0.543480 0.255350 0.523819 0.255730 0.542835 0.252737 0.556378 0.250292 0.570157 0.248876 0.588323 0.244307 0.613559 0.241066 0.651425 0.241066 0.661220 0.250153 0.647197 0.260547 0.612157 0.266398 0.588323 0.269007 0.568717 0.273551 0.547646 0.281358 0.518236 0.289142 0.495819 0.294336 0.477559 0.299533 0.450913 0.300839 0.431307 0.291752 0.422913 0.281358 0.421504
1 0.395376 0.122307 0.386726 0.164488 0.384471 0.194512 0.384095 0.234260 0.384095 0.282937 0.385223 0.323504 0.386726 0.350276 0.386726 0.370551 0.386726 0.390835 0.391993 0.414362 0.401015 0.430591 0.409664 0.425717 0.420945 0.394079 0.422825 0.366496 0.418314 0.311331 0.414551 0.261843 0.407785 0.188827 0.403274 0.152323
3 0.313453 0.212417 0.318675 0.265000 0.323464 0.329787 0.321504 0.350441 0.309099 0.357016 0.301266 0.356079 0.291909 0.361244 0.284511 0.349504 0.279504 0.314291 0.279288 0.270165 0.278201 0.231197 0.283204 0.203969 0.288208 0.213354 0.290821 0.238709 0.293431 0.246685 0.300179 0.230260 0.303661 0.198331 0.308664 0.184717 0.312146 0.194110
4 0.801095 0.399213 0.798175 0.400787 0.790876 0.409449 0.786496 0.418898 0.775547 0.422047 0.766788 0.429921 0.762044 0.441732 0.761679 0.453543 0.763139 0.466142 0.767153 0.481102 0.771533 0.488189 0.775912 0.499213 0.779197 0.503937 0.781752 0.514173 0.784307 0.517323 0.786861 0.523622 0.790146 0.536220 0.793796 0.545669 0.801095 0.559843 0.808029 0.562205 0.810219 0.557480 0.811496 0.553150 0.813504 0.553937 0.815693 0.554331 0.817518 0.550394 0.822263 0.546457 0.822993 0.537008 0.821898 0.529921 0.820438 0.529134 0.821898 0.525197 0.820073 0.514961 0.821168 0.510236 0.820073 0.505512 0.820803 0.501575 0.819343 0.498425 0.820073 0.495276 0.819343 0.489764 0.820073 0.481102 0.818613 0.448819 0.816788 0.432283 0.814599 0.420472 0.810949 0.408661 0.805839 0.400787
3 0.700365 0.431496 0.698905 0.441732 0.701825 0.457480 0.702190 0.478740 0.704745 0.493701 0.716058 0.521260 0.735766 0.584252 0.743796 0.600787 0.747445 0.610630 0.752190 0.618898 0.763832 0.641181 0.767810 0.639213 0.766387 0.627008 0.762737 0.613701 0.758029 0.597638 0.753978 0.579606 0.749270 0.562992 0.742701 0.544094 0.742518 0.532205 0.745109 0.525984 0.746569 0.526772 0.748577 0.530315 0.749635 0.537008 0.751095 0.545669 0.755839 0.556693 0.757847 0.564173 0.759489 0.569291 0.773504 0.626063 0.779343 0.625512 0.778978 0.605906 0.775693 0.573780 0.768248 0.525984 0.755474 0.425984 0.747810 0.411024 0.738686 0.410236 0.725182 0.421260 0.711679 0.422835
5 0.751095 0.355118 0.750730 0.365354 0.752920 0.373228 0.754380 0.374803 0.760584 0.374016 0.763504 0.368504 0.764234 0.361417 0.762044 0.356693 0.757664 0.352756 0.752920 0.352756
2 0.626964 0.122575 0.621949 0.244945 0.620697 0.291591 0.625712 0.344323 0.625712 0.389622 0.622263 0.401110 0.615369 0.410575 0.605343 0.412606 0.595314 0.396378 0.589361 0.374071 0.593120 0.308488 0.596883 0.267929 0.601580 0.222630 0.607223 0.181394 0.612551 0.147591 0.618190 0.130685
2 0.656967 0.142417 0.658927 0.195937 0.656967 0.232559 0.656099 0.284669 0.656533 0.331622 0.657401 0.370583 0.658489 0.399693 0.653266 0.404858 0.644347 0.410961 0.635423 0.411433 0.627153 0.395000 0.619755 0.381850 0.618234 0.349929 0.624544 0.323638 0.627372 0.293591 0.631942 0.249929 0.637818 0.216598 0.641953 0.189362 0.643693 0.172929 0.648263 0.153213 0.653704 0.141945
2 0.366799 0.153945 0.352131 0.208299 0.354766 0.255354 0.356646 0.317819 0.355894 0.342969 0.354391 0.384346 0.356270 0.406252 0.363036 0.423283 0.374318 0.421661 0.388606 0.392457 0.393872 0.381913 0.394624 0.347835 0.393120 0.317819 0.388230 0.269953 0.383719 0.234260 0.379960 0.193701 0.373190 0.160433
0 0.446715 0.440157 0.440511 0.446457 0.439051 0.453543 0.446350 0.574016 0.450730 0.610236 0.462409 0.611811 0.467153 0.596063 0.464599 0.544882 0.465693 0.451181 0.459854 0.442520
0 0.470803 0.442520 0.469343 0.462205 0.469708 0.499213 0.474818 0.603937 0.476277 0.612598 0.483212 0.620472 0.486861 0.605512 0.491606 0.518110 0.491971 0.485827 0.490876 0.474803 0.489051 0.470866 0.489416 0.465354 0.484672 0.452756 0.478467 0.451181
0 0.511679 0.433858 0.497080 0.438583 0.493796 0.496063 0.500365 0.600787 0.506934 0.608661 0.511679 0.603937 0.514234 0.582677 0.516423 0.477953 0.513139 0.459843 0.514599 0.439370
0 0.524453 0.433858 0.518978 0.438583 0.516788 0.450394 0.520803 0.519685 0.522993 0.533858 0.524453 0.612598 0.525547 0.618898 0.530292 0.626772 0.540511 0.622835 0.543796 0.612598 0.545985 0.585827 0.545620 0.540157 0.548175 0.459055 0.546715 0.446457 0.541606 0.437008
5 0.739416 0.353543 0.735766 0.359843 0.735766 0.368504 0.739051 0.378740 0.744526 0.379528 0.747080 0.374016 0.746715 0.361417 0.742336 0.354331
5 0.682117 0.369291 0.680657 0.374803 0.681752 0.385039 0.685401 0.391339 0.690146 0.390551 0.690876 0.387402 0.690876 0.377165 0.690146 0.374016 0.685766 0.367717
5 0.693066 0.366142 0.691971 0.368504 0.691606 0.374803 0.693796 0.391339 0.701825 0.391339 0.703285 0.379528 0.701460 0.369291 0.697810 0.363780
5 0.657299 0.356693 0.655474 0.373228 0.656934 0.381890 0.658394 0.385039 0.662409 0.385039 0.665693 0.381890 0.669708 0.374016 0.669708 0.364567 0.668248 0.359843 0.661679 0.355906
5 0.590511 0.368504 0.590511 0.374016 0.594891 0.385827 0.599270 0.386614 0.600730 0.384252 0.601460 0.374016 0.599635 0.367717 0.594526 0.364567
1 0.428102 0.442520 0.420803 0.443307 0.411314 0.459055 0.412774 0.485039 0.408029 0.520472 0.405839 0.582677 0.402920 0.605512 0.401825 0.623071 0.400365 0.637008 0.399927 0.650866 0.399635 0.670866 0.400511 0.680000 0.399635 0.700787 0.401423 0.711969 0.401825 0.720472 0.404745 0.728346 0.413504 0.720472 0.412774 0.717323 0.417883 0.697638 0.422263 0.665354 0.429927 0.630709 0.433577 0.600000 0.437591 0.529134 0.437226 0.481102 0.435036 0.454331
2 0.401095 0.439370 0.391606 0.439370 0.385401 0.446457 0.383212 0.455118 0.383942 0.474016 0.378832 0.501575 0.375912 0.538583 0.375547 0.588976 0.372263 0.604724 0.371168 0.637795 0.373358 0.652756 0.378102 0.656772 0.390511 0.643307 0.391131 0.637165 0.393066 0.629134 0.395985 0.611811 0.401460 0.548819 0.410584 0.487402 0.409124 0.462205
2 0.365328 0.432283 0.353285 0.438583 0.349270 0.451181 0.346715 0.637008 0.350000 0.660630 0.360219 0.659055 0.374088 0.561417 0.376277 0.470866 0.378832 0.454331
3 0.350000 0.431496 0.347080 0.429921 0.340511 0.430709 0.333212 0.437008 0.329927 0.435433 0.325912 0.430709 0.316788 0.426772 0.311679 0.426772 0.302190 0.430709 0.296715 0.439370 0.294891 0.454331 0.294526 0.466929 0.292336 0.481102 0.292336 0.499213 0.293431 0.502362 0.292701 0.517323 0.290511 0.527559 0.290146 0.536220 0.285401 0.557480 0.285036 0.564567 0.282117 0.581890 0.281752 0.592913 0.279197 0.606299 0.279562 0.612598 0.275547 0.633858 0.275547 0.639370 0.276642 0.642520 0.275912 0.666929 0.278832 0.676378 0.280292 0.676378 0.282482 0.672441 0.287591 0.667717 0.291241 0.650394 0.296350 0.636220 0.298175 0.623622 0.298175 0.618110 0.305839 0.592126 0.305474 0.588189 0.306569 0.585039 0.306569 0.580315 0.310584 0.577165 0.313504 0.580315 0.313139 0.592126 0.314599 0.596850 0.313869 0.598425 0.313869 0.612598 0.311679 0.633858 0.312044 0.646457 0.311314 0.649606 0.311314 0.662205 0.310219 0.666929 0.311314 0.670079 0.315328 0.674803 0.319343 0.674803 0.322628 0.670866 0.324088 0.666929 0.325182 0.660630 0.328102 0.652756 0.329562 0.643307 0.331387 0.639370 0.334307 0.622835 0.334672 0.612598 0.336496 0.608661 0.336496 0.603937 0.337591 0.600787 0.336861 0.587402 0.339416 0.570866 0.339781 0.560630 0.342336 0.543307 0.345985 0.503937 0.347080 0.455118 0.351825 0.436220
2 0.336131 0.177953 0.331752 0.192913 0.329453 0.345197 0.326277 0.393701 0.330657 0.411811 0.341606 0.418898 0.358394 0.393701 0.359489 0.375591 0.352920 0.340157 0.341971 0.181890
4 0.230292 0.469291 0.225912 0.462205 0.216058 0.451969 0.213504 0.446457 0.207299 0.424409 0.202555 0.417323 0.197445 0.416535 0.189416 0.423622 0.179562 0.448031 0.175912 0.468504 0.171533 0.481102 0.172263 0.486614 0.165693 0.497638 0.156569 0.525197 0.152555 0.543307 0.153285 0.551181 0.152555 0.557480 0.154380 0.561417 0.154380 0.564567 0.158029 0.562992 0.159124 0.565354 0.165328 0.568504 0.177007 0.565354 0.179197 0.562205 0.186496 0.557480 0.199270 0.542520 0.206204 0.537795 0.217518 0.525984 0.225182 0.514961 0.230657 0.497638 0.231752 0.488189 0.231752 0.477953
1 0.559124 0.436220 0.550000 0.457480 0.552190 0.539370 0.564964 0.635433 0.574672 0.682992 0.580292 0.703937 0.587591 0.714173 0.593066 0.688976 0.591241 0.679528 0.590511 0.668504 0.590839 0.658189 0.589051 0.639370 0.591241 0.595276 0.577007 0.455906 0.568613 0.439370
