3 0.265586 0.151792 0.271014 0.175642 0.274497 0.229821 0.278848 0.273877 0.281679 0.332217 0.281679 0.366151 0.279066 0.386396 0.272538 0.404255 0.266662 0.413783 0.260786 0.417349 0.252300 0.408425 0.246207 0.400085 0.238593 0.383415 0.238372 0.359604 0.239897 0.313764 0.243162 0.275066 0.244031 0.247679 0.243162 0.221481 0.242290 0.195292 0.241855 0.159566 0.244466 0.151236 0.248821 0.157189 0.251648 0.164330 0.253607 0.172670 0.255348 0.180406 0.255566 0.189934 0.257959 0.198264 0.259048 0.198858 0.260134 0.193500 0.259266 0.175047 0.257959 0.165519 0.257741 0.154208 0.258610 0.149453 0.259700 0.147660
3 0.285159 0.437594 0.277324 0.447717 0.274497 0.451283 0.271886 0.448906 0.266445 0.441764 0.261441 0.438783 0.251648 0.446528 0.249472 0.464981 0.248383 0.479868 0.247731 0.498321 0.248600 0.512604 0.250559 0.526896 0.250341 0.569160 0.249255 0.586434 0.247948 0.604887 0.247079 0.628104 0.246862 0.645962 0.246207 0.660255 0.245772 0.680491 0.248821 0.695972 0.250997 0.693594 0.255566 0.685849 0.260352 0.672160 0.264703 0.651915 0.267097 0.631679 0.268186 0.614415 0.269928 0.609057 0.274279 0.603698 0.275369 0.609651 0.273410 0.628698 0.268838 0.650132 0.264921 0.667396 0.261224 0.684660 0.262962 0.696566 0.267534 0.697755 0.271669 0.693000 0.280155 0.678113 0.285376 0.662632 0.291686 0.639415 0.296910 0.594764 0.298000 0.537613 0.300176 0.500698 0.299738 0.469151 0.297562 0.448311 0.292124 0.440575
4 0.226552 0.140566 0.213448 0.145283 0.209310 0.162264 0.210000 0.249057 0.197241 0.336792 0.199310 0.363208 0.212414 0.403774 0.216897 0.410377 0.226207 0.404717 0.233448 0.385849 0.237586 0.361321 0.241034 0.279245 0.234138 0.161321 0.231379 0.147170
2 0.330000 0.120755 0.322414 0.160377 0.323103 0.265094 0.327931 0.293396 0.333103 0.367925 0.338172 0.381415 0.354793 0.381887 0.359310 0.361321 0.361724 0.345283 0.361034 0.313208 0.349310 0.235849 0.347276 0.217358 0.341724 0.137736 0.338621 0.121698
2 0.361379 0.094340 0.354483 0.138679 0.354793 0.147642 0.355172 0.162264 0.363448 0.326415 0.366897 0.353774 0.373931 0.367264 0.394138 0.345283 0.398966 0.311321 0.395517 0.251887 0.391655 0.238208 0.389552 0.232830 0.385586 0.215943 0.381034 0.190566 0.376552 0.128302 0.375276 0.116698 0.374483 0.106604 0.370000 0.096226
1 0.403448 0.033962 0.398276 0.043396 0.397379 0.054057 0.395862 0.066038 0.398966 0.324528 0.404552 0.355660 0.416897 0.367925 0.429655 0.337736 0.433103 0.318868 0.427586 0.153774 0.422759 0.126415 0.416897 0.061321 0.408621 0.035849
1 0.601379 0.004717 0.597241 0.011321 0.598621 0.008491 0.594483 0.017925 0.589655 0.035849 0.588966 0.057547 0.583103 0.097170 0.579517 0.143774 0.576379 0.185755 0.574483 0.224528 0.574138 0.233019 0.570690 0.253774 0.571379 0.329245 0.579655 0.351887 0.585517 0.358491 0.592759 0.356604 0.599655 0.343396 0.598276 0.325472 0.598966 0.302830 0.607931 0.217925 0.607241 0.166038 0.611379 0.059434 0.609655 0.027358 0.607586 0.017925 0.605414 0.010660
2 0.632759 0.072642 0.629655 0.073585 0.626897 0.082075 0.624828 0.098113 0.622414 0.106604 0.617931 0.133019 0.618276 0.142453 0.616552 0.157547 0.615517 0.183962 0.614207 0.192925 0.613103 0.199057 0.608966 0.227358 0.607241 0.247170 0.605241 0.259434 0.602069 0.283019 0.600000 0.308491 0.600000 0.327358 0.602759 0.347170 0.608966 0.360377 0.618966 0.366038 0.631034 0.362264 0.634138 0.353774 0.637586 0.302830 0.637931 0.274528 0.639310 0.260377 0.642069 0.214151 0.642414 0.203774 0.642414 0.187736 0.642414 0.152830 0.641724 0.129245 0.640690 0.119811 0.641034 0.106604 0.639310 0.083962 0.636552 0.079245 0.637241 0.077358 0.636897 0.075472
2 0.700000 0.113208 0.683448 0.105660 0.674138 0.106604 0.670690 0.111321 0.667241 0.122642 0.663793 0.141509 0.662759 0.153774 0.656552 0.181132 0.649310 0.243396 0.647931 0.264151 0.645517 0.274528 0.644138 0.285849 0.642414 0.291509 0.638276 0.323585 0.638621 0.333962 0.637931 0.343396 0.641034 0.365094 0.645517 0.374528 0.650345 0.379245 0.656552 0.380189 0.666897 0.376415 0.674138 0.384906 0.677586 0.384906 0.682414 0.381132 0.687586 0.369811 0.689310 0.361321 0.691034 0.333962 0.691034 0.305660 0.690345 0.295283 0.690690 0.257547 0.693793 0.243396 0.695517 0.220755 0.699655 0.190566 0.699655 0.173585 0.701034 0.167925 0.701379 0.141509 0.702759 0.132075 0.702069 0.127358 0.703103 0.122642
3 0.745517 0.093396 0.742759 0.092453 0.734138 0.095283 0.727931 0.103774 0.720000 0.126415 0.715172 0.151887 0.712414 0.159434 0.704138 0.205660 0.703448 0.215094 0.700345 0.231132 0.699310 0.245283 0.697241 0.254717 0.693793 0.317925 0.693793 0.355660 0.696897 0.372642 0.704828 0.388679 0.712069 0.398113 0.717241 0.398113 0.724828 0.390566 0.733793 0.376415 0.739655 0.361321 0.741379 0.343396 0.741724 0.330189 0.740690 0.315094 0.741034 0.307547 0.739310 0.294340 0.738621 0.252830 0.741034 0.233019 0.743448 0.201887 0.745862 0.131132 0.748276 0.101887 0.747931 0.097170
0 0.491866 0.372925 0.506748 0.362925 0.514583 0.362925 0.519807 0.367925 0.520852 0.374358 0.522417 0.397217 0.517717 0.438651 0.515366 0.471519 0.511972 0.509377 0.508317 0.568679 0.501003 0.651547 0.497086 0.688698 0.495000 0.696557 0.490038 0.680123 0.488469 0.627255 0.488993 0.567245 0.491341 0.491519 0.492128 0.421509 0.491603 0.393651
0 0.461586 0.387925 0.463138 0.409340 0.462879 0.461519 0.463924 0.525811 0.464186 0.595821 0.467059 0.644406 0.467321 0.705840 0.473586 0.754425 0.480114 0.742283 0.485859 0.691557 0.484555 0.610830 0.487166 0.497236 0.488731 0.430085 0.489776 0.394358 0.488210 0.370783
0 0.462097 0.395075 0.460531 0.390075 0.458179 0.388642 0.451390 0.389358 0.445907 0.394358 0.439638 0.403651 0.434155 0.412226 0.431021 0.431509 0.435200 0.465085 0.437552 0.500811 0.440162 0.530811 0.444341 0.589396 0.445907 0.642264 0.446690 0.688698 0.447734 0.734425 0.452172 0.752991 0.462097 0.682264 0.464186 0.584396 0.462617 0.473660
0 0.544221 0.383075 0.531686 0.378783 0.525159 0.375934 0.521503 0.392358 0.520983 0.410934 0.519938 0.440943 0.519152 0.469519 0.518369 0.485236 0.515238 0.520953 0.513148 0.545962 0.512103 0.565962 0.510014 0.600255 0.506879 0.637406 0.504007 0.683840 0.503748 0.698132 0.503224 0.718849 0.509493 0.718849 0.514452 0.696698 0.522810 0.630264 0.530383 0.580255 0.536128 0.544528 0.540566 0.502377 0.551272 0.458802 0.555710 0.424509 0.556234 0.407368 0.549445 0.389500
3 0.774828 0.116038 0.766207 0.115094 0.760000 0.121698 0.760000 0.126415 0.757241 0.134906 0.755655 0.144811 0.752759 0.154717 0.752069 0.159434 0.749310 0.162264 0.747931 0.167925 0.748276 0.178302 0.746552 0.191509 0.745862 0.212264 0.744138 0.228302 0.744138 0.249057 0.744828 0.251887 0.743793 0.261321 0.744138 0.268868 0.742414 0.281132 0.743103 0.300000 0.742069 0.335849 0.743103 0.369811 0.746207 0.385849 0.751034 0.402830 0.755862 0.408491 0.762759 0.406604 0.770345 0.394340 0.774138 0.384906 0.781034 0.377358 0.783793 0.367925 0.784828 0.360377 0.784828 0.337736 0.783103 0.320755 0.782069 0.316981 0.777586 0.266981 0.777931 0.214151 0.780000 0.170755 0.780000 0.130189 0.778966 0.122642
3 0.627241 0.408491 0.621724 0.415094 0.619310 0.422642 0.618966 0.438679 0.619655 0.480189 0.623103 0.501887 0.623103 0.512264 0.625172 0.530189 0.626897 0.605660 0.629310 0.623585 0.630000 0.637736 0.637931 0.683962 0.640345 0.691509 0.641724 0.700943 0.649310 0.732075 0.653793 0.740566 0.655862 0.740566 0.658276 0.736792 0.659310 0.713208 0.657241 0.700000 0.656897 0.684906 0.654483 0.674528 0.654483 0.668868 0.652414 0.657547 0.652069 0.649057 0.650345 0.643396 0.648621 0.629245 0.648621 0.621698 0.647586 0.617925 0.646552 0.603774 0.647241 0.582075 0.648276 0.577358 0.648276 0.571698 0.650000 0.565094 0.651034 0.566981 0.654828 0.591509 0.656552 0.635849 0.658621 0.646226 0.661724 0.685849 0.662759 0.689623 0.664483 0.709434 0.666552 0.716981 0.674828 0.718868 0.678276 0.715094 0.679655 0.701887 0.677241 0.668868 0.674828 0.650000 0.673448 0.589623 0.671379 0.540566 0.672414 0.509434 0.674483 0.495283 0.675517 0.481132 0.675862 0.453774 0.674483 0.438679 0.670345 0.428302 0.661724 0.416981 0.657931 0.414151 0.653103 0.414151 0.645862 0.422642 0.643103 0.415094 0.640345 0.411321 0.634828 0.408491
1 0.432414 0.410377 0.436552 0.418868 0.438621 0.436792 0.435862 0.442453 0.440690 0.454717 0.441034 0.466981 0.440690 0.476415 0.441724 0.502830 0.437931 0.535849 0.436897 0.592453 0.431379 0.622642 0.428103 0.668019 0.428276 0.672642 0.428276 0.682075 0.423448 0.721698 0.421379 0.729245 0.420690 0.735849 0.417586 0.745283 0.415862 0.748113 0.411379 0.750000 0.407931 0.747170 0.405172 0.735849 0.404483 0.719811 0.403793 0.717925 0.404138 0.705660 0.403103 0.701887 0.403103 0.692453 0.404828 0.678302 0.403793 0.666038 0.405517 0.659434 0.404483 0.655660 0.404483 0.648113 0.406207 0.624528 0.405862 0.617925 0.406552 0.615094 0.406552 0.586792 0.408966 0.562264 0.409310 0.540566 0.411034 0.525472 0.411379 0.511321 0.413448 0.497170 0.415862 0.458491 0.417241 0.453774 0.418621 0.442453 0.423793 0.419811 0.427931 0.413208
2 0.401034 0.418868 0.396897 0.418868 0.392759 0.421698 0.385172 0.439623 0.384828 0.451887 0.385517 0.454717 0.385172 0.467925 0.385862 0.471698 0.383448 0.491509 0.380000 0.541509 0.379655 0.576415 0.380345 0.583019 0.379310 0.600000 0.378966 0.644340 0.377586 0.666981 0.378966 0.693396 0.378621 0.698113 0.380000 0.719811 0.380000 0.733019 0.381379 0.745283 0.384828 0.756604 0.391034 0.762264 0.392414 0.762264 0.396207 0.751887 0.396897 0.745283 0.396552 0.736792 0.396897 0.729245 0.396897 0.721698 0.396897 0.712264 0.396207 0.696226 0.396207 0.690566 0.396207 0.683019 0.397586 0.670755 0.398966 0.654717 0.399655 0.633019 0.401724 0.622642 0.403448 0.604717 0.403448 0.583962 0.405172 0.577358 0.405172 0.535849 0.406897 0.517925 0.411034 0.498113 0.413448 0.475472 0.413448 0.459434 0.412759 0.454717 0.408966 0.444340 0.405517 0.428302
2 0.370000 0.421698 0.366207 0.423585 0.356207 0.436792 0.354483 0.443396 0.353793 0.450943 0.354828 0.479245 0.353448 0.489623 0.352759 0.520755 0.351724 0.525472 0.351379 0.545283 0.352069 0.551887 0.351379 0.554717 0.351379 0.577358 0.352069 0.584906 0.351379 0.587736 0.351379 0.605660 0.352414 0.611321 0.351724 0.627358 0.353103 0.650000 0.353103 0.670755 0.353793 0.673585 0.353448 0.700000 0.354483 0.721698 0.355517 0.729245 0.357241 0.733962 0.362069 0.732075 0.366552 0.721698 0.370000 0.698113 0.370000 0.692453 0.374828 0.646226 0.375172 0.625472 0.376207 0.608491 0.376552 0.575472 0.377931 0.558491 0.378966 0.527358 0.382414 0.500000 0.382414 0.463208 0.383793 0.451887 0.383793 0.443396 0.381724 0.439623 0.375517 0.434906 0.372414 0.424528
2 0.581562 0.420226 0.570855 0.400934 0.563807 0.403792 0.560410 0.423792 0.554138 0.440189 0.551793 0.452358 0.551000 0.463774 0.551276 0.473113 0.552310 0.487358 0.556241 0.506698 0.560414 0.537358 0.566172 0.577358 0.571379 0.614547 0.574772 0.655264 0.579214 0.696698 0.582086 0.716708 0.585221 0.725991 0.587569 0.728132 0.590179 0.717415 0.593576 0.671698 0.593314 0.619547 0.592531 0.565962 0.589921 0.502377 0.586262 0.454519 0.585221 0.437368
0 0.486172 0.085283 0.482069 0.161321 0.480276 0.327358 0.487931 0.338679 0.517241 0.341509 0.525483 0.336792 0.527655 0.295283 0.522621 0.223774 0.521448 0.209057 0.520931 0.180189 0.520414 0.154057 0.518966 0.094717 0.509276 0.086792 0.496000 0.081792
0 0.448621 0.050943 0.440000 0.066981 0.438966 0.088679 0.435862 0.097170 0.434483 0.194340 0.436897 0.236792 0.434828 0.280189 0.437931 0.337736 0.442414 0.347170 0.452069 0.350943 0.470345 0.330189 0.476897 0.303774 0.477931 0.270755 0.475517 0.178302 0.466552 0.098113 0.451724 0.051887
3 0.346207 0.434906 0.317931 0.434906 0.305862 0.442453 0.303103 0.451887 0.302069 0.485849 0.304138 0.554717 0.301724 0.565094 0.298621 0.602830 0.295172 0.683962 0.293655 0.704528 0.294138 0.714151 0.297931 0.721698 0.303793 0.721698 0.307586 0.709434 0.308276 0.703774 0.322759 0.575472 0.325517 0.583962 0.326552 0.598113 0.325862 0.637736 0.318586 0.689340 0.314828 0.701887 0.311724 0.716038 0.308966 0.719811 0.309655 0.728302 0.313793 0.735849 0.318276 0.735849 0.321724 0.730189 0.326552 0.714151 0.329793 0.697642 0.333448 0.682075 0.337931 0.656604 0.342414 0.614151 0.343793 0.543396 0.350345 0.500000 0.350690 0.446226 0.349310 0.438679
2 0.591748 0.398792 0.609503 0.405934 0.617076 0.421651 0.619690 0.440943 0.618383 0.468085 0.618645 0.502377 0.621517 0.539528 0.621776 0.577396 0.623083 0.642406 0.623866 0.691698 0.623345 0.734566 0.622038 0.743132 0.615772 0.740283 0.612114 0.723849 0.604021 0.702415 0.597231 0.659547 0.595141 0.623830 0.592269 0.578821 0.585479 0.489519 0.579214 0.461660 0.579734 0.430943 0.588093 0.408792
4 0.232759 0.445283 0.228621 0.445283 0.220000 0.455660 0.216207 0.466038 0.208621 0.463208 0.196207 0.481132 0.194483 0.506604 0.194828 0.526415 0.196552 0.543396 0.202414 0.573585 0.203793 0.587736 0.208276 0.611321 0.209310 0.624528 0.210690 0.627358 0.210345 0.639623 0.211379 0.642453 0.211034 0.670755 0.211724 0.673585 0.211724 0.686792 0.212759 0.689623 0.213793 0.701887 0.216552 0.708491 0.216552 0.721698 0.220000 0.725472 0.224828 0.721698 0.234828 0.693396 0.237241 0.689623 0.243103 0.653774 0.244138 0.643396 0.243448 0.630189 0.244828 0.623585 0.246207 0.598113 0.249655 0.577358 0.249310 0.558491 0.247241 0.545283 0.247586 0.517925 0.245172 0.479245 0.241724 0.459434 0.236897 0.450000
4 0.758869 0.460943 0.747903 0.455226 0.742417 0.465943 0.739545 0.478802 0.738762 0.493811 0.739545 0.510953 0.734845 0.520953 0.730669 0.537387 0.727272 0.555245 0.728317 0.570962 0.731452 0.580255 0.735890 0.590972 0.740852 0.594538 0.748424 0.600255 0.758869 0.608830 0.769314 0.610255 0.773755 0.615972 0.798300 0.626689 0.811879 0.630264 0.816059 0.619547 0.817886 0.607396 0.810834 0.599538 0.801172 0.595972 0.791248 0.590972 0.785503 0.578104 0.785503 0.569538 0.794121 0.568104 0.810834 0.588821 0.826241 0.595972 0.828331 0.589538 0.824414 0.571679 0.815534 0.560245 0.805090 0.536670 0.794383 0.511670 0.782893 0.491660 0.774538 0.475236 0.767228 0.465226
3 0.706121 0.425226 0.692021 0.414509 0.684186 0.416651 0.678179 0.442368 0.678441 0.475236 0.680010 0.506670 0.680531 0.540962 0.680269 0.588821 0.683141 0.611689 0.690455 0.651689 0.695414 0.676698 0.700900 0.690981 0.705076 0.695274 0.709517 0.692415 0.712128 0.672406 0.709517 0.655981 0.705600 0.639547 0.704555 0.618113 0.704817 0.589538 0.706645 0.586679 0.709776 0.599538 0.711083 0.618113 0.712390 0.640264 0.712910 0.668840 0.714479 0.680264 0.716307 0.688123 0.724138 0.692415 0.727272 0.680264 0.732755 0.657406 0.733279 0.633830 0.730928 0.601679 0.729897 0.575283 0.729379 0.555943 0.730414 0.530283 0.733276 0.500943 0.734862 0.467358 0.732234 0.451660 0.728841 0.438085 0.725707 0.432368 0.718393 0.426651 0.711083 0.426651
3 0.301479 0.145283 0.306703 0.155406 0.312362 0.182189 0.319107 0.220292 0.321934 0.256613 0.324110 0.288160 0.328028 0.310783 0.329769 0.334604 0.331293 0.370321 0.329117 0.386991 0.321934 0.400679 0.314538 0.400085 0.306052 0.394132 0.299738 0.397708 0.288207 0.400085 0.284072 0.384009 0.281462 0.363179 0.280807 0.332811 0.282114 0.308406 0.282983 0.275660 0.282983 0.243509 0.281679 0.216132 0.280590 0.181594 0.283200 0.163736 0.287117 0.171481 0.290383 0.184575 0.293645 0.199462 0.296041 0.208981 0.298000 0.211962 0.299521 0.210774 0.301045 0.198264 0.299959 0.187547 0.297779 0.176236 0.297128 0.159566 0.297779 0.151830 0.299086 0.145877
0 0.533448 0.038679 0.531379 0.045283 0.530000 0.074528 0.530345 0.249057 0.528621 0.290566 0.530690 0.327358 0.533793 0.338679 0.543448 0.345283 0.569310 0.338679 0.570345 0.286792 0.568793 0.235283 0.565931 0.196226 0.566897 0.172642 0.563448 0.137736 0.561724 0.068868 0.557586 0.043396 0.551310 0.036038 0.544828 0.033019
