3 0.340271 0.494167 0.334441 0.487667 0.328712 0.491250 0.322712 0.490000 0.317831 0.495083 0.313186 0.497750 0.310169 0.498333 0.306780 0.494583 0.304407 0.494167 0.302034 0.494167 0.296610 0.500833 0.294237 0.501667 0.292542 0.505833 0.289831 0.521667 0.290847 0.571667 0.288814 0.599167 0.284983 0.605333 0.281695 0.619167 0.277763 0.637833 0.275254 0.650000 0.272678 0.659833 0.271864 0.665833 0.271186 0.669167 0.270542 0.676417 0.270508 0.681667 0.270847 0.686667 0.276610 0.687500 0.278983 0.685833 0.283119 0.680667 0.287458 0.670833 0.292542 0.654167 0.296271 0.645833 0.303390 0.621667 0.307119 0.615000 0.309153 0.620833 0.308814 0.631667 0.307458 0.645833 0.305424 0.650000 0.302712 0.665833 0.300000 0.692500 0.298644 0.697500 0.298339 0.707250 0.298305 0.714167 0.299322 0.717500 0.303390 0.717500 0.308475 0.707500 0.311186 0.700000 0.312542 0.691667 0.315593 0.685000 0.316610 0.678333 0.319322 0.670000 0.321356 0.655833 0.326780 0.630833 0.329153 0.602500 0.332203 0.590833 0.332542 0.584167 0.335254 0.576667 0.336949 0.567083 0.338271 0.564083 0.340136 0.557500 0.341254 0.553000 0.342542 0.548333 0.343017 0.545000 0.344271 0.536250 0.345424 0.530000 0.346102 0.525000 0.347356 0.517250 0.347186 0.513583 0.347254 0.508250 0.346814 0.504167 0.345661 0.499417
3 0.241017 0.267500 0.237288 0.278333 0.236068 0.283083 0.235322 0.291667 0.234407 0.301417 0.235458 0.305917 0.234915 0.317500 0.235525 0.327583 0.236271 0.341667 0.240000 0.373333 0.242373 0.447500 0.247119 0.460000 0.253220 0.465000 0.279322 0.460833 0.283729 0.450833 0.287458 0.430833 0.287119 0.416667 0.284407 0.400000 0.275932 0.372500 0.250169 0.270000 0.245763 0.265000
5 0.683729 0.482500 0.682034 0.492500 0.681695 0.504167 0.682712 0.509167 0.683390 0.522500 0.685424 0.533333 0.687458 0.539167 0.694915 0.547500 0.705424 0.546667 0.708814 0.549167 0.711186 0.553333 0.713220 0.560833 0.720339 0.569167 0.720678 0.564167 0.719322 0.559167 0.722712 0.542500 0.723729 0.519167 0.723051 0.514167 0.723390 0.498333 0.722373 0.480833 0.720678 0.473333 0.717627 0.470000 0.713898 0.469167 0.693559 0.470000 0.689153 0.473333
5 0.329831 0.422500 0.328475 0.426667 0.327797 0.435833 0.328136 0.452500 0.329492 0.463333 0.332881 0.468333 0.340678 0.467500 0.341356 0.458333 0.338644 0.441667 0.338644 0.433333 0.334915 0.423333
5 0.298305 0.508333 0.298305 0.514167 0.302034 0.520000 0.310169 0.521667 0.317966 0.527500 0.326441 0.526667 0.327797 0.528333 0.329153 0.545833 0.334915 0.557500 0.336949 0.559167 0.339322 0.557500 0.342034 0.549167 0.345763 0.529167 0.346441 0.521667 0.346102 0.513333 0.344644 0.508083 0.338915 0.502417 0.334407 0.502500 0.326780 0.494167 0.321356 0.495000 0.318644 0.498333 0.311864 0.500833 0.301695 0.500833
5 0.242034 0.494167 0.243051 0.511667 0.246441 0.519167 0.252881 0.526667 0.257966 0.528333 0.271525 0.527500 0.278305 0.532500 0.284407 0.531667 0.286441 0.526667 0.286102 0.521667 0.287119 0.516667 0.285763 0.513333 0.285763 0.510833 0.281017 0.501667 0.261695 0.485833 0.251186 0.482500 0.243729 0.488333
3 0.287614 0.499758 0.277641 0.491733 0.267847 0.483267 0.256969 0.479700 0.248081 0.480142 0.241373 0.491292 0.233756 0.503325 0.233031 0.521600 0.232125 0.537650 0.230854 0.560383 0.224688 0.587583 0.219431 0.602733 0.211997 0.616108 0.207824 0.627700 0.204197 0.642858 0.202566 0.652217 0.201478 0.663808 0.204742 0.670050 0.208186 0.670500 0.215803 0.662025 0.222515 0.647758 0.230492 0.628592 0.236658 0.614325 0.240468 0.602292 0.246268 0.597383 0.248627 0.604967 0.247719 0.612992 0.241010 0.629483 0.234302 0.644192 0.226502 0.658017 0.222875 0.670500 0.223783 0.682533 0.233214 0.683875 0.240647 0.676742 0.251346 0.660242 0.260414 0.644192 0.272563 0.607642 0.280359 0.575100 0.286346 0.555033 0.289064 0.543450 0.292329 0.523833 0.293417 0.508675 0.290336 0.502433
1 0.628247 0.206833 0.617905 0.258450 0.614773 0.303125 0.610071 0.355508 0.606312 0.390175 0.603176 0.417133 0.599417 0.430233 0.596597 0.441783 0.597224 0.461817 0.600671 0.474908 0.609444 0.484925 0.615712 0.488008 0.620725 0.488008 0.626366 0.479533 0.631380 0.466442 0.631380 0.454117 0.631380 0.441783 0.629186 0.421758 0.627620 0.405583 0.627620 0.376308 0.628559 0.342417 0.630125 0.309292 0.631068 0.275400 0.631068 0.252283 0.631068 0.233025 0.631068 0.217625
3 0.711285 0.215308 0.702512 0.233025 0.698753 0.263842 0.697810 0.288492 0.697810 0.320842 0.697810 0.345500 0.695617 0.367833 0.692485 0.388633 0.693112 0.426383 0.699692 0.434858 0.719119 0.439475 0.727268 0.439475 0.740115 0.428692 0.742936 0.424067 0.741993 0.395567 0.739488 0.367833 0.733532 0.343958 0.733220 0.305442 0.736353 0.260758 0.735102 0.242275 0.729773 0.227633 0.726641 0.226867 0.722566 0.244583 0.718807 0.258450 0.715671 0.252283 0.713478 0.229950
3 0.760169 0.440250 0.756407 0.437167 0.751708 0.437933 0.747634 0.441017 0.738861 0.451033 0.734159 0.460275 0.728207 0.463358 0.723505 0.467975 0.720058 0.472600 0.722566 0.488008 0.723820 0.501875 0.726014 0.522675 0.730400 0.531917 0.736668 0.542700 0.743559 0.560417 0.752020 0.576592 0.756722 0.588917 0.763929 0.602783 0.772075 0.618192 0.784922 0.632833 0.791505 0.630517 0.792756 0.618192 0.789939 0.615108 0.784922 0.606642 0.782417 0.598167 0.783356 0.594317 0.786803 0.597392 0.793698 0.608175 0.797458 0.612800 0.799651 0.615883 0.803098 0.613575 0.804664 0.611258 0.803098 0.602783 0.798712 0.592775 0.794010 0.575825 0.788997 0.545783 0.779908 0.521133 0.772702 0.487233 0.768949 0.458000 0.765810 0.443325
3 0.724447 0.520358 0.727580 0.550400 0.736668 0.585842 0.743875 0.612033 0.749200 0.636683 0.749200 0.647467 0.744502 0.653625 0.741054 0.653625 0.735102 0.637450 0.730088 0.625125 0.723193 0.605100 0.717864 0.586608 0.716614 0.582758 0.712539 0.581217 0.710346 0.581217 0.709092 0.591233 0.714105 0.610492 0.718492 0.643617 0.721000 0.684442 0.720058 0.701392 0.715986 0.697533 0.709719 0.679817 0.705959 0.661333 0.702197 0.636683 0.695617 0.609717 0.692169 0.593542 0.686529 0.570433 0.681203 0.548092 0.675875 0.522675 0.673369 0.494942 0.673369 0.478767 0.676502 0.467975 0.683708 0.464900 0.693112 0.464900 0.699692 0.464900 0.712851 0.464900 0.718492 0.464900 0.720685 0.468750 0.724132 0.494167
1 0.396610 0.283333 0.394237 0.295000 0.394915 0.298333 0.393898 0.301667 0.394237 0.306667 0.393559 0.309167 0.394237 0.314167 0.393898 0.330833 0.392203 0.348333 0.392203 0.400833 0.393898 0.426667 0.393898 0.443333 0.393220 0.459167 0.392542 0.461667 0.392881 0.480833 0.395593 0.495000 0.399661 0.502500 0.404746 0.508333 0.408475 0.510000 0.412542 0.509167 0.421356 0.499167 0.427458 0.483333 0.429492 0.467500 0.429153 0.456667 0.426780 0.443333 0.427119 0.438333 0.425424 0.423333 0.422712 0.410833 0.417627 0.352500 0.415593 0.337500 0.410169 0.315000 0.410169 0.310833 0.408475 0.305833 0.408136 0.301667 0.405763 0.298333 0.406102 0.295000 0.401017 0.284167
2 0.336949 0.288333 0.333898 0.294167 0.333220 0.301667 0.333559 0.363333 0.332542 0.376667 0.332203 0.403333 0.330169 0.419167 0.328136 0.425833 0.327797 0.450000 0.328475 0.461667 0.332203 0.479167 0.337966 0.487500 0.343051 0.489167 0.349492 0.486667 0.358305 0.472500 0.360000 0.460000 0.360339 0.443333 0.358983 0.425000 0.354915 0.403333 0.350169 0.341667 0.347119 0.314167 0.343051 0.295000 0.338983 0.288333
0 0.464746 0.530833 0.454915 0.544167 0.454576 0.572500 0.463051 0.662500 0.466475 0.670417 0.468814 0.674167 0.472881 0.678333 0.475932 0.675000 0.478983 0.651667 0.477966 0.599167 0.481017 0.581667 0.481356 0.551667 0.475254 0.532500
0 0.491729 0.530583 0.483051 0.533667 0.491322 0.605167 0.495831 0.646333 0.502136 0.672250 0.509797 0.673083 0.510373 0.623917 0.509085 0.534417 0.504644 0.532917
0 0.513898 0.529167 0.511525 0.533333 0.513220 0.558333 0.529492 0.659167 0.536949 0.682500 0.544068 0.684167 0.544407 0.637500 0.536949 0.536667 0.535153 0.521917
0 0.540271 0.518167 0.540339 0.540000 0.555254 0.638333 0.563729 0.670833 0.565729 0.679500 0.571864 0.702500 0.578305 0.709167 0.588136 0.705833 0.588475 0.670000 0.579661 0.622500 0.565424 0.535000 0.561695 0.525000 0.554915 0.520000
0 0.580678 0.271667 0.577627 0.280000 0.574576 0.284167 0.573559 0.299167 0.570508 0.315833 0.569153 0.369167 0.567797 0.380833 0.567458 0.394167 0.560678 0.449167 0.561017 0.458333 0.560339 0.469167 0.561356 0.480000 0.564068 0.485000 0.571864 0.488333 0.580678 0.485833 0.584746 0.480000 0.586441 0.475000 0.587797 0.461667 0.587797 0.429167 0.586441 0.417500 0.587119 0.399167 0.586780 0.353333 0.587797 0.334167 0.587797 0.315000 0.584746 0.281667
0 0.550169 0.268333 0.536271 0.284167 0.531864 0.301667 0.525085 0.352500 0.518983 0.477500 0.519661 0.486667 0.524407 0.492500 0.550508 0.491667 0.555932 0.486667 0.557288 0.479167 0.554237 0.279167
0 0.487119 0.278333 0.482712 0.280833 0.474237 0.297500 0.472203 0.317500 0.472881 0.405000 0.470508 0.480833 0.474237 0.499167 0.495932 0.498333 0.506102 0.494167 0.509153 0.487500 0.501695 0.359167 0.493220 0.301667
0 0.454915 0.265833 0.450508 0.266667 0.447458 0.270000 0.444407 0.278333 0.443051 0.286667 0.442712 0.307500 0.441356 0.318333 0.441356 0.402500 0.439322 0.445833 0.439322 0.466667 0.440339 0.480000 0.442034 0.489167 0.445763 0.498333 0.451525 0.503333 0.462373 0.499167 0.467119 0.493333 0.468814 0.488333 0.469492 0.477500 0.467797 0.436667 0.466780 0.431667 0.465085 0.407500 0.463729 0.403333 0.463051 0.346667 0.462034 0.340000 0.461695 0.324167 0.461017 0.322500 0.461356 0.310000 0.460339 0.300000 0.460678 0.294167 0.459322 0.290833 0.458644 0.279167 0.456610 0.275000 0.456271 0.270000
2 0.663610 0.476742 0.655559 0.476200 0.650990 0.485833 0.643810 0.493858 0.640546 0.502417 0.639241 0.514183 0.641417 0.524883 0.645766 0.540400 0.650119 0.566608 0.654908 0.595500 0.659041 0.616892 0.664919 0.642575 0.668617 0.651667 0.673403 0.669858 0.680586 0.690717 0.686024 0.701950 0.693858 0.710508 0.700603 0.705700 0.700169 0.696600 0.695817 0.682692 0.690159 0.661300 0.686244 0.634550 0.683847 0.607800 0.682325 0.582658 0.678410 0.559117 0.674925 0.541467 0.671881 0.515258 0.670139 0.506158 0.666658 0.486900
5 0.752542 0.445833 0.747458 0.445000 0.732881 0.463333 0.724407 0.470833 0.722373 0.475000 0.721695 0.484167 0.723051 0.498333 0.728136 0.515000 0.732881 0.519167 0.736610 0.515833 0.741695 0.506667 0.742373 0.502500 0.742034 0.490000 0.742712 0.487500 0.748475 0.480833 0.754237 0.466667 0.754576 0.454167
1 0.587119 0.505833 0.577966 0.522500 0.578305 0.559167 0.595254 0.670833 0.604068 0.701667 0.612203 0.710000 0.614915 0.705833 0.613559 0.660000 0.605424 0.595000 0.605763 0.531667 0.601695 0.517500
2 0.620000 0.500833 0.610508 0.515000 0.610508 0.541667 0.614237 0.567500 0.619017 0.605833 0.623966 0.623583 0.627288 0.632417 0.631797 0.640833 0.636644 0.641000 0.639525 0.633333 0.639220 0.624167 0.639390 0.616917 0.639661 0.604167 0.641017 0.582500 0.641017 0.529167 0.639322 0.519167 0.635593 0.511667 0.626441 0.500833
3 0.770847 0.202500 0.763729 0.201667 0.759661 0.208333 0.757966 0.227500 0.757288 0.247500 0.755254 0.255000 0.750847 0.285000 0.749492 0.309167 0.747458 0.317500 0.746441 0.341667 0.743051 0.353333 0.741356 0.368333 0.741017 0.386667 0.742712 0.405833 0.749153 0.417500 0.755932 0.421667 0.764746 0.420833 0.780000 0.408333 0.783729 0.401667 0.786102 0.388333 0.786441 0.375833 0.785763 0.367500 0.779322 0.331667 0.777288 0.310833 0.777627 0.238333 0.776610 0.211667 0.774915 0.205000
2 0.638983 0.285000 0.634915 0.309167 0.635932 0.318333 0.629492 0.440000 0.632203 0.457500 0.636610 0.467500 0.649492 0.475833 0.658305 0.464167 0.660678 0.442500 0.653559 0.376667 0.650169 0.296667 0.643729 0.285833
1 0.424407 0.531667 0.418644 0.540833 0.416949 0.552500 0.421695 0.640000 0.422034 0.660000 0.424407 0.691667 0.427458 0.715000 0.431864 0.727500 0.437627 0.730000 0.442712 0.720000 0.444746 0.706667 0.449153 0.620000 0.449153 0.577500 0.444068 0.552500 0.436271 0.533333
2 0.391186 0.520833 0.385085 0.525833 0.379322 0.534167 0.377288 0.542500 0.376610 0.556667 0.378644 0.575833 0.382373 0.595833 0.383729 0.628333 0.386102 0.648333 0.385424 0.657500 0.386102 0.669167 0.387797 0.676667 0.388136 0.685000 0.391864 0.703333 0.392881 0.705833 0.395932 0.706667 0.397288 0.705000 0.397288 0.702500 0.400339 0.695000 0.402034 0.683333 0.403051 0.668333 0.402712 0.654167 0.405085 0.624167 0.405763 0.595833 0.410169 0.558333 0.410508 0.547500 0.409153 0.535833 0.408136 0.533333 0.404407 0.529167 0.400678 0.527500 0.396271 0.521667
2 0.365424 0.505000 0.360678 0.505000 0.352000 0.512083 0.349153 0.515000 0.346847 0.518417 0.345492 0.528500 0.343153 0.542417 0.342339 0.570250 0.342034 0.585833 0.341695 0.616667 0.340000 0.639167 0.339661 0.657500 0.338305 0.666667 0.338305 0.670833 0.336949 0.689167 0.336271 0.697500 0.336271 0.710000 0.337966 0.717500 0.343051 0.714167 0.350508 0.701667 0.352508 0.690000 0.354915 0.682500 0.359661 0.658333 0.360271 0.650750 0.361627 0.640000 0.364068 0.622500 0.366780 0.599167 0.374237 0.560833 0.377627 0.538250 0.377593 0.525000 0.372271 0.513583
