2 0.364226 0.307590 0.363570 0.340470 0.363355 0.379731 0.364226 0.410157 0.367488 0.448433 0.368795 0.475918 0.374669 0.491134 0.379457 0.499478 0.384246 0.494075 0.393819 0.474933 0.400999 0.467082 0.405788 0.455799 0.406658 0.438619 0.404917 0.423896 0.401870 0.404269 0.397737 0.381694 0.394907 0.357649 0.390774 0.338015 0.385768 0.312500 0.379676 0.299739 0.374887 0.284030 0.370536 0.274709 0.369011 0.274709
0 0.461615 0.508955 0.454997 0.510448 0.447717 0.517164 0.446393 0.534328 0.452019 0.591791 0.454004 0.663433 0.459298 0.681343 0.463600 0.683582 0.467902 0.674627 0.470218 0.655224 0.470549 0.602985 0.475513 0.561194 0.476175 0.520149 0.474520 0.514179
0 0.481469 0.510448 0.477167 0.514179 0.476837 0.640299 0.478160 0.661940 0.481800 0.682836 0.484447 0.687313 0.488418 0.687313 0.492058 0.682836 0.493250 0.677612 0.492720 0.671642 0.493382 0.658209 0.494011 0.653358 0.494507 0.647313 0.495367 0.639552 0.497684 0.591791 0.501985 0.549254 0.498345 0.511940
0 0.505956 0.514925 0.503640 0.520149 0.503971 0.547015 0.512905 0.636567 0.515884 0.650746 0.516545 0.677612 0.520847 0.697761 0.524818 0.697761 0.527134 0.689552 0.527796 0.676119 0.525811 0.523881 0.520847 0.514925
0 0.532098 0.514925 0.528127 0.523134 0.528789 0.544776 0.536731 0.623134 0.541363 0.644776 0.540371 0.659701 0.544341 0.691045 0.549305 0.694776 0.552614 0.689552 0.554302 0.681418 0.555592 0.667910 0.555592 0.526119 0.551621 0.515672
0 0.565189 0.273881 0.563865 0.276866 0.562210 0.286567 0.561549 0.307463 0.559894 0.317164 0.560556 0.338060 0.559232 0.348507 0.559894 0.361194 0.559563 0.371642 0.555592 0.416418 0.555592 0.428358 0.554931 0.430597 0.553607 0.455224 0.554269 0.464179 0.556254 0.470149 0.562541 0.479104 0.569159 0.482090 0.575116 0.479104 0.581072 0.470149 0.583388 0.456716 0.583388 0.422388 0.582396 0.411940 0.582396 0.391045 0.581734 0.388806 0.581734 0.360448 0.580543 0.355224 0.580741 0.344030 0.579749 0.333582 0.580079 0.330597 0.579351 0.324552 0.578987 0.316269 0.578756 0.311194 0.577763 0.306716 0.578094 0.302239 0.576605 0.297910 0.576109 0.294776 0.575381 0.291866 0.574884 0.286866 0.574785 0.283209 0.573825 0.280075 0.573130 0.278358 0.568829 0.273881
0 0.527134 0.252985 0.524156 0.255970 0.524487 0.259701 0.521840 0.268657 0.520185 0.278358 0.519854 0.288806 0.520516 0.294776 0.519193 0.317164 0.519193 0.326866 0.515884 0.347015 0.515222 0.373134 0.513898 0.382090 0.513567 0.393284 0.512905 0.395522 0.513236 0.400000 0.510920 0.411194 0.509927 0.439552 0.509927 0.474627 0.510920 0.485075 0.512905 0.487313 0.530774 0.488806 0.537062 0.485821 0.546989 0.476119 0.549305 0.470896 0.550298 0.461940 0.549636 0.431343 0.546327 0.401493 0.545334 0.385821 0.545665 0.379851 0.545003 0.376866 0.545665 0.373881 0.545334 0.353731 0.545996 0.350746 0.545996 0.332836 0.545003 0.322388 0.545665 0.319403 0.544672 0.308209 0.545003 0.302239 0.544011 0.299254 0.544672 0.296269 0.544011 0.291791 0.544672 0.286567 0.543680 0.283582 0.544341 0.278358 0.542356 0.266418 0.540702 0.262687 0.539047 0.262687 0.538054 0.260448 0.534745 0.255224 0.532098 0.254478
0 0.470549 0.261194 0.469887 0.261940 0.469887 0.265672 0.469226 0.269403 0.468233 0.271642 0.468233 0.279851 0.467240 0.282836 0.466578 0.290299 0.467240 0.295522 0.467902 0.302239 0.466578 0.315672 0.466909 0.323134 0.468233 0.329851 0.467902 0.335821 0.468895 0.342537 0.469226 0.367164 0.469887 0.372388 0.469887 0.392537 0.468233 0.441045 0.468233 0.466418 0.469226 0.478358 0.471211 0.484328 0.476175 0.489552 0.494705 0.489552 0.507280 0.485821 0.508934 0.482836 0.508934 0.473134 0.507942 0.464925 0.506949 0.417164 0.502978 0.388806 0.501324 0.370149 0.500993 0.357463 0.499669 0.346269 0.499669 0.334328 0.498015 0.316418 0.498676 0.311194 0.498345 0.306716 0.496691 0.302985 0.493614 0.294851 0.490040 0.285896 0.484116 0.274627 0.482131 0.270896 0.480807 0.269403 0.478756 0.265448 0.476406 0.264478 0.472535 0.261940
0 0.447055 0.302985 0.445731 0.305970 0.441760 0.309701 0.440503 0.313582 0.439444 0.318657 0.438551 0.321940 0.438120 0.325373 0.437128 0.339552 0.436466 0.396269 0.435142 0.414179 0.436135 0.467164 0.438782 0.476866 0.442091 0.481343 0.447717 0.485075 0.453342 0.484328 0.459629 0.480597 0.463931 0.474627 0.465586 0.466418 0.465586 0.431343 0.463600 0.408209 0.462608 0.380597 0.460622 0.368657 0.459960 0.350000 0.460291 0.329104 0.459596 0.322687 0.458968 0.314179 0.457313 0.308955 0.454997 0.305970
2 0.251800 0.278761 0.257512 0.297687 0.261516 0.318336 0.264335 0.335299 0.266529 0.342366 0.267783 0.338828 0.266529 0.328231 0.263468 0.314104 0.260887 0.300672 0.256188 0.286537 0.255248 0.276642 0.255248 0.272403 0.258693 0.270284 0.270288 0.274522 0.280003 0.299254 0.282823 0.318336 0.284391 0.339537 0.286582 0.362149 0.289404 0.391828 0.290007 0.417836 0.291198 0.442090 0.289715 0.456142 0.283762 0.463910 0.276555 0.470276 0.269974 0.466739 0.262141 0.458261 0.256502 0.456142 0.251175 0.450485 0.247727 0.447657 0.244593 0.431403 0.244279 0.415149 0.246473 0.391828 0.248041 0.367097 0.247101 0.323284 0.245533 0.304910 0.245847 0.285828 0.246787 0.275933
2 0.289606 0.291791 0.293888 0.289806 0.297793 0.295769 0.301694 0.307410 0.303709 0.327007 0.304719 0.343769 0.306228 0.355127 0.307363 0.355694 0.307614 0.348590 0.306357 0.329284 0.305347 0.312522 0.304719 0.294351 0.306482 0.282701 0.309755 0.279582 0.314792 0.289522 0.317435 0.303724 0.321214 0.318493 0.324993 0.330985 0.327009 0.344052 0.331668 0.367619 0.333432 0.381254 0.336704 0.396873 0.339474 0.409082 0.342624 0.438336 0.343001 0.450552 0.341363 0.462761 0.338216 0.468724 0.333809 0.474970 0.331668 0.477530 0.327386 0.478381 0.320334 0.477813 0.309504 0.478097 0.304719 0.477246 0.301317 0.471284 0.295275 0.468157 0.294517 0.465888 0.292627 0.454239 0.290993 0.446291 0.290361 0.429246 0.290109 0.411075 0.291244 0.392045 0.291999 0.381821 0.291244 0.351433 0.290867 0.330701 0.289103 0.309970 0.288345 0.294351
2 0.651741 0.277761 0.654749 0.355776 0.654375 0.421925 0.649110 0.452448 0.643468 0.451604 0.636324 0.437187 0.627300 0.435493 0.624292 0.427858 0.620533 0.409201 0.620533 0.378672 0.622035 0.350687 0.625043 0.318463 0.626923 0.281149 0.630308 0.265037 0.639709 0.249776 0.644970 0.256567
1 0.567836 0.503731 0.563203 0.508955 0.558240 0.529851 0.563865 0.665672 0.569490 0.699254 0.572799 0.705970 0.576439 0.721642 0.581403 0.725373 0.588352 0.721642 0.588021 0.712687 0.590338 0.697015 0.590007 0.556716 0.585043 0.523134 0.573461 0.505224
4 0.221684 0.448828 0.212981 0.447194 0.206995 0.445149 0.203551 0.448828 0.199924 0.459052 0.198835 0.467231 0.198475 0.486858 0.197929 0.499127 0.196479 0.513851 0.192306 0.537164 0.190132 0.558433 0.188319 0.577239 0.188137 0.599328 0.189768 0.618134 0.192306 0.625910 0.196115 0.622634 0.199381 0.606276 0.200831 0.593194 0.202826 0.582560 0.205728 0.570291 0.209715 0.566612 0.210079 0.580104 0.206995 0.591963 0.204639 0.599731 0.203187 0.613231 0.207177 0.619776 0.211347 0.616500 0.219871 0.601776 0.228574 0.585015 0.232565 0.565791 0.236734 0.540022 0.241449 0.528985 0.247071 0.514672 0.250698 0.499948 0.252151 0.486045 0.251423 0.470500 0.250698 0.461918 0.243084 0.458231 0.239093 0.457418 0.231840 0.456597 0.229844 0.455784
3 0.289216 0.482366 0.283958 0.482366 0.277972 0.480321 0.271807 0.482366 0.259656 0.476231 0.254762 0.481545 0.252584 0.490545 0.250953 0.499127 0.249682 0.508948 0.249140 0.521216 0.248415 0.540022 0.248233 0.567425 0.246056 0.593194 0.243154 0.612000 0.239348 0.628769 0.236264 0.650448 0.234269 0.663940 0.232455 0.681933 0.232455 0.692157 0.236446 0.690933 0.243336 0.680299 0.251314 0.663530 0.253855 0.647582 0.258749 0.623455 0.263829 0.612000 0.265824 0.608731 0.265278 0.624269 0.259656 0.643082 0.255122 0.661485 0.252584 0.679075 0.254034 0.693799 0.259477 0.691343 0.266731 0.676619 0.277429 0.647172 0.284318 0.629590 0.288670 0.598918 0.292296 0.580104 0.294838 0.562112 0.299732 0.540022 0.302998 0.520396 0.306261 0.503627 0.303723 0.494634 0.297737 0.486455
3 0.309696 0.499552 0.312426 0.501172 0.314785 0.510582 0.318412 0.520806 0.320768 0.524075 0.325665 0.526119 0.330559 0.527754 0.338359 0.529396 0.346701 0.529396 0.353408 0.530209 0.355043 0.532664 0.357035 0.537978 0.355768 0.548612 0.351959 0.561701 0.348332 0.580104 0.346701 0.600552 0.343435 0.636948 0.332555 0.683978 0.327114 0.701978 0.318954 0.714649 0.308620 0.715881 0.306985 0.714246 0.309345 0.698291 0.314967 0.672119 0.319500 0.646358 0.322399 0.624269 0.321314 0.611597 0.316598 0.620590 0.312247 0.638179 0.306443 0.685209 0.302452 0.697888 0.297376 0.707291 0.292842 0.706067 0.289216 0.688067 0.290122 0.660672 0.293203 0.625500 0.299007 0.592373 0.301003 0.574381 0.303541 0.555978 0.304811 0.535119 0.306807 0.517530 0.306985 0.508127
4 0.813144 0.285478 0.814451 0.329052 0.811840 0.349664 0.810794 0.380881 0.814189 0.412679 0.812882 0.433881 0.805050 0.460381 0.794864 0.472157 0.777892 0.461560 0.770841 0.438000 0.771625 0.423276 0.773974 0.380881 0.776846 0.339067 0.776846 0.317866 0.781287 0.296664 0.785205 0.309030 0.788077 0.327873 0.792776 0.340836 0.796694 0.342007 0.799044 0.335530 0.801916 0.319045 0.803484 0.300201 0.806876 0.287239 0.811578 0.284299
3 0.764315 0.282530 0.767445 0.311978 0.769798 0.363799 0.775020 0.398545 0.774497 0.421515 0.771363 0.437410 0.765357 0.445657 0.756218 0.452724 0.747862 0.455082 0.740549 0.452134 0.734024 0.449784 0.729583 0.432112 0.727756 0.412679 0.728537 0.387358 0.728279 0.359679 0.727756 0.333179 0.728537 0.307851 0.737938 0.295485 0.742902 0.297843 0.745513 0.303142 0.744206 0.326112 0.748908 0.332000 0.752823 0.324933 0.756218 0.295485 0.765357 0.274873
3 0.721750 0.289597 0.713666 0.298433 0.710523 0.314925 0.707379 0.325522 0.703739 0.314925 0.700338 0.291366 0.691459 0.292545 0.690668 0.333731 0.689378 0.367313 0.685175 0.395000 0.681800 0.415000 0.680751 0.436239 0.679970 0.453903 0.685192 0.471567 0.690414 0.472157 0.703994 0.468037 0.709216 0.465679 0.716787 0.467448 0.721228 0.466858 0.727756 0.453313 0.732455 0.440948 0.730367 0.424455 0.726972 0.400903 0.724100 0.382060 0.723054 0.356731 0.721228 0.338478 0.722273 0.309030 0.722273 0.303142
4 0.233951 0.293284 0.227002 0.294030 0.223693 0.297015 0.212773 0.301493 0.209795 0.308209 0.207809 0.317164 0.208140 0.354478 0.206486 0.374627 0.204169 0.385075 0.202846 0.398507 0.203508 0.414925 0.206486 0.426866 0.211118 0.436567 0.219060 0.446269 0.224024 0.449254 0.229980 0.449254 0.236929 0.444776 0.240900 0.438060 0.243216 0.427612 0.243547 0.391791 0.242555 0.362687 0.241231 0.347015 0.241893 0.340299 0.240900 0.322388 0.237922 0.297761 0.236598 0.294776
2 0.369954 0.501493 0.363666 0.501493 0.360357 0.503731 0.354070 0.512687 0.352085 0.517910 0.351092 0.524627 0.350430 0.543284 0.351092 0.548507 0.351092 0.562687 0.349768 0.590299 0.349107 0.699254 0.349768 0.701493 0.349437 0.706716 0.352085 0.712687 0.354732 0.712687 0.358372 0.705970 0.365983 0.669403 0.374586 0.596269 0.375910 0.591791 0.375910 0.586567 0.381205 0.561194 0.382859 0.547015 0.383190 0.532836 0.382197 0.528358 0.373263 0.506716
2 0.401059 0.505970 0.396757 0.507463 0.392124 0.511940 0.386499 0.523134 0.384514 0.532836 0.382859 0.573134 0.384183 0.667164 0.385506 0.686567 0.386598 0.693060 0.387426 0.698433 0.388484 0.703731 0.388484 0.705970 0.391794 0.708955 0.395069 0.705970 0.396757 0.701493 0.400728 0.690299 0.400728 0.685821 0.405030 0.658955 0.409001 0.600000 0.410986 0.592537 0.416281 0.547015 0.415950 0.537313 0.413302 0.529104 0.405361 0.509701
1 0.432495 0.504478 0.427201 0.506716 0.419259 0.523881 0.417273 0.534328 0.417273 0.545522 0.415288 0.571642 0.415950 0.628358 0.415288 0.641045 0.415288 0.657463 0.415950 0.661940 0.415619 0.682836 0.417273 0.689552 0.418597 0.705224 0.419921 0.711940 0.424553 0.711940 0.426208 0.714179 0.428855 0.714179 0.433819 0.705970 0.436135 0.697015 0.436797 0.691791 0.436135 0.685075 0.438782 0.674627 0.438782 0.661194 0.443084 0.624627 0.445400 0.569403 0.445400 0.546269 0.444739 0.533582 0.443415 0.525373 0.440768 0.517164 0.436797 0.508955
5 0.255129 0.486567 0.251820 0.495522 0.250827 0.500746 0.250496 0.510448 0.256453 0.536567 0.256453 0.557463 0.258438 0.576866 0.261085 0.579104 0.271343 0.578358 0.279616 0.580597 0.282263 0.577612 0.289212 0.561194 0.289543 0.555970 0.295831 0.540299 0.298147 0.524627 0.300132 0.517910 0.301787 0.501493 0.295500 0.490299 0.290205 0.485821 0.275314 0.487313 0.265387 0.483582 0.259100 0.483582
1 0.402713 0.273134 0.401721 0.276119 0.399073 0.277612 0.398081 0.280597 0.396095 0.282090 0.395433 0.289552 0.396426 0.294776 0.395764 0.297015 0.395764 0.306716 0.396426 0.309701 0.395764 0.315672 0.397088 0.326119 0.398743 0.330597 0.398081 0.338060 0.398743 0.341791 0.398743 0.354478 0.399735 0.361194 0.399735 0.382836 0.400728 0.391791 0.401059 0.411194 0.401423 0.417015 0.401125 0.425597 0.399173 0.449925 0.399404 0.469403 0.399404 0.471642 0.403375 0.486567 0.407346 0.494030 0.411979 0.498507 0.418928 0.498507 0.421575 0.496269 0.427862 0.486567 0.432826 0.472388 0.433819 0.462687 0.433819 0.440299 0.430179 0.408955 0.427201 0.367910 0.423891 0.346269 0.424553 0.341045 0.421575 0.329851 0.420582 0.319403 0.416281 0.298507 0.413964 0.292537 0.412310 0.284328 0.406023 0.276866 0.404699 0.273134
1 0.621112 0.267910 0.618134 0.267164 0.611185 0.270149 0.609530 0.276119 0.602581 0.290299 0.598279 0.311940 0.595963 0.319403 0.593977 0.332090 0.592323 0.370896 0.590668 0.380597 0.589014 0.402239 0.586698 0.414925 0.586367 0.425373 0.585374 0.431343 0.585374 0.458209 0.586698 0.465672 0.594639 0.484328 0.600265 0.489552 0.606883 0.489552 0.612839 0.482836 0.616810 0.473134 0.619126 0.456716 0.619788 0.438060 0.619126 0.435821 0.619126 0.424627 0.618134 0.419403 0.617803 0.409701 0.618134 0.376119 0.621774 0.335821 0.622766 0.307463 0.624421 0.288060 0.623759 0.270896
3 0.697551 0.499254 0.695235 0.508955 0.695566 0.525373 0.700529 0.546269 0.710788 0.570149 0.724024 0.614179 0.732627 0.635821 0.743547 0.655224 0.750165 0.655970 0.750827 0.644030 0.748180 0.630597 0.746195 0.626119 0.743614 0.615522 0.740139 0.606269 0.740437 0.601194 0.740205 0.595373 0.743283 0.591791 0.745566 0.593507 0.748511 0.600746 0.751820 0.610448 0.762409 0.618657 0.765718 0.614179 0.766380 0.600000 0.758438 0.563433 0.747518 0.488060 0.740900 0.476119 0.730311 0.474627 0.716744 0.489552 0.713435 0.487313 0.705824 0.488806
2 0.637657 0.493284 0.623097 0.507463 0.621774 0.511194 0.621774 0.516418 0.623097 0.529851 0.628392 0.562687 0.629385 0.575373 0.631039 0.582090 0.631039 0.600746 0.633024 0.614179 0.633686 0.638806 0.636334 0.643284 0.637657 0.652239 0.637326 0.660448 0.642290 0.685821 0.646261 0.694776 0.648246 0.695522 0.650563 0.694776 0.652548 0.689552 0.654533 0.670896 0.654864 0.596269 0.656188 0.564179 0.655857 0.552239 0.657181 0.545522 0.658504 0.521642 0.657842 0.517164 0.654864 0.508955 0.643283 0.494030
2 0.602250 0.498507 0.598610 0.501493 0.593647 0.514179 0.590007 0.519403 0.588683 0.523881 0.588352 0.533582 0.589676 0.544776 0.593647 0.561940 0.594639 0.573881 0.597948 0.594030 0.598941 0.607463 0.600596 0.614179 0.601919 0.634328 0.604897 0.649254 0.604897 0.661194 0.605890 0.670149 0.608537 0.677612 0.611516 0.696269 0.614163 0.699254 0.618796 0.700746 0.620119 0.694776 0.620450 0.683582 0.622435 0.675373 0.623097 0.660448 0.622435 0.654478 0.622766 0.625373 0.622105 0.623134 0.622435 0.617910 0.621443 0.614925 0.622435 0.611940 0.622766 0.600746 0.621774 0.577612 0.622105 0.555970 0.621112 0.544776 0.621112 0.526119 0.619126 0.514179 0.613170 0.502239 0.606552 0.498507
