5 0.289492 0.457353 0.288136 0.450735 0.283729 0.444853 0.269153 0.447059 0.266780 0.448529 0.265424 0.451471 0.263051 0.466912 0.267458 0.471324 0.273898 0.475000 0.283390 0.475000 0.288475 0.467647 0.289492 0.463235
2 0.395932 0.505882 0.387797 0.502941 0.380678 0.503676 0.376949 0.505882 0.372542 0.514706 0.368814 0.532353 0.368475 0.546324 0.369153 0.552206 0.367119 0.563971 0.365085 0.591176 0.363390 0.634559 0.363729 0.644853 0.362034 0.670588 0.362373 0.681618 0.363729 0.686029 0.363390 0.688971 0.365085 0.691912 0.368814 0.691912 0.372881 0.688971 0.372881 0.686029 0.374576 0.682353 0.378983 0.658088 0.385085 0.638971 0.388136 0.625000 0.391525 0.591176 0.395254 0.575735 0.399322 0.549265 0.403729 0.543382 0.406102 0.536029 0.406780 0.524265 0.405424 0.516912
2 0.417288 0.504412 0.411186 0.505147 0.406441 0.510294 0.408136 0.527941 0.401695 0.552941 0.403729 0.699265 0.407797 0.702206 0.414576 0.681618 0.421356 0.638235 0.423729 0.599265 0.432881 0.544118 0.432203 0.533088 0.428475 0.516912
1 0.447458 0.512500 0.438983 0.515441 0.434576 0.523529 0.434576 0.550000 0.431525 0.567647 0.434576 0.700735 0.435932 0.712500 0.439661 0.722794 0.445085 0.721324 0.444068 0.716912 0.448136 0.712500 0.453220 0.690441 0.458305 0.623529 0.458644 0.588235 0.461356 0.555882 0.460000 0.530147 0.452542 0.516176
5 0.738983 0.442647 0.739661 0.451471 0.745763 0.459559 0.760678 0.461765 0.764746 0.460294 0.767797 0.455147 0.767458 0.447794 0.765424 0.440441 0.763729 0.437500 0.744407 0.432353 0.740339 0.437500
5 0.680678 0.424265 0.680000 0.447059 0.681356 0.458088 0.683729 0.467647 0.691525 0.479412 0.696610 0.483824 0.701017 0.485294 0.717627 0.486765 0.725085 0.483824 0.729492 0.471324 0.729153 0.462500 0.724407 0.455147 0.712881 0.449265 0.706102 0.438235 0.693559 0.435294 0.689831 0.430882 0.685424 0.421324 0.681695 0.422059
5 0.655593 0.343382 0.653898 0.345588 0.652203 0.399265 0.650508 0.413235 0.647119 0.425000 0.641017 0.433088 0.639322 0.438971 0.638983 0.447794 0.642034 0.464706 0.645763 0.474265 0.651186 0.479412 0.659661 0.481618 0.662712 0.480147 0.667797 0.471324 0.669492 0.458824 0.672542 0.452206 0.672881 0.441912 0.669831 0.427941 0.667119 0.424265 0.663390 0.422059 0.661017 0.416176 0.660678 0.392647 0.659661 0.387500 0.660000 0.367647 0.659322 0.346324 0.658305 0.343382
6 0.299661 0.440441 0.304068 0.456618 0.310169 0.463235 0.317966 0.467647 0.333559 0.467647 0.342712 0.462500 0.346441 0.457353 0.353220 0.452941 0.383729 0.458088 0.396271 0.456618 0.420000 0.458088 0.423051 0.460294 0.428475 0.460294 0.438644 0.464706 0.443729 0.464706 0.446780 0.461765 0.453559 0.460294 0.459661 0.452206 0.461356 0.440441 0.467119 0.427941 0.468136 0.421324 0.468136 0.410294 0.467458 0.407353 0.461695 0.407353 0.445424 0.413971 0.436610 0.413235 0.430847 0.410294 0.424746 0.411029 0.423729 0.412500 0.423051 0.418382 0.423390 0.423529 0.422373 0.430147 0.419661 0.432353 0.405763 0.422794 0.403390 0.422794 0.400678 0.426471 0.397627 0.425735 0.388136 0.416176 0.381017 0.413235 0.373220 0.406618 0.364746 0.407353 0.357966 0.417647 0.355254 0.417647 0.353559 0.416176 0.349492 0.405147 0.341695 0.396324 0.334576 0.393382 0.328475 0.393382 0.322373 0.397059 0.302712 0.416912 0.300339 0.424265
5 0.368475 0.533088 0.368475 0.543382 0.370508 0.550000 0.373220 0.552206 0.378644 0.552941 0.389153 0.549265 0.394237 0.541912 0.400000 0.544118 0.403390 0.542647 0.405763 0.537500 0.407119 0.525735 0.404746 0.516176 0.396271 0.505882 0.385085 0.502206 0.379661 0.503676 0.374915 0.508824 0.372203 0.515441 0.370169 0.528676
5 0.338983 0.518382 0.334915 0.513235 0.329153 0.510294 0.314915 0.507353 0.307458 0.494853 0.304407 0.492647 0.298305 0.491912 0.290169 0.497059 0.285763 0.503676 0.282034 0.517647 0.281356 0.524265 0.281356 0.535294 0.286102 0.552941 0.285085 0.558088 0.282712 0.564706 0.282034 0.571324 0.279661 0.574265 0.277288 0.580882 0.274237 0.583824 0.274576 0.586765 0.275932 0.588235 0.271864 0.589706 0.267797 0.596324 0.266102 0.608088 0.268136 0.609559 0.271186 0.607353 0.276271 0.594118 0.278983 0.591176 0.280339 0.583824 0.287119 0.577206 0.289831 0.569118 0.292542 0.567647 0.298644 0.568382 0.302373 0.573529 0.303051 0.576471 0.302373 0.580147 0.312542 0.571324 0.316271 0.565441 0.319661 0.562500 0.322373 0.557353 0.331525 0.547059 0.333898 0.537500 0.335593 0.534559 0.336610 0.527941 0.338983 0.523529
1 0.608186 0.238044 0.612627 0.277132 0.616020 0.330941 0.616020 0.380787 0.616020 0.448757 0.613671 0.479338 0.604793 0.490103 0.595651 0.485007 0.587034 0.471412 0.582336 0.445353 0.584946 0.413074 0.589908 0.349632 0.594607 0.295824 0.598525 0.255603 0.602180 0.235779 0.605315 0.228419
3 0.714729 0.258441 0.707156 0.296390 0.702454 0.325838 0.699322 0.354728 0.693576 0.387015 0.687569 0.406838 0.681563 0.419868 0.679475 0.423831 0.678431 0.440824 0.679214 0.466316 0.687308 0.481610 0.694620 0.488971 0.700627 0.495199 0.708722 0.493500 0.713159 0.491235 0.721776 0.492934 0.727783 0.492368 0.735095 0.466882 0.733790 0.427794 0.734051 0.381353 0.737444 0.342265 0.740580 0.313382 0.741363 0.280529 0.740841 0.264103 0.735095 0.274294 0.730658 0.292426 0.726217 0.316213 0.722563 0.335471 0.717078 0.354162 0.714207 0.355860 0.714729 0.333772 0.720993 0.302618 0.722041 0.282794 0.720471 0.268066 0.720210 0.258441 0.718383 0.256735
3 0.337461 0.507831 0.344207 0.522463 0.343773 0.531904 0.338766 0.550787 0.331586 0.564000 0.324624 0.574860 0.316136 0.590904 0.308085 0.608846 0.299814 0.628669 0.289807 0.648022 0.280014 0.668787 0.275444 0.677757 0.270437 0.686257 0.262603 0.695221 0.261298 0.694750 0.258905 0.694279 0.258034 0.688140 0.260210 0.673037 0.270220 0.644721 0.277183 0.627250 0.281973 0.618287 0.288719 0.601294 0.291112 0.589963 0.286542 0.590904 0.280885 0.602706 0.273919 0.623949 0.264780 0.645191 0.257817 0.660294 0.252593 0.669735 0.250200 0.670206 0.248024 0.669735 0.246502 0.668316 0.244759 0.665015 0.243671 0.658875 0.244980 0.642831 0.256295 0.613096 0.267393 0.580522 0.274356 0.557868 0.277620 0.548897 0.279142 0.538515 0.280014 0.530493 0.282624 0.510191 0.285234 0.502640 0.288498 0.495088 0.292417 0.490838 0.300034 0.488478 0.310044 0.494147 0.317007 0.497919 0.321139 0.502169 0.329410 0.504059
0 0.465634 0.227456 0.461715 0.262382 0.458668 0.294007 0.456492 0.316669 0.453664 0.348294 0.453227 0.375199 0.453664 0.400213 0.453881 0.421456 0.455186 0.441279 0.457363 0.464882 0.461281 0.473375 0.464542 0.473846 0.466939 0.479515 0.474336 0.471956 0.481519 0.456853 0.485000 0.444110 0.487610 0.428537 0.483695 0.395963 0.480210 0.354897 0.478688 0.308169 0.477383 0.280794 0.474553 0.244919 0.470637 0.231706
1 0.438793 0.229265 0.422810 0.268007 0.423753 0.295875 0.423437 0.331904 0.425946 0.383559 0.422881 0.402353 0.419661 0.445221 0.423085 0.470221 0.427824 0.480074 0.433464 0.480074 0.439105 0.477360 0.442864 0.476676 0.456966 0.468522 0.461668 0.456971 0.465115 0.440654 0.469186 0.409390 0.461041 0.384235 0.449447 0.325103 0.444119 0.263934
3 0.300949 0.270000 0.306824 0.278007 0.313349 0.303500 0.318573 0.326154 0.320102 0.326176 0.319424 0.317132 0.318356 0.309162 0.314875 0.296890 0.312261 0.290750 0.309217 0.282257 0.307692 0.266206 0.307692 0.259596 0.313569 0.261485 0.319444 0.266206 0.332719 0.287449 0.339898 0.317654 0.345556 0.355419 0.349692 0.393654 0.352302 0.414890 0.354261 0.435191 0.351214 0.468228 0.340769 0.473419 0.328583 0.471059 0.303122 0.468706 0.297902 0.460206 0.294854 0.447463 0.298553 0.413007 0.297031 0.385154 0.294200 0.340787 0.292678 0.308213 0.290285 0.284618 0.292024 0.274235 0.297247 0.266676
4 0.238871 0.473279 0.252973 0.484838 0.263000 0.486875 0.277414 0.497066 0.279295 0.499787 0.282742 0.510662 0.280549 0.519500 0.275220 0.533096 0.267075 0.548728 0.260180 0.569118 0.251407 0.586110 0.232919 0.609221 0.223831 0.618735 0.222576 0.620772 0.219444 0.611941 0.218505 0.607184 0.224769 0.588831 0.236678 0.570478 0.242319 0.552809 0.243885 0.538529 0.243573 0.535816 0.235112 0.544647 0.229471 0.558243 0.221010 0.579316 0.211610 0.604463 0.208163 0.598346 0.206908 0.579993 0.210983 0.559603 0.218505 0.534456 0.228844 0.511346 0.232292 0.493669
3 0.778983 0.273529 0.775932 0.271324 0.770508 0.272059 0.767797 0.270588 0.763729 0.280147 0.760339 0.282353 0.758983 0.285294 0.750847 0.322794 0.750169 0.330882 0.744068 0.353676 0.742034 0.372794 0.739322 0.386029 0.737288 0.402941 0.735593 0.408088 0.735593 0.411765 0.734576 0.415441 0.734915 0.433088 0.736610 0.440441 0.737627 0.463235 0.741017 0.471324 0.743729 0.475000 0.750847 0.476471 0.755593 0.475000 0.760000 0.471324 0.768814 0.458824 0.772203 0.447794 0.773220 0.438235 0.773220 0.418382 0.772203 0.404412 0.772542 0.366912 0.774576 0.339706 0.780000 0.294853 0.780000 0.279412
0 0.576610 0.511765 0.570508 0.516176 0.568136 0.522059 0.566780 0.529412 0.567119 0.554412 0.570508 0.582353 0.570508 0.605882 0.571525 0.612500 0.571864 0.636765 0.574237 0.644853 0.575254 0.670588 0.576610 0.674265 0.580339 0.702941 0.583390 0.712500 0.588136 0.720588 0.592203 0.720588 0.593898 0.716176 0.595593 0.705882 0.594576 0.700735 0.594576 0.689706 0.595593 0.674265 0.595254 0.658824 0.596271 0.652206 0.596610 0.597794 0.597627 0.590441 0.595932 0.534559 0.593898 0.522059 0.591186 0.516912 0.588475 0.513971 0.583390 0.511765
0 0.545424 0.514706 0.541017 0.516912 0.539322 0.525000 0.540000 0.544853 0.543051 0.562500 0.544746 0.581618 0.544746 0.609559 0.545424 0.614706 0.544407 0.627206 0.544746 0.636765 0.546441 0.642647 0.546780 0.655882 0.549831 0.681618 0.552203 0.691176 0.555593 0.691176 0.557288 0.689706 0.560000 0.681618 0.561695 0.663235 0.562373 0.575000 0.564068 0.533824 0.563729 0.523529 0.562034 0.517647 0.559661 0.515441
0 0.516949 0.519118 0.515254 0.521324 0.516271 0.525000 0.514237 0.527941 0.514237 0.530147 0.515593 0.533088 0.515254 0.541912 0.516949 0.557353 0.518644 0.564706 0.521017 0.601471 0.523051 0.614706 0.524068 0.638235 0.528136 0.663235 0.528475 0.669853 0.531525 0.677206 0.533220 0.688235 0.535593 0.691176 0.537966 0.691176 0.538983 0.689706 0.540000 0.683824 0.538983 0.677941 0.540000 0.675000 0.540000 0.665441 0.538983 0.662500 0.539661 0.660294 0.539661 0.650735 0.538644 0.646324 0.538983 0.616176 0.536949 0.583824 0.536610 0.545588 0.535254 0.534559 0.535593 0.516912 0.532542 0.513971 0.528136 0.516912
0 0.494576 0.522794 0.492881 0.527941 0.492542 0.541912 0.494237 0.558824 0.496271 0.600735 0.498305 0.621324 0.497966 0.629412 0.499661 0.638235 0.501695 0.662500 0.503729 0.667647 0.506780 0.669118 0.509492 0.667647 0.510508 0.665441 0.511525 0.659559 0.511186 0.654412 0.512542 0.650735 0.512881 0.626471 0.513559 0.624265 0.512881 0.570588 0.513898 0.558088 0.513559 0.536029 0.511864 0.529412 0.510169 0.527206 0.502712 0.527206 0.499322 0.522794
0 0.477966 0.518382 0.470169 0.523529 0.465763 0.529412 0.465085 0.534559 0.465085 0.547794 0.466102 0.567647 0.468475 0.582353 0.470508 0.627206 0.470169 0.635294 0.471525 0.642647 0.472542 0.658824 0.475254 0.666912 0.479322 0.669853 0.483051 0.666176 0.485085 0.653676 0.485763 0.594853 0.490508 0.546324 0.490169 0.531618 0.488814 0.525735 0.485085 0.519853
0 0.512542 0.238235 0.508814 0.238235 0.501695 0.246324 0.496949 0.261765 0.497966 0.271324 0.496949 0.274265 0.496949 0.283824 0.495932 0.286765 0.495254 0.294118 0.496271 0.299265 0.494576 0.310294 0.494915 0.314706 0.493220 0.324265 0.493898 0.330147 0.492542 0.336765 0.492542 0.348529 0.490847 0.367647 0.490847 0.388235 0.489492 0.396324 0.489831 0.409559 0.488475 0.426471 0.488475 0.438235 0.486780 0.447059 0.485424 0.461029 0.486441 0.478676 0.488136 0.483088 0.490169 0.485294 0.499661 0.486029 0.501695 0.487500 0.514237 0.486029 0.515932 0.483088 0.516610 0.476471 0.515932 0.453676 0.516949 0.431618 0.515932 0.406618 0.516610 0.404412 0.516610 0.384559 0.517627 0.380882 0.517288 0.377206 0.518644 0.374265 0.518983 0.366912 0.518305 0.355147 0.518644 0.329412 0.517627 0.324265 0.518305 0.308824 0.516610 0.291176 0.516610 0.283088 0.517627 0.280147 0.515593 0.252206 0.516610 0.247059 0.515254 0.241176
0 0.528475 0.236765 0.524407 0.240441 0.524407 0.264706 0.525085 0.272059 0.523729 0.288235 0.524068 0.302941 0.522712 0.319853 0.522712 0.327206 0.523729 0.333088 0.522712 0.350000 0.523051 0.365441 0.521356 0.379412 0.520678 0.402206 0.518644 0.428676 0.518644 0.435294 0.520000 0.440441 0.519661 0.444853 0.520339 0.450000 0.519322 0.455147 0.519322 0.465441 0.517627 0.470588 0.517627 0.475000 0.518983 0.483088 0.521017 0.486765 0.525424 0.488971 0.537288 0.490441 0.545763 0.481618 0.547119 0.478676 0.548136 0.472794 0.547797 0.433088 0.545763 0.416176 0.545763 0.408088 0.546441 0.405147 0.545763 0.344853 0.546441 0.340441 0.545763 0.338235 0.545424 0.316912 0.544746 0.314706 0.545424 0.311765 0.544746 0.306618 0.545424 0.302206 0.544407 0.299265 0.545085 0.295588 0.543729 0.283088 0.544407 0.277941 0.540678 0.254412 0.536610 0.243382 0.531864 0.238235
0 0.564746 0.276471 0.559322 0.293382 0.560000 0.299265 0.556271 0.322794 0.554237 0.404412 0.551186 0.437500 0.551525 0.463971 0.552542 0.469853 0.556610 0.476471 0.570508 0.478676 0.575932 0.475000 0.577966 0.470588 0.578983 0.460294 0.575932 0.369118 0.576271 0.313235 0.572542 0.287500 0.569492 0.283088 0.569153 0.278676
2 0.353586 0.401154 0.361854 0.375669 0.372081 0.374250 0.381658 0.386522 0.387532 0.400684 0.389058 0.404463 0.393190 0.416265 0.397325 0.431368 0.397759 0.446941 0.397108 0.458272 0.392756 0.471485 0.385573 0.477625 0.373390 0.477625 0.365119 0.471485 0.359461 0.471015 0.356414 0.469125 0.352498 0.466765 0.352932 0.407294
2 0.393627 0.417676 0.396888 0.403985 0.405159 0.405404 0.413210 0.414375 0.420610 0.417676 0.423875 0.432309 0.424742 0.454022 0.422786 0.470544 0.420173 0.471485 0.415169 0.469125 0.402766 0.464882 0.397976 0.467713 0.396237 0.467243 0.391668 0.462522 0.392973 0.422397
2 0.632475 0.252794 0.623593 0.302051 0.618108 0.349632 0.614976 0.431765 0.613410 0.464618 0.620722 0.477640 0.627251 0.485574 0.635346 0.488971 0.641088 0.486140 0.646051 0.471412 0.646312 0.449324 0.642393 0.415338 0.639000 0.347368 0.640044 0.289588 0.635356 0.249926
2 0.673990 0.240882 0.660414 0.262404 0.652319 0.306015 0.648400 0.346235 0.644224 0.389279 0.639525 0.428382 0.637966 0.453824 0.642915 0.481610 0.647617 0.491235 0.659892 0.495199 0.667725 0.494066 0.674251 0.486706 0.678431 0.476507 0.675831 0.450441 0.671641 0.426662 0.669031 0.391544 0.667725 0.350199 0.671641 0.292993
0 0.608136 0.502206 0.602712 0.509559 0.597288 0.534559 0.597627 0.546324 0.599322 0.555882 0.605763 0.580882 0.607797 0.592647 0.609492 0.608088 0.609831 0.619853 0.614576 0.652941 0.617288 0.666176 0.627458 0.691176 0.631186 0.691176 0.631864 0.689706 0.631525 0.686029 0.632542 0.683088 0.633220 0.672059 0.631186 0.638235 0.631186 0.608088 0.629153 0.570588 0.629153 0.534559 0.628475 0.525000 0.625085 0.516176 0.620339 0.509559 0.612542 0.502206
3 0.255593 0.255882 0.251864 0.261029 0.249492 0.266912 0.247458 0.275735 0.246441 0.286029 0.247458 0.316912 0.248814 0.333824 0.250169 0.341176 0.251864 0.363971 0.253559 0.373529 0.253898 0.405147 0.251525 0.430882 0.251525 0.451471 0.254915 0.463971 0.262373 0.470588 0.268475 0.480147 0.274576 0.483824 0.281288 0.490662 0.288339 0.484412 0.291559 0.475588 0.292915 0.467206 0.293559 0.459779 0.293220 0.448529 0.293220 0.442647 0.294237 0.436765 0.294237 0.425000 0.292542 0.408088 0.291186 0.403676 0.291186 0.399265 0.288814 0.383824 0.285424 0.369118 0.283390 0.363971 0.280339 0.325735 0.279322 0.322059 0.277627 0.305882 0.272542 0.283824 0.264068 0.261029 0.260339 0.255882
