0 0.484211 0.456000 0.461648 0.460561 0.459393 0.471944 0.458041 0.498131 0.459844 0.540262 0.463904 0.623383 0.467063 0.667785 0.472478 0.721299 0.478796 0.788477 0.483759 0.790757 0.483759 0.723579 0.490078 0.626794 0.487819 0.526598
0 0.505478 0.461299 0.488181 0.468888 0.486300 0.491664 0.492693 0.541953 0.494574 0.611215 0.497207 0.665299 0.502470 0.724131 0.511870 0.761131 0.516381 0.747850 0.514126 0.703252 0.513374 0.555234 0.513752 0.462243
0 0.522022 0.459402 0.512248 0.466991 0.510744 0.533411 0.512622 0.587495 0.516759 0.638729 0.519767 0.701355 0.520896 0.742159 0.525407 0.766832 0.528793 0.768729 0.533304 0.728869 0.537441 0.575159 0.537063 0.530561 0.538570 0.476477 0.535559 0.466047 0.531426 0.462243
2 0.623526 0.486421 0.610733 0.478514 0.599241 0.487738 0.599241 0.505533 0.598719 0.525963 0.601070 0.563523 0.603419 0.602393 0.607337 0.650495 0.608381 0.696626 0.611515 0.743402 0.613081 0.771738 0.616215 0.784262 0.621178 0.780963 0.624570 0.745383 0.627181 0.686738 0.629793 0.620841 0.630837 0.564841 0.631359 0.526617 0.627704 0.496308
2 0.407574 0.463037 0.390078 0.488075 0.385900 0.519037 0.383289 0.561215 0.384070 0.624467 0.386944 0.680477 0.391644 0.735168 0.397652 0.775364 0.405485 0.799748 0.415930 0.779318 0.423241 0.658075 0.416974 0.589542 0.421415 0.535514 0.421937 0.497953
2 0.380678 0.485439 0.367622 0.476215 0.362659 0.483458 0.356130 0.494000 0.351952 0.509813 0.351952 0.536832 0.351430 0.561215 0.352474 0.600748 0.353781 0.638963 0.353259 0.671252 0.351170 0.711449 0.351170 0.782607 0.356130 0.803037 0.361874 0.799084 0.378326 0.735832 0.388770 0.659393 0.387204 0.580981 0.389293 0.531561 0.395822 0.504542 0.391904 0.486757
2 0.349030 0.116243 0.373052 0.265813 0.379581 0.327093 0.385326 0.383103 0.384281 0.427252 0.378796 0.438458 0.365741 0.433187 0.360256 0.441748 0.347985 0.437140 0.341193 0.433187 0.339626 0.397598 0.336233 0.327093 0.338059 0.261206 0.341193 0.173570 0.344067 0.123486
2 0.389504 0.103065 0.405433 0.252636 0.415615 0.320505 0.420315 0.362682 0.423970 0.400234 0.415878 0.417374 0.410915 0.412103 0.399163 0.410121 0.384541 0.441093 0.379581 0.441093 0.373315 0.416710 0.369656 0.352140 0.372267 0.260542 0.372789 0.217056 0.375663 0.165000 0.379581 0.120850 0.384281 0.104383
2 0.647415 0.131374 0.658296 0.250533 0.656337 0.316972 0.654163 0.377374 0.652637 0.409224 0.651767 0.431738 0.645241 0.441065 0.636970 0.430084 0.629356 0.422402 0.621085 0.422402 0.615863 0.416907 0.612381 0.366944 0.614993 0.310383 0.622607 0.248336 0.625874 0.201664 0.632837 0.153888 0.639363 0.120393
3 0.353519 0.468308 0.359263 0.477533 0.359785 0.498617 0.356915 0.533542 0.350648 0.569776 0.347252 0.623150 0.342030 0.667299 0.334456 0.714084 0.322707 0.762187 0.311737 0.789860 0.304426 0.797766 0.299989 0.796449 0.299467 0.776682 0.303904 0.751645 0.318007 0.694972 0.321922 0.657411 0.322185 0.633692 0.319833 0.631056 0.313567 0.640944 0.310433 0.657411 0.305733 0.692336 0.302600 0.720009 0.296333 0.756252 0.293200 0.775364 0.289281 0.780636 0.283274 0.783271 0.279881 0.776682 0.279096 0.750981 0.278574 0.714084 0.283274 0.680477 0.288237 0.630402 0.295026 0.581636 0.292937 0.549355 0.291893 0.532879 0.293200 0.495981 0.295548 0.480822 0.301293 0.479505 0.314089 0.470944 0.317744 0.467645 0.323489 0.477533 0.328189 0.486093 0.338111 0.486093 0.345948 0.474897
1 0.426063 0.106355 0.444600 0.259224 0.450867 0.306673 0.454263 0.356748 0.454263 0.394963 0.445907 0.423963 0.431285 0.421981 0.420837 0.410121 0.411700 0.375196 0.408826 0.298103 0.409348 0.231551 0.408044 0.184112 0.408304 0.122832 0.407000 0.077364 0.411700 0.060888 0.420837 0.068140
3 0.287963 0.471776 0.283481 0.470841 0.280000 0.471682 0.275037 0.465140 0.271704 0.464206 0.263963 0.468411 0.258667 0.468411 0.253519 0.459252 0.248222 0.461495 0.237111 0.463084 0.232704 0.475981 0.230111 0.494206 0.228111 0.517383 0.228741 0.535514 0.229259 0.542710 0.229630 0.554206 0.229370 0.562243 0.229259 0.574766 0.228222 0.585421 0.227037 0.603738 0.225667 0.613458 0.223333 0.641121 0.219630 0.657944 0.218519 0.670093 0.213333 0.699065 0.212593 0.719626 0.213333 0.728037 0.215556 0.737383 0.219259 0.742056 0.225185 0.740187 0.227037 0.732710 0.228556 0.726449 0.229593 0.719346 0.231111 0.713084 0.233556 0.700935 0.235926 0.686916 0.238148 0.676636 0.240000 0.666355 0.240889 0.662336 0.241593 0.655047 0.243593 0.643645 0.247778 0.632710 0.249148 0.632056 0.249222 0.642430 0.247259 0.666916 0.245926 0.672897 0.244667 0.677570 0.242593 0.683178 0.241333 0.694393 0.236926 0.717477 0.233556 0.738037 0.233370 0.749907 0.235556 0.757944 0.240000 0.758879 0.242000 0.755514 0.243704 0.748598 0.245963 0.740841 0.247778 0.731776 0.250667 0.721776 0.256667 0.701869 0.258519 0.691589 0.267407 0.666355 0.273333 0.639252 0.275556 0.616822 0.280741 0.588785 0.282778 0.580280 0.285111 0.571308 0.287037 0.559813 0.290370 0.535514 0.295630 0.519720 0.297593 0.504299 0.297444 0.478785
0 0.544211 0.454654 0.538193 0.454654 0.536689 0.504000 0.540074 0.528664 0.544207 0.580850 0.547593 0.640626 0.549096 0.703252 0.553985 0.747850 0.561507 0.776318 0.567522 0.786757 0.568652 0.776318 0.560756 0.643477 0.563011 0.560925 0.566770 0.496402 0.569026 0.472682 0.564515 0.459402 0.553611 0.451813
1 0.452226 0.463692 0.435515 0.456439 0.427681 0.462374 0.422459 0.511131 0.419844 0.544738 0.416452 0.587570 0.418278 0.650168 0.422981 0.706178 0.427681 0.739785 0.433163 0.775364 0.443607 0.811607 0.448048 0.815561 0.454837 0.786561 0.462148 0.694972 0.460581 0.620514 0.457448 0.524972
1 0.586448 0.461383 0.571563 0.460065 0.565296 0.480495 0.564252 0.508168 0.565033 0.561542 0.568167 0.601738 0.583574 0.686738 0.584096 0.736813 0.589059 0.776355 0.591407 0.810617 0.630556 0.823458 0.602637 0.831037 0.606552 0.786897 0.607859 0.713093 0.602637 0.615570 0.599504 0.532551 0.594804 0.478514
3 0.714926 0.474579 0.697167 0.476542 0.688285 0.485766 0.674185 0.491701 0.662433 0.487738 0.661389 0.490374 0.660607 0.519374 0.663478 0.552318 0.670007 0.598439 0.676537 0.653794 0.683326 0.697280 0.691944 0.740112 0.706567 0.765813 0.715444 0.773720 0.723278 0.771738 0.726674 0.765813 0.723278 0.747355 0.714137 0.717047 0.703956 0.685421 0.700300 0.659065 0.699515 0.633364 0.703956 0.634028 0.708393 0.653794 0.713878 0.688710 0.719363 0.721000 0.722496 0.732206 0.729285 0.757243 0.734507 0.761850 0.738422 0.748673 0.739730 0.724953 0.736856 0.688710 0.730330 0.653794 0.725630 0.621505 0.721974 0.587897 0.719885 0.567477 0.724322 0.523327 0.720144 0.487084 0.717259 0.477850
3 0.739207 0.462701 0.732148 0.462056 0.720144 0.475224 0.717011 0.487738 0.720407 0.512785 0.725889 0.558907 0.736074 0.611617 0.747826 0.655112 0.759315 0.695299 0.770281 0.722318 0.779159 0.736159 0.786993 0.743402 0.789867 0.740766 0.790911 0.727589 0.788037 0.711121 0.775767 0.665654 0.770281 0.649178 0.765319 0.628757 0.766885 0.608327 0.774200 0.616888 0.779422 0.644570 0.785426 0.681467 0.789604 0.706505 0.795611 0.728252 0.799530 0.730888 0.802922 0.724299 0.803707 0.703869 0.798222 0.676196 0.792215 0.631393 0.786470 0.598439 0.783078 0.560224 0.781248 0.528598 0.776811 0.474561 0.773678 0.456776 0.764537 0.447551 0.756181 0.454794 0.748870 0.456776
4 0.225926 0.438318 0.221852 0.435514 0.217037 0.428972 0.208148 0.427103 0.198148 0.433645 0.194074 0.431776 0.181852 0.432710 0.177037 0.437383 0.174444 0.443925 0.172963 0.457944 0.172963 0.479439 0.175926 0.514953 0.175926 0.549533 0.173333 0.585981 0.173333 0.597196 0.171852 0.610280 0.168889 0.620561 0.166296 0.636449 0.165926 0.649533 0.167407 0.655140 0.171481 0.658879 0.177407 0.658879 0.184444 0.654206 0.194444 0.640187 0.202222 0.621495 0.208889 0.598131 0.211481 0.592523 0.218148 0.560748 0.220000 0.542056 0.226667 0.514019 0.233333 0.469159 0.233333 0.461682 0.231852 0.452336
4 0.236296 0.185047 0.227037 0.184112 0.220741 0.195327 0.208148 0.245794 0.195556 0.270093 0.181111 0.314953 0.181111 0.341121 0.189630 0.367290 0.203704 0.390654 0.213704 0.390654 0.222593 0.381308 0.232222 0.335514 0.237778 0.271963 0.239259 0.217757 0.238148 0.193458
3 0.263704 0.161682 0.251852 0.169159 0.248148 0.185047 0.248519 0.190654 0.245556 0.200935 0.246296 0.205607 0.245185 0.219626 0.246296 0.228972 0.241852 0.258879 0.241481 0.280374 0.240000 0.295327 0.237407 0.312150 0.234444 0.324299 0.233704 0.337383 0.228519 0.358879 0.227407 0.374766 0.227407 0.387850 0.230741 0.403738 0.237778 0.414019 0.244074 0.428037 0.252222 0.437383 0.261111 0.437383 0.272222 0.428037 0.278519 0.411215 0.280741 0.382243 0.281111 0.348598 0.280000 0.338318 0.280000 0.321495 0.280741 0.318692 0.280000 0.314019 0.280741 0.310280 0.280000 0.307477 0.280370 0.285981 0.279259 0.275701 0.280000 0.262617 0.278519 0.244860 0.278148 0.220561 0.276296 0.215888 0.275926 0.204673 0.274074 0.197196 0.274074 0.185981 0.272593 0.181308 0.272963 0.177570 0.268889 0.170093 0.263704 0.166355
2 0.677881 0.158280 0.686367 0.238449 0.688544 0.301047 0.684844 0.357056 0.682452 0.424598 0.672004 0.447654 0.664826 0.437776 0.655033 0.433383 0.650463 0.401533 0.652422 0.353215 0.653944 0.282374 0.658078 0.221430 0.661126 0.185187 0.669393 0.157187
2 0.648074 0.477860 0.637367 0.490374 0.632404 0.501579 0.631359 0.519374 0.636322 0.549682 0.642067 0.600421 0.644941 0.677514 0.647811 0.717710 0.651989 0.749991 0.659300 0.766467 0.664785 0.769103 0.670007 0.763832 0.668181 0.730888 0.665307 0.622159 0.664000 0.581972 0.662696 0.549682 0.666615 0.512121 0.665048 0.494991 0.659563 0.486421
4 0.794567 0.437009 0.779681 0.451505 0.779159 0.468636 0.778115 0.491701 0.782815 0.515421 0.787778 0.549682 0.792478 0.593168 0.799004 0.624794 0.805011 0.643252 0.809974 0.658402 0.823289 0.672243 0.834259 0.666308 0.840263 0.660383 0.841037 0.651776 0.831385 0.632710 0.828774 0.606346 0.828774 0.536505 0.833737 0.475879 0.832430 0.454794 0.824856 0.449523 0.814411 0.456112 0.805274 0.451505
4 0.787774 0.136318 0.802133 0.169813 0.807356 0.201112 0.814104 0.248879 0.823026 0.289514 0.830422 0.355411 0.831293 0.365290 0.821285 0.390551 0.814537 0.403178 0.807793 0.414159 0.800178 0.418551 0.790819 0.404280 0.785163 0.385607 0.783204 0.361449 0.781244 0.333449 0.780156 0.282374 0.779722 0.225271 0.782115 0.176953 0.781244 0.152243
3 0.773411 0.135215 0.779067 0.165972 0.778633 0.200009 0.779504 0.234607 0.780807 0.274692 0.783856 0.321916 0.785815 0.349916 0.786685 0.373533 0.781244 0.408121 0.776022 0.402084 0.772322 0.415262 0.757959 0.432280 0.750126 0.426794 0.742511 0.417458 0.738159 0.393841 0.735981 0.356505 0.736633 0.316972 0.740770 0.282374 0.742511 0.240093 0.745774 0.197271 0.750563 0.167065 0.755567 0.145654 0.764707 0.130822
3 0.730759 0.175850 0.734022 0.204402 0.731411 0.241748 0.727496 0.286766 0.730107 0.315327 0.734678 0.351019 0.738811 0.387252 0.734022 0.425140 0.727711 0.431187 0.710956 0.443262 0.696378 0.442720 0.684626 0.428439 0.682452 0.387804 0.688759 0.320813 0.687019 0.264262 0.688759 0.203860 0.694856 0.164318 0.703559 0.164869 0.708563 0.185738 0.708781 0.213738 0.712263 0.234056 0.717052 0.217037 0.717485 0.190131 0.721619 0.169813 0.727496 0.161579
1 0.625656 0.118196 0.619778 0.166514 0.619563 0.222523 0.615863 0.279084 0.613904 0.326850 0.613037 0.394393 0.607593 0.418551 0.602370 0.430084 0.596496 0.434477 0.586704 0.427336 0.575389 0.399888 0.577130 0.360897 0.586922 0.295561 0.594319 0.223075 0.600196 0.173654 0.606722 0.137411 0.613685 0.104467 0.623263 0.082505
0 0.559237 0.113607 0.563937 0.169617 0.561848 0.281636 0.557148 0.343570 0.552970 0.398262 0.551663 0.429888 0.547485 0.435159 0.531033 0.434505 0.521111 0.429234 0.514063 0.422645 0.510407 0.417374 0.509622 0.396944 0.512496 0.361364 0.514063 0.329075 0.518500 0.284925 0.525811 0.229579 0.532078 0.193336 0.539652 0.150505 0.549052 0.124804
0 0.490037 0.128103 0.500222 0.163028 0.504400 0.224308 0.504922 0.288879 0.506226 0.335664 0.509100 0.372561 0.509363 0.400234 0.506748 0.421981 0.502570 0.431206 0.489778 0.428570 0.478026 0.428570 0.469407 0.425280 0.466537 0.404850 0.464970 0.361364 0.465752 0.306673 0.467059 0.232869 0.472804 0.189383 0.479593 0.144579 0.481944 0.126785
3 0.317704 0.143925 0.327093 0.184112 0.330226 0.231551 0.339104 0.340271 0.341193 0.375860 0.340933 0.412757 0.335189 0.432523 0.322656 0.436477 0.311948 0.437140 0.306463 0.435822 0.295759 0.437794 0.287400 0.431206 0.282178 0.416710 0.282700 0.377832 0.288481 0.323551 0.287444 0.274393 0.284530 0.232215 0.282700 0.182794 0.287400 0.157757 0.298370 0.176860 0.299937 0.207832 0.302807 0.233533 0.307507 0.246710 0.307519 0.235794 0.303852 0.196626 0.302807 0.166981 0.307507 0.141944
