3 0.769515 0.636545 0.768211 0.637155 0.766034 0.640800 0.765163 0.647491 0.767557 0.663300 0.771256 0.675464 0.776913 0.695536 0.781919 0.714991 0.784096 0.723509 0.785836 0.749045 0.782137 0.753909 0.777567 0.747227 0.773650 0.736882 0.769733 0.725327 0.763640 0.707700 0.758201 0.688236 0.753195 0.662091 0.748624 0.645064 0.742531 0.620736 0.735569 0.595800 0.729040 0.579382 0.725342 0.563573 0.723819 0.542900 0.724906 0.518573 0.734480 0.503373 0.742316 0.494855 0.746884 0.494855 0.752326 0.493027 0.759723 0.485736 0.763422 0.484518 0.770039 0.485727 0.774954 0.489382 0.778003 0.500327 0.780179 0.517355 0.781483 0.533773 0.781265 0.553845 0.781701 0.576955 0.783660 0.598845 0.785182 0.613436 0.792147 0.656009 0.798458 0.680936 0.803461 0.716209 0.805638 0.734455 0.803029 0.739318 0.799327 0.739318 0.794105 0.722291 0.786708 0.694927 0.779743 0.678509 0.772996 0.649318
5 0.279440 0.462727 0.280416 0.474545 0.279440 0.479091 0.281392 0.487273 0.283669 0.490000 0.286597 0.489091 0.301236 0.493636 0.310345 0.490909 0.314249 0.491818 0.319128 0.487273 0.321405 0.476364 0.321080 0.467273 0.319128 0.460000 0.315550 0.456364 0.311646 0.455455 0.309044 0.450909 0.303839 0.446364 0.297332 0.446364 0.290501 0.455455 0.282043 0.457273
5 0.293754 0.536364 0.294079 0.550000 0.295706 0.557273 0.300911 0.568182 0.301887 0.572727 0.306441 0.577273 0.314249 0.574545 0.318803 0.568182 0.322707 0.559091 0.331165 0.551818 0.332791 0.549091 0.333767 0.541818 0.333116 0.533636 0.330514 0.530000 0.312622 0.524545 0.298634 0.524545 0.295055 0.530000
5 0.354262 0.470000 0.351984 0.461818 0.349382 0.458182 0.346129 0.457273 0.339948 0.461818 0.336044 0.467273 0.335394 0.470909 0.335719 0.485455 0.336695 0.490000 0.338972 0.491818 0.347105 0.491818 0.350033 0.490000 0.352635 0.486364 0.354262 0.480000
5 0.350683 0.542727 0.350358 0.557273 0.352635 0.565455 0.365322 0.574545 0.372154 0.581818 0.378985 0.577273 0.380937 0.572727 0.381913 0.565455 0.381913 0.559091 0.380612 0.549091 0.373129 0.540909 0.364346 0.535455 0.356213 0.533636 0.353286 0.535455
5 0.390696 0.550909 0.388744 0.563636 0.389720 0.572727 0.391997 0.580000 0.397202 0.580000 0.400130 0.566364 0.393299 0.550000
5 0.450878 0.449091 0.448926 0.445455 0.443071 0.443636 0.439167 0.447273 0.437866 0.453636 0.438517 0.468182 0.441444 0.471818 0.444697 0.471818 0.449252 0.466364 0.451204 0.459091
5 0.542941 0.439091 0.542615 0.450000 0.543266 0.453636 0.547495 0.463636 0.553351 0.465455 0.556929 0.460909 0.558230 0.455455 0.557254 0.443636 0.552375 0.434545 0.547170 0.432727
5 0.646714 0.540909 0.644437 0.535455 0.640859 0.534545 0.625895 0.542727 0.618738 0.551818 0.616786 0.557273 0.617762 0.572727 0.619714 0.577273 0.624593 0.579091 0.628822 0.577273 0.635003 0.569091 0.643787 0.563636 0.646064 0.558182 0.647040 0.551818
5 0.653546 0.453636 0.652245 0.465455 0.651919 0.483636 0.654196 0.495455 0.661353 0.503636 0.670462 0.503636 0.675992 0.500000 0.677619 0.496364 0.678595 0.485455 0.677619 0.479091 0.675667 0.473636 0.673715 0.471818 0.665908 0.471818 0.659727 0.455455 0.655498 0.452727
5 0.770657 0.516364 0.767729 0.502727 0.766103 0.500000 0.762199 0.498182 0.751464 0.498182 0.744307 0.500909 0.734548 0.509091 0.731945 0.512727 0.728367 0.522727 0.727391 0.530909 0.729018 0.544545 0.732921 0.551818 0.734873 0.558182 0.738452 0.561818 0.742355 0.561818 0.752115 0.553636 0.756994 0.547273 0.760573 0.540000 0.764802 0.537273 0.768705 0.531818 0.770332 0.526364
5 0.764151 0.434545 0.760247 0.425455 0.751789 0.420000 0.747235 0.423636 0.736825 0.437273 0.727391 0.441818 0.720885 0.453636 0.720560 0.460000 0.724789 0.471818 0.729018 0.473636 0.735849 0.469091 0.739427 0.469091 0.741379 0.472727 0.741054 0.479091 0.742681 0.484545 0.751789 0.483636 0.756344 0.479091 0.760573 0.468182 0.763500 0.452727
1 0.555628 0.548182 0.551724 0.559091 0.552049 0.577273 0.554001 0.598182 0.554977 0.635455 0.556604 0.650000 0.579375 0.780000 0.585556 0.798182 0.587833 0.801818 0.595641 0.801818 0.596291 0.800000 0.595966 0.790909 0.596942 0.769091 0.596291 0.764545 0.596291 0.734545 0.594990 0.725455 0.592388 0.681818 0.586532 0.641818 0.585882 0.621818 0.582628 0.590909 0.582954 0.580000 0.581978 0.575455 0.581978 0.564545 0.580351 0.559091 0.580026 0.551818 0.575146 0.541818 0.570267 0.538182 0.564411 0.538182
2 0.603448 0.532727 0.586532 0.563636 0.585556 0.580909 0.590761 0.611818 0.591737 0.636364 0.595316 0.669091 0.599545 0.691818 0.611581 0.736364 0.619063 0.739091 0.622642 0.729091 0.618738 0.602727 0.617859 0.569545 0.615485 0.547273 0.611256 0.533636
0 0.528302 0.261818 0.515940 0.262727 0.510410 0.270000 0.505856 0.286364 0.504554 0.310909 0.500976 0.352727 0.500651 0.404545 0.497723 0.450000 0.498373 0.455455 0.498048 0.463636 0.496747 0.472727 0.497072 0.500000 0.498373 0.509091 0.500651 0.515455 0.517892 0.517273 0.526350 0.520909 0.529603 0.519091 0.532856 0.513636 0.535784 0.499091 0.535459 0.455455 0.534808 0.451818 0.533507 0.412727 0.533507 0.375455 0.531555 0.345455 0.531555 0.297273 0.530904 0.292727 0.530579 0.270909
0 0.467144 0.273636 0.464541 0.282727 0.464541 0.287273 0.462915 0.297273 0.461288 0.327273 0.458035 0.353636 0.457385 0.383636 0.457385 0.450909 0.458360 0.472727 0.457710 0.485455 0.458035 0.510000 0.461939 0.515455 0.467144 0.518182 0.475277 0.518182 0.486988 0.514545 0.490891 0.510909 0.493819 0.500000 0.493819 0.487273 0.493169 0.482727 0.493169 0.463636 0.490891 0.428182 0.487964 0.405455 0.486337 0.376364 0.485036 0.370000 0.485361 0.364545 0.484385 0.354545 0.485036 0.341818 0.484060 0.338182 0.484060 0.330000 0.485036 0.325455 0.484060 0.321818 0.484385 0.316364 0.481783 0.300909 0.481783 0.298182 0.483735 0.295455 0.483735 0.293636 0.479506 0.278182 0.475277 0.278182 0.470722 0.273636
0 0.438842 0.309091 0.433312 0.314545 0.433962 0.318182 0.433312 0.325455 0.433637 0.333636 0.431034 0.344545 0.429733 0.380909 0.426480 0.423636 0.425830 0.446364 0.425830 0.482727 0.426480 0.495455 0.428432 0.506364 0.430709 0.511818 0.435914 0.515455 0.451529 0.514545 0.453806 0.510000 0.454457 0.499091 0.454131 0.470000 0.453155 0.466364 0.453481 0.438182 0.451529 0.387273 0.451854 0.344545 0.450553 0.339091 0.448601 0.310000
0 0.463565 0.543636 0.455758 0.542727 0.443396 0.545455 0.439818 0.548182 0.438191 0.555455 0.439167 0.588182 0.440143 0.596364 0.441119 0.620909 0.440794 0.635455 0.442420 0.682727 0.442420 0.741818 0.443071 0.751818 0.446649 0.759091 0.450878 0.759091 0.453481 0.750000 0.455758 0.736364 0.459662 0.695455 0.460963 0.658182 0.461614 0.654545 0.461614 0.628182 0.462915 0.611818 0.462589 0.600909 0.463891 0.591818 0.465192 0.563636 0.465192 0.549091
2 0.344336 0.246309 0.345969 0.289382 0.341978 0.326882 0.342885 0.383645 0.351226 0.423673 0.358481 0.455091 0.361018 0.468782 0.356487 0.484991 0.352677 0.495127 0.346513 0.501209 0.336174 0.503745 0.329102 0.490564 0.326747 0.457118 0.326926 0.425700 0.320579 0.364891 0.325839 0.312191 0.331278 0.269109 0.342342 0.240736
0 0.475927 0.548182 0.470722 0.548182 0.468445 0.555455 0.468445 0.577273 0.467144 0.600909 0.467469 0.613636 0.466168 0.633636 0.466168 0.660000 0.465517 0.669091 0.466168 0.673636 0.466168 0.700909 0.470072 0.729091 0.469746 0.737273 0.470722 0.739091 0.475277 0.737273 0.475277 0.734545 0.475667 0.732182 0.476252 0.729091 0.479180 0.714545 0.482759 0.683636 0.485036 0.647273 0.490566 0.613636 0.490566 0.596364 0.492193 0.584545 0.491542 0.569091 0.490241 0.565455
0 0.497723 0.561818 0.495120 0.568182 0.494470 0.577273 0.495120 0.580000 0.495120 0.601818 0.496096 0.620909 0.499024 0.658182 0.499024 0.699091 0.499675 0.705455 0.500976 0.709091 0.506506 0.712727 0.509759 0.710909 0.513012 0.704545 0.515615 0.687273 0.516265 0.663636 0.518543 0.645455 0.518543 0.629091 0.519519 0.612727 0.518868 0.606364 0.520494 0.589091 0.520494 0.576364 0.518217 0.567273 0.502602 0.567273 0.499024 0.561818
0 0.537736 0.546364 0.532531 0.547273 0.525374 0.557273 0.523422 0.563636 0.522446 0.571818 0.524723 0.621818 0.524073 0.634545 0.524398 0.661818 0.523748 0.666364 0.522772 0.715455 0.525602 0.760364 0.532856 0.765455 0.536760 0.765455 0.537736 0.761818 0.538061 0.755455 0.539037 0.751818 0.538712 0.748182 0.541640 0.735455 0.545543 0.706364 0.545218 0.699091 0.546845 0.677273 0.546845 0.665455 0.549447 0.629091 0.549447 0.610909 0.548796 0.608182 0.548796 0.591818 0.549447 0.585455 0.549122 0.563636 0.546194 0.553636
0 0.550423 0.280000 0.546519 0.284545 0.545218 0.290000 0.544893 0.310000 0.542290 0.332727 0.539362 0.415455 0.540013 0.451818 0.540989 0.461818 0.540989 0.467273 0.540338 0.469091 0.540989 0.487273 0.542615 0.496364 0.549122 0.510000 0.559857 0.518182 0.565712 0.518182 0.568315 0.516364 0.570917 0.507273 0.571568 0.495455 0.571243 0.419091 0.570592 0.403636 0.571893 0.374545 0.571568 0.347273 0.569616 0.329091 0.567014 0.318182 0.565062 0.306364 0.565062 0.301818 0.562459 0.291818 0.562134 0.287273 0.559532 0.281818
3 0.754418 0.228518 0.760039 0.253864 0.761308 0.280718 0.761308 0.308591 0.761308 0.339000 0.761851 0.358764 0.764027 0.375482 0.767472 0.399300 0.770556 0.423627 0.772007 0.436800 0.772007 0.459609 0.770195 0.468218 0.766929 0.475318 0.764753 0.476327 0.760947 0.477345 0.757681 0.481400 0.752785 0.484945 0.751516 0.484945 0.747163 0.486464 0.744444 0.487473 0.740091 0.489500 0.738097 0.490009 0.730299 0.487473 0.726311 0.482918 0.724860 0.478355 0.719964 0.466700 0.717606 0.464673 0.715065 0.454027 0.715612 0.434264 0.719964 0.403355 0.724135 0.378018 0.726672 0.339500 0.727580 0.308591 0.729031 0.290855 0.732111 0.268045 0.736646 0.247273 0.743175 0.231055 0.746620 0.240682 0.746802 0.246764 0.742811 0.265518 0.741724 0.293391 0.744987 0.320755 0.747707 0.334436 0.751698 0.322273 0.753149 0.306564 0.752967 0.277173 0.752241 0.255382 0.752241 0.243727 0.752241 0.234600
5 0.227716 0.472727 0.228692 0.481818 0.233247 0.489091 0.235849 0.498182 0.247235 0.508182 0.251139 0.507273 0.256994 0.499091 0.258621 0.493636 0.262524 0.492727 0.265452 0.488182 0.264476 0.480909 0.264476 0.469091 0.260898 0.462727 0.251139 0.462727 0.240403 0.448182 0.236825 0.445455 0.232596 0.446364 0.230644 0.450909 0.229343 0.458182 0.229993 0.462727 0.228367 0.467273
3 0.251672 0.236682 0.260013 0.267591 0.265091 0.333982 0.268536 0.422155 0.271438 0.462191 0.271438 0.496645 0.268897 0.509318 0.260013 0.515400 0.253484 0.516918 0.244236 0.509827 0.232993 0.497664 0.227010 0.498173 0.221932 0.471818 0.224652 0.432291 0.228097 0.389218 0.230455 0.345636 0.237528 0.264045 0.242424 0.228573
3 0.306981 0.252900 0.312781 0.292427 0.316773 0.345127 0.316230 0.390227 0.321669 0.423673 0.326200 0.457627 0.327108 0.472327 0.327290 0.484491 0.324750 0.491073 0.314414 0.501209 0.302446 0.506282 0.291204 0.506782 0.286669 0.504755 0.279236 0.499182 0.271799 0.489045 0.272345 0.455600 0.273975 0.423673 0.276877 0.380091 0.277785 0.337018 0.277967 0.304082 0.278510 0.280773 0.280504 0.278745 0.285582 0.299518 0.289209 0.325364 0.292472 0.345636 0.296461 0.339045 0.297368 0.300536 0.303533 0.263036 0.306074 0.249855
3 0.339265 0.520091 0.333962 0.520727 0.328920 0.527000 0.318738 0.524091 0.311061 0.522455 0.296194 0.522818 0.288549 0.520000 0.282694 0.521818 0.281392 0.531818 0.281718 0.560000 0.283019 0.580909 0.282694 0.607273 0.273260 0.680909 0.271958 0.704545 0.269356 0.727273 0.269356 0.738182 0.270657 0.741818 0.272284 0.742727 0.276187 0.739091 0.281392 0.729091 0.283019 0.721818 0.284645 0.707273 0.285947 0.703636 0.286272 0.698182 0.289200 0.685455 0.289200 0.681818 0.293754 0.663636 0.299284 0.652727 0.302537 0.651818 0.303839 0.654545 0.304489 0.662727 0.304164 0.694545 0.303513 0.707273 0.299284 0.724545 0.298634 0.731818 0.298308 0.741818 0.298959 0.748182 0.301887 0.752727 0.307742 0.750909 0.311646 0.742727 0.314899 0.728182 0.319128 0.715455 0.323032 0.677273 0.324984 0.643636 0.326285 0.639091 0.329213 0.612727 0.331490 0.607273 0.332791 0.597273 0.334743 0.592727 0.336695 0.580909 0.339297 0.575455 0.342876 0.553636 0.343494 0.540455 0.342941 0.526818
2 0.380286 0.548182 0.377684 0.544545 0.359792 0.532727 0.352635 0.531818 0.349707 0.536364 0.348081 0.543636 0.344828 0.550000 0.343201 0.561818 0.336695 0.588182 0.333767 0.604545 0.330839 0.642727 0.327912 0.663636 0.328237 0.678182 0.326610 0.695455 0.326936 0.709091 0.324333 0.730000 0.323682 0.746364 0.320429 0.776364 0.320755 0.791818 0.322056 0.799091 0.325309 0.802727 0.329863 0.799091 0.334418 0.787273 0.338647 0.770000 0.339297 0.764545 0.342876 0.750909 0.348081 0.720909 0.355237 0.664545 0.361093 0.629091 0.371828 0.590909 0.375407 0.581818 0.380937 0.573636 0.382238 0.560000
2 0.382238 0.540000 0.380286 0.542727 0.377651 0.553909 0.375634 0.571000 0.372869 0.588636 0.371503 0.600000 0.371503 0.627273 0.369876 0.645455 0.369876 0.654545 0.368250 0.669091 0.369226 0.676364 0.367274 0.700000 0.367925 0.705455 0.365322 0.730909 0.365647 0.737273 0.364671 0.754545 0.366949 0.764545 0.370202 0.767273 0.371828 0.770909 0.375407 0.769091 0.377684 0.761818 0.382889 0.750909 0.385491 0.740000 0.385817 0.731818 0.387768 0.720000 0.387443 0.717273 0.389720 0.705455 0.391997 0.681818 0.393949 0.675455 0.396552 0.659091 0.400455 0.610000 0.404684 0.583636 0.405530 0.570182 0.403416 0.558545 0.396877 0.553636 0.392323 0.549091 0.388744 0.540909
1 0.427456 0.540909 0.422251 0.538182 0.416396 0.538182 0.414444 0.540000 0.410215 0.550000 0.407938 0.564545 0.406636 0.592727 0.404684 0.606364 0.405335 0.614545 0.402407 0.628182 0.400781 0.646364 0.399805 0.649091 0.399154 0.661818 0.398178 0.664545 0.395901 0.685455 0.393624 0.715455 0.391021 0.728182 0.391347 0.780000 0.390696 0.798182 0.391672 0.809091 0.393624 0.812727 0.397202 0.814545 0.402407 0.806364 0.406962 0.780000 0.406962 0.775455 0.409564 0.756364 0.417046 0.721818 0.424854 0.678182 0.427456 0.670000 0.430384 0.654545 0.431685 0.630909 0.434288 0.612727 0.435589 0.583636 0.435589 0.565455 0.433312 0.548182
2 0.360117 0.252727 0.362394 0.339091 0.357417 0.503091 0.370202 0.512727 0.389720 0.490909 0.390696 0.464545 0.378985 0.411818 0.371503 0.254545
1 0.391021 0.270000 0.385817 0.281818 0.389720 0.333636 0.386142 0.386364 0.390371 0.498182 0.395901 0.515455 0.402407 0.516364 0.419974 0.498182 0.421926 0.471818 0.400130 0.330000 0.397202 0.279091
1 0.611256 0.251818 0.607677 0.250909 0.602798 0.263636 0.601496 0.272727 0.594665 0.297273 0.590111 0.323636 0.590436 0.331818 0.587833 0.344545 0.585556 0.381818 0.585231 0.401818 0.582303 0.434545 0.579701 0.448182 0.578074 0.464545 0.578725 0.478182 0.582628 0.494545 0.587183 0.504545 0.593038 0.510909 0.598243 0.511818 0.604424 0.508182 0.608653 0.500000 0.609629 0.491818 0.609304 0.429091 0.610930 0.393636 0.610930 0.378182 0.611906 0.368182 0.611906 0.314545 0.612557 0.308182 0.611906 0.283636 0.612232 0.262727
2 0.633377 0.250909 0.631750 0.252727 0.629148 0.261818 0.626545 0.286364 0.625569 0.290000 0.625244 0.314545 0.624268 0.321818 0.624593 0.327273 0.622967 0.350909 0.623292 0.373636 0.622316 0.378182 0.622642 0.404545 0.621991 0.407273 0.621991 0.420909 0.622642 0.423636 0.622642 0.435455 0.621015 0.450000 0.618087 0.462727 0.617111 0.482727 0.618412 0.491818 0.621015 0.498182 0.635003 0.511818 0.643136 0.512727 0.646389 0.509091 0.648016 0.504545 0.649967 0.490000 0.649967 0.486364 0.648666 0.481818 0.649317 0.468182 0.648666 0.430909 0.647040 0.414545 0.646064 0.410909 0.646389 0.408182 0.644763 0.396364 0.644437 0.383636 0.638907 0.323636 0.638582 0.313636 0.639232 0.309091 0.637931 0.291818 0.636955 0.258182 0.635654 0.250909
2 0.661028 0.241818 0.657775 0.245455 0.656799 0.249091 0.657775 0.279091 0.657124 0.396364 0.655172 0.443636 0.652245 0.457273 0.651269 0.482727 0.651919 0.490000 0.654847 0.498182 0.661353 0.503636 0.671113 0.503636 0.678595 0.498182 0.682173 0.482727 0.682824 0.464545 0.678920 0.420000 0.677619 0.357273 0.675667 0.333636 0.674040 0.297273 0.672414 0.283636 0.671438 0.255455 0.669161 0.248182 0.665582 0.241818
2 0.618087 0.551818 0.615485 0.559091 0.617437 0.591818 0.623943 0.608182 0.625895 0.618182 0.631750 0.634545 0.635654 0.649091 0.645088 0.694545 0.655498 0.730000 0.661353 0.765455 0.665257 0.779091 0.667859 0.782727 0.673715 0.799091 0.677619 0.803636 0.681197 0.804545 0.682824 0.800000 0.682173 0.779091 0.679896 0.768182 0.679896 0.763636 0.677619 0.749091 0.675667 0.729091 0.673390 0.716364 0.671438 0.692727 0.665257 0.661818 0.663956 0.646364 0.661028 0.630000 0.659076 0.610000 0.657450 0.601818 0.653871 0.571818 0.654196 0.567273 0.652570 0.556364 0.652895 0.551818 0.650943 0.541818 0.646389 0.533636 0.640859 0.533636 0.627846 0.540909
5 0.603774 0.551818 0.602472 0.545455 0.600520 0.541818 0.596291 0.543636 0.588484 0.558182 0.587183 0.565455 0.590111 0.572727 0.592388 0.573636 0.600520 0.564545 0.602472 0.560000
