0 0.573103 0.208182 0.571379 0.208182 0.569655 0.212727 0.568621 0.212727 0.565517 0.224545 0.564483 0.247273 0.561034 0.287273 0.561379 0.304545 0.559655 0.316364 0.558966 0.340909 0.557586 0.352727 0.557586 0.367273 0.556552 0.382727 0.556552 0.420000 0.559310 0.430000 0.561724 0.431818 0.571034 0.431818 0.579310 0.426364 0.585517 0.416364 0.586897 0.404545 0.586207 0.369091 0.584138 0.334545 0.584138 0.316364 0.580345 0.257273 0.580690 0.240000 0.578276 0.217273
3 0.271545 0.138945 0.266469 0.192491 0.265924 0.231218 0.263203 0.264200 0.261207 0.311055 0.257762 0.326355 0.255586 0.348827 0.255769 0.375118 0.257221 0.399500 0.261572 0.412409 0.268279 0.417191 0.274083 0.414318 0.282786 0.420055 0.288590 0.424364 0.292941 0.420055 0.301648 0.402845 0.310352 0.372727 0.308176 0.345000 0.303097 0.296709 0.299652 0.255118 0.297659 0.208273 0.295483 0.178627 0.294576 0.141818 0.292579 0.139900 0.286776 0.152809 0.283514 0.172409 0.280976 0.174327 0.275717 0.166673 0.273538 0.137509
0 0.486252 0.476582 0.502572 0.469700 0.507576 0.493218 0.509752 0.532809 0.511059 0.574682 0.511710 0.616564 0.510407 0.660164 0.508666 0.692864 0.506924 0.716964 0.505183 0.724418 0.499741 0.711227 0.496045 0.691145 0.494955 0.650991 0.490821 0.585009 0.488210 0.537400 0.487772 0.512727
5 0.622710 0.513591 0.623921 0.534309 0.624072 0.546655 0.621803 0.550245 0.617272 0.546264 0.612286 0.540282 0.609566 0.538291 0.600648 0.538291 0.599893 0.535109 0.597928 0.524345 0.600648 0.513191 0.607600 0.506018 0.618783 0.506818 0.621503 0.508409
5 0.650821 0.504827 0.639486 0.502836 0.625279 0.504427 0.623617 0.522355 0.624524 0.545464 0.630569 0.543073 0.633441 0.558609 0.637069 0.589291 0.640545 0.599645 0.647345 0.579327 0.647797 0.562200 0.655807 0.554627 0.652028 0.506418
5 0.653538 0.496464 0.650821 0.506418 0.652028 0.530727 0.654900 0.548255 0.657621 0.564591 0.659583 0.562991 0.659734 0.551045 0.662303 0.547055 0.666383 0.541482 0.669559 0.532718 0.671976 0.528727 0.673790 0.536300 0.677566 0.538291 0.684517 0.535500 0.687541 0.538291 0.691317 0.534309 0.692679 0.537100 0.700990 0.545064 0.704921 0.545864 0.705824 0.540682 0.703407 0.515982 0.702652 0.498055 0.699024 0.483318 0.694190 0.480127 0.689203 0.486100 0.683159 0.488091 0.677869 0.490482 0.672128 0.493673 0.659131 0.492873
3 0.703603 0.501200 0.699676 0.482082 0.690459 0.473318 0.684262 0.471318 0.677310 0.486864 0.672928 0.490445 0.664314 0.486064 0.659931 0.484073 0.654038 0.486464 0.650410 0.499209 0.650410 0.508373 0.651469 0.523118 0.654038 0.547018 0.657514 0.566936 0.659176 0.577300 0.664162 0.604391 0.669300 0.627491 0.674286 0.653791 0.679124 0.681673 0.683203 0.707173 0.690459 0.728291 0.696200 0.741436 0.697710 0.740236 0.699976 0.714345 0.696503 0.689245 0.691817 0.655382 0.691666 0.635864 0.693631 0.635864 0.698921 0.663745 0.706779 0.695218 0.715541 0.717527 0.722645 0.730682 0.728386 0.724700 0.730048 0.705182 0.727028 0.674509 0.721738 0.646618 0.713579 0.612755 0.707079 0.582873 0.705872 0.538255
5 0.733028 0.472555 0.728948 0.478136 0.726831 0.486500 0.725472 0.488091 0.720183 0.485309 0.716859 0.480927 0.713383 0.480127 0.709755 0.484909 0.707338 0.490482 0.705676 0.494864 0.703862 0.505627 0.704014 0.515982 0.705824 0.537891 0.706279 0.545064 0.709300 0.549445 0.712324 0.555818 0.713531 0.557418 0.715800 0.555027 0.715497 0.548655 0.718521 0.541882 0.719276 0.533509 0.718972 0.520364 0.719728 0.515982 0.722752 0.516782 0.725321 0.523155 0.728041 0.525145 0.731214 0.518373 0.731969 0.514791 0.742552 0.510000 0.743907 0.498055 0.743455 0.474945 0.736655 0.476936
3 0.743755 0.454627 0.736352 0.463391 0.732421 0.468973 0.723207 0.469364 0.715497 0.471764 0.710962 0.478136 0.704014 0.499245 0.703559 0.509209 0.704769 0.535109 0.708093 0.554227 0.712324 0.570964 0.717007 0.592073 0.722145 0.617573 0.727134 0.637091 0.732724 0.657409 0.739224 0.682509 0.744662 0.705218 0.750103 0.717573 0.756148 0.722355 0.764459 0.725536 0.767934 0.712391 0.767028 0.702436 0.761738 0.690482 0.756903 0.676936 0.752972 0.657809 0.749197 0.634309 0.750707 0.628327 0.755241 0.637491 0.759169 0.656618 0.763552 0.675345 0.768086 0.691673 0.772921 0.700045 0.779269 0.704427 0.783348 0.694864 0.784707 0.684109 0.783652 0.675345 0.779569 0.654627 0.775945 0.635500 0.771259 0.606818 0.765366 0.582909 0.761738 0.559009 0.759924 0.535900 0.758110 0.514391 0.757355 0.487700 0.751462 0.464191 0.747834 0.453036
3 0.761107 0.141909 0.766331 0.174609 0.766766 0.227391 0.765241 0.276727 0.763066 0.322627 0.759366 0.362209 0.755014 0.394336 0.741303 0.408682 0.731297 0.410973 0.721286 0.410973 0.716279 0.393191 0.711276 0.369664 0.708445 0.351882 0.712362 0.318036 0.718893 0.273864 0.723897 0.238864 0.728466 0.205018 0.731297 0.170600 0.734559 0.147073 0.738041 0.130436 0.740869 0.126418 0.743917 0.130436 0.745438 0.145927 0.745659 0.163709 0.743262 0.190673 0.741303 0.212473 0.739783 0.235427 0.740000 0.257227 0.742828 0.261236 0.747617 0.240009 0.750662 0.215345 0.754145 0.184936 0.756321 0.159700 0.756972 0.147645 0.758279 0.143636
2 0.670000 0.162727 0.664483 0.169091 0.661034 0.199091 0.660345 0.248182 0.656207 0.298182 0.656207 0.358182 0.653793 0.396364 0.656897 0.410909 0.660966 0.424364 0.667690 0.426182 0.671103 0.427000 0.681379 0.429636 0.692690 0.400364 0.693172 0.377455 0.690103 0.355000 0.688276 0.301818 0.684483 0.261818 0.681379 0.184545 0.679759 0.173636 0.678621 0.169091
4 0.796552 0.429091 0.792069 0.430909 0.787931 0.437273 0.780000 0.442727 0.775862 0.442727 0.772069 0.440000 0.764138 0.440000 0.760345 0.442727 0.757931 0.449091 0.755172 0.465455 0.758966 0.510909 0.762759 0.530000 0.763103 0.540909 0.763103 0.549091 0.764483 0.553636 0.766897 0.572727 0.772759 0.605455 0.773103 0.611818 0.775172 0.622727 0.775172 0.628182 0.778621 0.642727 0.783793 0.651818 0.789310 0.655455 0.792069 0.655455 0.795172 0.651818 0.797241 0.640000 0.796207 0.623636 0.793448 0.610909 0.791034 0.606364 0.790345 0.601818 0.790690 0.593636 0.792069 0.589091 0.795172 0.587273 0.796897 0.590000 0.801724 0.606364 0.805517 0.610909 0.810000 0.621818 0.815172 0.622727 0.816207 0.620000 0.817931 0.620000 0.819310 0.617273 0.820000 0.610000 0.818621 0.591818 0.815862 0.580000 0.815862 0.575455 0.811034 0.550000 0.808966 0.533636 0.807931 0.519091 0.807931 0.504545 0.806897 0.494545 0.806552 0.459091 0.803448 0.440000 0.799310 0.431818
1 0.570690 0.488182 0.564138 0.496364 0.561724 0.520909 0.564138 0.637273 0.571379 0.736364 0.575862 0.755455 0.583103 0.760000 0.587931 0.752727 0.589655 0.535455 0.585517 0.497273
1 0.449310 0.488182 0.444138 0.488182 0.439655 0.492727 0.433448 0.518182 0.432069 0.531818 0.432069 0.545455 0.428966 0.597273 0.428621 0.655455 0.431034 0.748182 0.432759 0.755455 0.434828 0.778182 0.434483 0.784545 0.435862 0.790909 0.439655 0.796364 0.442759 0.791818 0.444828 0.784545 0.443448 0.779091 0.445862 0.769091 0.445172 0.762727 0.447586 0.752727 0.453448 0.704545 0.453103 0.698182 0.454138 0.690000 0.454138 0.678182 0.454828 0.675455 0.455862 0.645455 0.457931 0.624545 0.461379 0.553636 0.460345 0.527273 0.457241 0.501818 0.455172 0.494545
2 0.381379 0.505455 0.375828 0.507455 0.372483 0.521364 0.367586 0.572727 0.372414 0.660000 0.372069 0.737273 0.376897 0.774545 0.384483 0.768182 0.393793 0.715455 0.397241 0.661818 0.399414 0.590909 0.401034 0.560000 0.403138 0.556636 0.404483 0.546364 0.405517 0.538182 0.403448 0.517273
3 0.374138 0.501818 0.362414 0.495455 0.351034 0.497273 0.335862 0.484545 0.322069 0.492727 0.317241 0.505455 0.317931 0.535455 0.319793 0.562364 0.302414 0.699091 0.300690 0.720909 0.302069 0.737273 0.308276 0.736364 0.314828 0.720000 0.328276 0.654545 0.333448 0.642727 0.335517 0.646364 0.335172 0.678182 0.329310 0.737273 0.331724 0.750000 0.338966 0.737273 0.349310 0.690909 0.359310 0.592727 0.366207 0.564545 0.367966 0.556182 0.373793 0.541818 0.376207 0.519091
3 0.320621 0.497000 0.300862 0.489000 0.284138 0.473636 0.279655 0.473636 0.274483 0.480000 0.267931 0.521818 0.262069 0.589091 0.251379 0.633636 0.244483 0.681818 0.243448 0.701818 0.247241 0.714545 0.252759 0.713636 0.259655 0.700909 0.265172 0.677273 0.266207 0.650909 0.278966 0.624545 0.281724 0.628182 0.282414 0.634545 0.279655 0.669091 0.268621 0.693636 0.263103 0.720909 0.263103 0.729091 0.266207 0.733636 0.271724 0.730909 0.287931 0.692727 0.300690 0.633636 0.308966 0.604545 0.313103 0.575455 0.318966 0.554545 0.319310 0.528182
4 0.264828 0.470909 0.262414 0.469091 0.244138 0.469091 0.236897 0.458182 0.228966 0.450909 0.224828 0.450909 0.220000 0.456364 0.217586 0.463636 0.215517 0.478182 0.214828 0.519091 0.212069 0.563636 0.209310 0.573636 0.207241 0.589091 0.204483 0.598182 0.203103 0.610909 0.200345 0.618182 0.199655 0.627273 0.196897 0.637273 0.197931 0.645455 0.201034 0.650000 0.206207 0.649091 0.210345 0.645455 0.214138 0.634545 0.217931 0.628182 0.218621 0.623636 0.225517 0.606364 0.228621 0.610909 0.226207 0.619091 0.225172 0.630909 0.223793 0.634545 0.223103 0.645455 0.220690 0.654545 0.221034 0.657273 0.217931 0.665455 0.217931 0.672727 0.220345 0.679091 0.225172 0.680000 0.228621 0.678182 0.235517 0.668182 0.240000 0.659091 0.242069 0.651818 0.247931 0.616364 0.258621 0.576364 0.259310 0.563636 0.262414 0.551818 0.265862 0.530000 0.266552 0.518182 0.268276 0.507273 0.268621 0.486364 0.267586 0.479091
4 0.232069 0.204545 0.221379 0.253636 0.218621 0.343636 0.228276 0.374545 0.243793 0.376364 0.249310 0.368182 0.254828 0.305455 0.244138 0.216364
1 0.416207 0.171818 0.412069 0.177273 0.405862 0.200000 0.407586 0.347273 0.412069 0.393636 0.408621 0.417273 0.416207 0.435455 0.424138 0.437273 0.432759 0.430000 0.437241 0.419091 0.440345 0.401818 0.441034 0.370909 0.429310 0.200909 0.426552 0.183636
1 0.615172 0.174545 0.611034 0.174545 0.609310 0.178182 0.602414 0.211818 0.600690 0.229091 0.600000 0.247273 0.598621 0.253636 0.596207 0.276364 0.594138 0.284545 0.593103 0.311818 0.591724 0.320000 0.588966 0.350909 0.588966 0.385455 0.591724 0.410000 0.594138 0.418182 0.600000 0.424545 0.603793 0.426364 0.612414 0.426364 0.615517 0.423636 0.618621 0.415455 0.621034 0.404545 0.622069 0.388182 0.621724 0.362727 0.622414 0.355455 0.623448 0.288182 0.622759 0.224545 0.620690 0.185455 0.618966 0.177273
5 0.654828 0.369091 0.653448 0.390000 0.653793 0.399091 0.658276 0.412727 0.661034 0.414545 0.670345 0.414545 0.681034 0.408182 0.686897 0.407273 0.690000 0.404545 0.692414 0.392727 0.692069 0.377273 0.688966 0.360909 0.685172 0.362727 0.681034 0.370000 0.677586 0.380000 0.674138 0.382727 0.670000 0.380000 0.666897 0.368182 0.661724 0.360000 0.657586 0.359091 0.656207 0.361818
5 0.719655 0.360000 0.718966 0.370000 0.720000 0.380909 0.725862 0.386364 0.732759 0.387273 0.742069 0.400909 0.746897 0.400909 0.752414 0.397273 0.754828 0.388182 0.754138 0.370909 0.752414 0.361818 0.748966 0.352727 0.740000 0.354545 0.736207 0.347273 0.732414 0.346364 0.723793 0.352727 0.720690 0.356364
5 0.794138 0.450000 0.792414 0.440000 0.790345 0.438182 0.779655 0.445455 0.763793 0.446364 0.761724 0.451818 0.761379 0.455455 0.762414 0.463636 0.765862 0.472727 0.774828 0.480000 0.783448 0.480909 0.787241 0.475455 0.793103 0.462727 0.794138 0.457273
5 0.231379 0.469091 0.231724 0.474545 0.234138 0.480000 0.235172 0.487273 0.242759 0.500000 0.253103 0.501818 0.255172 0.500000 0.255862 0.497273 0.256897 0.483636 0.252414 0.473636 0.241379 0.468182
5 0.263448 0.375455 0.263793 0.385455 0.265517 0.394545 0.267241 0.398182 0.270690 0.400909 0.274828 0.400909 0.281724 0.396364 0.295862 0.391818 0.297931 0.389091 0.297931 0.385455 0.299655 0.380909 0.297586 0.365455 0.295517 0.360000 0.284483 0.351818 0.274483 0.352727 0.267931 0.356364 0.265517 0.361818 0.264483 0.372727
5 0.407586 0.530909 0.407586 0.541818 0.411724 0.547273 0.421724 0.550000 0.424828 0.547273 0.426552 0.541818 0.425517 0.531818 0.420000 0.526364 0.409655 0.523636 0.408276 0.525455
5 0.395517 0.519091 0.392414 0.515455 0.386552 0.518182 0.383793 0.522727 0.382414 0.533636 0.385172 0.542727 0.393448 0.544545 0.394483 0.541818 0.394483 0.537273 0.395517 0.532727
5 0.379134 0.354891 0.383576 0.353518 0.387752 0.366600 0.388538 0.385182 0.392455 0.385873 0.395848 0.374855 0.399766 0.367973 0.406031 0.370727 0.409948 0.374855 0.410210 0.384500 0.409948 0.396200 0.408121 0.399645 0.405248 0.407218 0.402114 0.408591 0.392455 0.411345 0.385666 0.409282 0.382269 0.409964 0.380179 0.407218 0.379134 0.396891 0.379659 0.377609 0.378614 0.365909 0.378614 0.359027
5 0.376524 0.359709 0.378876 0.380364 0.379134 0.401018 0.377831 0.407218 0.376262 0.411345 0.372086 0.408591 0.362945 0.419609 0.352238 0.420291 0.347279 0.420291 0.343621 0.412036 0.341793 0.389318 0.344928 0.358336 0.351979 0.358336 0.357200 0.370727 0.356679 0.388627 0.361641 0.387245 0.363207 0.379673 0.365034 0.364527 0.370779 0.361782
5 0.319655 0.501818 0.320690 0.513636 0.319310 0.517273 0.321379 0.533636 0.321379 0.538182 0.322414 0.541818 0.324483 0.543636 0.328276 0.542727 0.331724 0.533636 0.337931 0.530000 0.339655 0.537273 0.340690 0.548182 0.343448 0.549091 0.348966 0.540909 0.352414 0.529091 0.357586 0.528182 0.359310 0.531818 0.360690 0.541818 0.363448 0.548182 0.370690 0.550000 0.372759 0.548182 0.373793 0.543636 0.375517 0.525455 0.375862 0.512727 0.374483 0.502727 0.369655 0.497273 0.360000 0.496364 0.353103 0.498182 0.345517 0.495455 0.338966 0.489091 0.336552 0.489091 0.332069 0.492727 0.331034 0.495455 0.325517 0.493636
5 0.283793 0.493636 0.282414 0.508182 0.283103 0.513636 0.282759 0.519091 0.285172 0.528182 0.286897 0.530909 0.297931 0.535455 0.307241 0.535455 0.308621 0.538182 0.306207 0.554545 0.306897 0.564545 0.311034 0.570000 0.314483 0.570000 0.315517 0.568182 0.316207 0.560909 0.319310 0.549091 0.319655 0.527273 0.318276 0.520909 0.318276 0.510000 0.315172 0.501818 0.304483 0.499091 0.297931 0.492727 0.287241 0.490000
2 0.375741 0.175209 0.377569 0.248191 0.376786 0.311518 0.378352 0.359709 0.379134 0.411345 0.381748 0.422364 0.387231 0.429936 0.395328 0.427864 0.405510 0.418227 0.413345 0.391382 0.406817 0.341809 0.405772 0.259891 0.402638 0.211009 0.401072 0.199309 0.382531 0.169709
2 0.350672 0.141482 0.367907 0.158691 0.373652 0.197245 0.376524 0.264018 0.378352 0.328045 0.378876 0.404464 0.374697 0.429936 0.365817 0.438882 0.354069 0.437509 0.345190 0.427182 0.341534 0.409282 0.339707 0.382427 0.342317 0.345945 0.345972 0.308082 0.347279 0.272282 0.348062 0.208255 0.348324 0.173836 0.349107 0.147673
2 0.404569 0.513573 0.413448 0.504627 0.420500 0.508073 0.427028 0.525282 0.428593 0.530100 0.429638 0.554882 0.428331 0.567964 0.426766 0.598945 0.425200 0.634055 0.424155 0.660209 0.422586 0.710464 0.422586 0.746264 0.416583 0.777936 0.409269 0.771736 0.403524 0.750400 0.400131 0.726300 0.399348 0.669164 0.398566 0.631300 0.399348 0.609273 0.397276 0.588636 0.396214 0.553509 0.401438 0.515645
2 0.622410 0.508809 0.605786 0.491282 0.591883 0.506418 0.591431 0.526736 0.592638 0.562200 0.600045 0.611200 0.602766 0.668173 0.603217 0.704027 0.604276 0.730318 0.605031 0.753027 0.609110 0.753427 0.619386 0.719964 0.626793 0.657018 0.625279 0.584109 0.624828 0.540682
2 0.648100 0.500445 0.654597 0.509209 0.657469 0.552236 0.658072 0.576536 0.659434 0.613191 0.660038 0.682118 0.661397 0.715982 0.659283 0.731518 0.654145 0.737491 0.647797 0.723545 0.639031 0.683709 0.631324 0.641082 0.627093 0.593273 0.623921 0.561400 0.623317 0.517182 0.624828 0.501636 0.631628 0.492473 0.638428 0.494073
0 0.544138 0.470000 0.533103 0.490000 0.532414 0.526364 0.539310 0.723636 0.541034 0.737273 0.545862 0.744545 0.552759 0.726364 0.555172 0.691818 0.553793 0.681818 0.558276 0.607273 0.557241 0.587273 0.560345 0.491818 0.557586 0.478182
0 0.516207 0.473636 0.508621 0.480909 0.518621 0.698182 0.522759 0.720909 0.527586 0.723636 0.532414 0.712727 0.530690 0.479091
0 0.466897 0.470000 0.459310 0.479091 0.458966 0.497273 0.465517 0.560000 0.473103 0.690909 0.476552 0.705455 0.483103 0.708182 0.485172 0.705455 0.487241 0.655455 0.487103 0.531273 0.487690 0.498545 0.486897 0.485455 0.482759 0.470000
0 0.450690 0.178182 0.445172 0.216364 0.444828 0.409091 0.451034 0.432727 0.467931 0.441818 0.472414 0.430909 0.467586 0.265455 0.461379 0.200000
0 0.481724 0.170909 0.477931 0.177273 0.476897 0.184545 0.474828 0.255455 0.475172 0.296364 0.477241 0.332727 0.474828 0.413636 0.475517 0.430909 0.477931 0.436364 0.489310 0.440000 0.498276 0.440000 0.510345 0.436364 0.513103 0.432727 0.514483 0.427273 0.514138 0.386364 0.507586 0.329091 0.506552 0.309091 0.496552 0.237273 0.494828 0.214545 0.491034 0.185455 0.487241 0.177273
0 0.540690 0.153636 0.538621 0.155455 0.532414 0.154545 0.531724 0.158182 0.529310 0.161818 0.528621 0.170909 0.529655 0.174545 0.526552 0.191818 0.526207 0.201818 0.527241 0.205455 0.526207 0.232727 0.526897 0.241818 0.526552 0.250909 0.525172 0.260000 0.525172 0.264545 0.526207 0.269091 0.524828 0.274545 0.523448 0.290000 0.523448 0.302727 0.521724 0.321818 0.521724 0.338182 0.515862 0.369091 0.516552 0.429091 0.517586 0.433636 0.522069 0.438182 0.533448 0.439091 0.545172 0.436364 0.550345 0.431818 0.553793 0.424545 0.554483 0.419091 0.553793 0.372727 0.550690 0.342727 0.551379 0.270000 0.550690 0.259091 0.551034 0.240000 0.549655 0.222727 0.550690 0.217273 0.550345 0.206364 0.548621 0.196364 0.548966 0.184545 0.548276 0.175455 0.546207 0.169091 0.545172 0.159091
