0 0.441726 0.126616 0.447731 0.153760 0.452692 0.195128 0.451387 0.271400 0.456871 0.352840 0.456610 0.398728 0.453736 0.415536 0.433368 0.415536 0.426839 0.410360 0.422401 0.400664 0.421619 0.382568 0.425013 0.345728 0.429192 0.296608 0.428930 0.247480 0.433630 0.193192 0.439373 0.141480
0 0.563995 0.170400 0.560440 0.170400 0.559470 0.174400 0.556238 0.178400 0.554299 0.184800 0.553006 0.196800 0.552036 0.241600 0.550420 0.265600 0.549451 0.296800 0.544926 0.355200 0.545249 0.364000 0.543310 0.380800 0.543956 0.408000 0.545572 0.412800 0.550097 0.416000 0.561086 0.416000 0.568843 0.412000 0.573368 0.404800 0.575307 0.391200 0.574661 0.352800 0.572398 0.323200 0.573368 0.298400 0.573045 0.244800 0.569166 0.184800 0.567873 0.176800
0 0.516484 0.160000 0.514867 0.162400 0.514544 0.171200 0.515514 0.173600 0.514221 0.179200 0.514221 0.189600 0.512282 0.218400 0.512314 0.226240 0.511959 0.252000 0.508403 0.269600 0.507111 0.288800 0.507111 0.300000 0.505171 0.314400 0.503232 0.339200 0.500970 0.352000 0.499677 0.380800 0.499677 0.400800 0.502262 0.406400 0.525210 0.414400 0.533937 0.413600 0.538785 0.409600 0.540078 0.399200 0.540078 0.363200 0.538138 0.326400 0.538138 0.308000 0.540401 0.255200 0.539108 0.248000 0.538785 0.221600 0.537815 0.216800 0.537492 0.204800 0.538138 0.200800 0.536846 0.189600 0.537169 0.184800 0.536199 0.180800 0.536522 0.176800 0.534583 0.173600 0.535229 0.169600 0.532644 0.165600 0.533937 0.163200 0.533290 0.160800
0 0.474467 0.135200 0.468972 0.137600 0.468326 0.139200 0.468649 0.141600 0.465740 0.146400 0.465740 0.149600 0.462508 0.155200 0.460892 0.165600 0.461538 0.173600 0.461538 0.185600 0.460892 0.188800 0.461538 0.216800 0.460892 0.220000 0.459922 0.262400 0.460569 0.268000 0.460246 0.292800 0.461215 0.298400 0.461215 0.310400 0.458630 0.347200 0.459276 0.364800 0.458630 0.368000 0.458953 0.372800 0.457983 0.376800 0.457983 0.387200 0.459599 0.396000 0.459599 0.401600 0.461215 0.408800 0.463154 0.411200 0.468972 0.413600 0.490627 0.408800 0.494505 0.405600 0.496768 0.396000 0.496768 0.363200 0.495152 0.336800 0.492889 0.316000 0.492566 0.272800 0.491273 0.259200 0.491273 0.239200 0.488688 0.217600 0.486425 0.201600 0.485779 0.192000 0.485133 0.189600 0.486102 0.186400 0.485779 0.173600 0.485133 0.164000 0.485133 0.153600 0.483840 0.145600 0.482547 0.142400 0.478345 0.136800
0 0.465417 0.433600 0.455398 0.434400 0.447964 0.437600 0.446348 0.440000 0.445701 0.446400 0.446025 0.480800 0.447641 0.509600 0.449257 0.521600 0.448610 0.535200 0.449257 0.556000 0.447964 0.576800 0.447770 0.583760 0.447964 0.596800 0.448287 0.608000 0.450226 0.640000 0.454428 0.664000 0.455721 0.664000 0.457660 0.658400 0.458597 0.651600 0.459276 0.643200 0.459276 0.634400 0.461862 0.607200 0.461862 0.600000 0.464447 0.574400 0.464771 0.552800 0.467033 0.528800 0.468326 0.504000 0.469619 0.498400 0.470588 0.488000 0.470265 0.477600 0.471881 0.467200 0.472204 0.454400 0.470588 0.443200 0.467679 0.435200
0 0.494505 0.418400 0.478345 0.420000 0.474790 0.424000 0.473497 0.430400 0.474790 0.440000 0.475436 0.453600 0.475760 0.491200 0.477699 0.535200 0.478022 0.608000 0.478507 0.617200 0.478668 0.628000 0.479315 0.637600 0.480672 0.646880 0.481254 0.650400 0.481513 0.655040 0.481254 0.657600 0.481900 0.660800 0.486102 0.660000 0.489981 0.652000 0.491597 0.629600 0.491273 0.620800 0.492566 0.600800 0.492889 0.580000 0.493536 0.576800 0.493536 0.550400 0.494505 0.528800 0.496768 0.503200 0.498707 0.489600 0.498384 0.481600 0.499677 0.461600 0.499677 0.442400 0.498384 0.424000 0.496768 0.420000
0 0.502262 0.419200 0.502909 0.423200 0.500970 0.426400 0.500323 0.461600 0.501293 0.494400 0.504202 0.528800 0.504525 0.565600 0.508727 0.643200 0.509632 0.653760 0.509696 0.659200 0.512282 0.667200 0.514544 0.667200 0.515643 0.664240 0.516807 0.658400 0.516904 0.654400 0.518100 0.644000 0.518746 0.616000 0.521008 0.592800 0.521655 0.538400 0.523917 0.504800 0.525533 0.445600 0.523271 0.439200 0.523594 0.435200 0.516160 0.420000
0 0.532644 0.440000 0.529412 0.446400 0.529089 0.466400 0.533613 0.580800 0.539754 0.636800 0.544279 0.652000 0.548481 0.652800 0.551390 0.591200 0.550743 0.548800 0.552036 0.515200 0.551713 0.500000 0.549451 0.484000 0.549127 0.460000 0.546865 0.445600 0.544926 0.442400
0 0.438914 0.440000 0.431480 0.440000 0.419522 0.447200 0.413058 0.454400 0.410149 0.464000 0.412411 0.495200 0.411442 0.562400 0.405301 0.664000 0.405301 0.691200 0.406917 0.705600 0.411765 0.716000 0.417906 0.712800 0.420168 0.699200 0.422107 0.667200 0.429541 0.638400 0.437298 0.583200 0.441823 0.498400 0.441823 0.454400
2 0.605827 0.445176 0.599783 0.453904 0.593361 0.468240 0.591218 0.479464 0.595501 0.522792 0.598523 0.555832 0.608471 0.662688 0.617085 0.682880 0.623281 0.663808 0.623281 0.577776 0.624489 0.508208 0.623281 0.475288 0.616028 0.458456 0.612401 0.451352
2 0.638090 0.452488 0.650482 0.465200 0.655469 0.473808 0.658038 0.494752 0.656073 0.534400 0.656073 0.587512 0.653355 0.646616 0.653504 0.678784 0.650785 0.691128 0.647763 0.696360 0.644286 0.694120 0.638242 0.679904 0.632350 0.628288 0.629628 0.568816 0.627363 0.537392 0.625549 0.515320 0.624189 0.494752 0.623432 0.473808 0.627363 0.458840 0.631894 0.455480
2 0.670507 0.203640 0.671597 0.280664 0.671380 0.318904 0.672033 0.351760 0.673772 0.383000 0.674208 0.401856 0.674425 0.418552 0.674644 0.426632 0.669638 0.438480 0.664415 0.437936 0.657017 0.437936 0.649402 0.429320 0.644612 0.418552 0.643959 0.399160 0.645048 0.370072 0.648529 0.342600 0.652663 0.314056 0.655928 0.279584 0.658323 0.253728 0.661803 0.226264 0.663546 0.216024
2 0.640478 0.212792 0.641784 0.295208 0.645048 0.352296 0.645918 0.399696 0.645701 0.416392 0.640915 0.434704 0.636997 0.438480 0.630032 0.435784 0.621981 0.430936 0.613930 0.416936 0.609796 0.409928 0.606968 0.400240 0.606315 0.377072 0.614800 0.345296 0.620023 0.314056 0.624376 0.281200 0.625899 0.249960 0.634169 0.218184
2 0.370252 0.192528 0.383264 0.284168 0.385365 0.318576 0.388704 0.344760 0.390953 0.366832 0.389292 0.385160 0.387027 0.397128 0.380543 0.409096 0.376144 0.413584 0.369800 0.419192 0.362091 0.407976 0.356500 0.394136 0.355608 0.353360 0.357256 0.313712 0.359674 0.277432 0.359674 0.246760 0.362696 0.214592 0.365113 0.197384
3 0.269619 0.565600 0.269263 0.572800 0.264541 0.595672 0.261458 0.608240 0.256742 0.631584 0.253840 0.647296 0.255291 0.659864 0.262363 0.654472 0.276690 0.624848 0.287207 0.588496 0.293374 0.555728 0.298633 0.509944 0.301170 0.489296 0.301532 0.465960 0.298271 0.449352 0.289202 0.440824 0.281041 0.437680 0.273245 0.436784 0.267624 0.433192 0.262547 0.432744 0.260006 0.441272 0.257469 0.448456 0.254929 0.462816 0.252754 0.478080 0.252027 0.493336 0.250032 0.522064 0.248400 0.547200 0.248038 0.564704 0.247495 0.584008 0.244231 0.610936 0.242961 0.623504 0.242237 0.637864 0.242237 0.650888 0.245501 0.659416 0.251303 0.655376 0.254929 0.637864 0.260915 0.606448 0.266897 0.571440 0.267624 0.563808
4 0.232282 0.208984 0.245278 0.252000 0.247091 0.266208 0.247243 0.286032 0.247395 0.304736 0.248756 0.339152 0.248151 0.353736 0.248904 0.380296 0.248756 0.395632 0.246034 0.404984 0.237269 0.416952 0.228959 0.422560 0.220646 0.416952 0.211429 0.403112 0.204628 0.370192 0.207046 0.337280 0.210524 0.279680 0.211580 0.251248 0.218681 0.225816 0.225333 0.204496
3 0.251173 0.203744 0.261752 0.197384 0.268552 0.227312 0.274444 0.257984 0.278675 0.304360 0.286080 0.341768 0.287592 0.347752 0.288801 0.356728 0.289706 0.374312 0.289858 0.389648 0.289557 0.400120 0.286836 0.413208 0.284418 0.416576 0.275200 0.421064 0.265831 0.422184 0.259483 0.416952 0.254043 0.414704 0.249813 0.407600 0.246942 0.387776 0.246034 0.362712 0.248452 0.342520 0.248300 0.312592 0.247091 0.277432 0.245882 0.252744 0.247696 0.225816
3 0.314037 0.203744 0.321138 0.252368 0.322198 0.289400 0.322815 0.326808 0.325520 0.372064 0.321441 0.391144 0.318720 0.397128 0.309050 0.397872 0.301041 0.399000 0.295297 0.396752 0.293332 0.393760 0.291067 0.389272 0.288953 0.370568 0.287440 0.335784 0.286684 0.309976 0.282001 0.273696 0.280640 0.253120 0.278827 0.228056 0.280339 0.206736 0.285779 0.206736 0.290766 0.222824 0.293940 0.242272 0.297111 0.253864 0.299832 0.256112 0.305271 0.255736 0.308145 0.242648 0.308445 0.220200 0.309050 0.203000 0.312828 0.197384
5 0.302844 0.266400 0.301551 0.270400 0.300582 0.294400 0.301228 0.305600 0.300905 0.319200 0.301551 0.323200 0.299935 0.331200 0.297350 0.332800 0.295734 0.336800 0.295734 0.340800 0.294118 0.345600 0.293148 0.357600 0.291209 0.368800 0.290886 0.384800 0.293148 0.392000 0.297027 0.396000 0.314480 0.396000 0.317712 0.394400 0.319974 0.389600 0.323206 0.368800 0.323529 0.359200 0.322883 0.352000 0.320621 0.341600 0.319005 0.339200 0.313833 0.336800 0.309308 0.328800 0.308339 0.316000 0.307692 0.283200 0.305107 0.268800
5 0.286684 0.345600 0.283775 0.341600 0.275695 0.345600 0.266322 0.368800 0.265352 0.374400 0.262767 0.380800 0.261474 0.388000 0.261151 0.397600 0.261797 0.401600 0.261151 0.404800 0.264706 0.410400 0.277634 0.414400 0.282805 0.412000 0.287654 0.404800 0.288623 0.392000 0.287654 0.380800 0.287654 0.353600
5 0.244990 0.342400 0.244021 0.340000 0.239496 0.336800 0.235617 0.336000 0.232062 0.337600 0.228507 0.347200 0.227537 0.352800 0.226891 0.367200 0.218811 0.384000 0.218487 0.388000 0.216225 0.392000 0.216548 0.396800 0.221396 0.404000 0.227537 0.406400 0.236587 0.406400 0.240142 0.404800 0.244990 0.397600 0.247253 0.391200 0.248222 0.382400
5 0.265676 0.444800 0.265029 0.456000 0.266322 0.463200 0.269231 0.471200 0.274079 0.475200 0.280543 0.477600 0.282159 0.482400 0.282805 0.496000 0.283775 0.500800 0.289593 0.514400 0.292178 0.516800 0.295734 0.516800 0.297027 0.514400 0.299289 0.499200 0.300582 0.472800 0.300259 0.461600 0.298319 0.454400 0.294441 0.447200 0.287977 0.441600 0.282482 0.442400 0.270847 0.439200 0.266968 0.441600
5 0.389787 0.352800 0.384939 0.350400 0.381060 0.353600 0.373950 0.372000 0.369425 0.378400 0.364577 0.389600 0.363284 0.394400 0.362961 0.401600 0.367162 0.405600 0.377182 0.407200 0.380737 0.404800 0.385585 0.396800 0.388494 0.389600 0.390433 0.379200 0.390756 0.356800
5 0.372334 0.446400 0.365223 0.439200 0.361021 0.440000 0.353588 0.446400 0.348416 0.455200 0.346800 0.461600 0.348416 0.504000 0.350032 0.511200 0.354880 0.512000 0.357143 0.509600 0.361991 0.491200 0.363284 0.481600 0.373303 0.463200 0.374273 0.452800
5 0.394958 0.446400 0.388494 0.446400 0.386231 0.451200 0.385908 0.457600 0.387201 0.470400 0.389140 0.473600 0.394958 0.477600 0.396251 0.481600 0.395928 0.484000 0.388817 0.493600 0.383646 0.496800 0.380414 0.500800 0.378798 0.508000 0.378474 0.519200 0.380090 0.525600 0.382676 0.528800 0.384939 0.536800 0.386555 0.538400 0.391726 0.537600 0.397544 0.530400 0.403038 0.520000 0.410472 0.500000 0.410472 0.486400 0.408856 0.470400 0.402069 0.454400
5 0.404654 0.312000 0.399483 0.315200 0.394958 0.322400 0.392372 0.328800 0.390756 0.340800 0.390110 0.354400 0.391726 0.376000 0.395281 0.391200 0.399160 0.398400 0.404008 0.401600 0.412734 0.399200 0.421138 0.388800 0.422431 0.374400 0.422431 0.356000 0.420814 0.340800 0.410795 0.314400
5 0.443116 0.323200 0.439884 0.322400 0.431803 0.328000 0.426955 0.337600 0.422107 0.368800 0.421784 0.385600 0.422754 0.388800 0.430187 0.397600 0.437621 0.402400 0.443762 0.400800 0.447317 0.396800 0.449580 0.391200 0.453135 0.373600 0.454428 0.356800 0.451842 0.338400
5 0.594376 0.469600 0.593083 0.480000 0.593083 0.496800 0.594053 0.510400 0.595346 0.515200 0.599224 0.516000 0.601164 0.512000 0.603426 0.490400 0.606335 0.482400 0.608274 0.482400 0.613445 0.490400 0.613445 0.503200 0.614415 0.506400 0.614415 0.510400 0.618293 0.518400 0.619910 0.519200 0.621849 0.517600 0.621849 0.514400 0.623465 0.509600 0.624111 0.486400 0.623142 0.478400 0.620233 0.470400 0.616354 0.466400 0.615385 0.463200 0.611183 0.464000 0.609890 0.459200 0.606658 0.456000 0.603749 0.456000 0.599871 0.460000
5 0.626374 0.465600 0.624758 0.470400 0.623465 0.484000 0.624111 0.498400 0.625404 0.506400 0.626374 0.508800 0.631545 0.508000 0.633484 0.499200 0.633807 0.493600 0.635423 0.491200 0.638009 0.494400 0.644473 0.512800 0.644796 0.517600 0.646089 0.521600 0.645443 0.526400 0.646412 0.532800 0.648998 0.534400 0.651261 0.533600 0.654169 0.525600 0.656109 0.500800 0.655785 0.483200 0.653200 0.471200 0.647059 0.462400 0.639302 0.456000 0.634777 0.456000
5 0.606981 0.380800 0.606658 0.396800 0.614738 0.416000 0.622172 0.424800 0.625727 0.426400 0.633484 0.425600 0.641888 0.420000 0.644473 0.414400 0.645120 0.408800 0.645120 0.384800 0.644473 0.378400 0.643180 0.373600 0.639625 0.368800 0.637686 0.368800 0.633807 0.372800 0.632191 0.380800 0.630252 0.384000 0.626374 0.381600 0.621849 0.368800 0.615708 0.361600 0.611183 0.361600 0.610213 0.364000 0.608597 0.376000
5 0.670653 0.360000 0.666451 0.359200 0.661926 0.364800 0.659341 0.365600 0.655139 0.361600 0.650291 0.361600 0.646412 0.368800 0.645443 0.377600 0.645443 0.412800 0.649968 0.426400 0.654169 0.432800 0.659664 0.435200 0.662896 0.432800 0.669683 0.433600 0.673885 0.424000 0.674531 0.408000 0.675501 0.404000 0.674531 0.378400 0.672592 0.369600 0.672592 0.364800
5 0.715255 0.352800 0.712670 0.348800 0.696509 0.340800 0.692631 0.344800 0.687136 0.356800 0.680349 0.357600 0.676471 0.360800 0.673562 0.370400 0.674531 0.389600 0.673885 0.412800 0.675501 0.420800 0.681319 0.429600 0.688752 0.435200 0.693277 0.432800 0.697479 0.425600 0.705559 0.426400 0.713639 0.423200 0.718487 0.411200 0.719134 0.404800 0.718487 0.400800 0.718811 0.384800 0.719457 0.382400 0.719134 0.372000 0.718164 0.362400
5 0.753070 0.346400 0.747576 0.339200 0.743374 0.340000 0.737557 0.345600 0.734324 0.353600 0.733032 0.368000 0.732062 0.370400 0.728184 0.367200 0.725275 0.361600 0.720750 0.360800 0.719780 0.364000 0.718164 0.378400 0.716871 0.399200 0.717518 0.404800 0.719780 0.409600 0.726891 0.413600 0.736910 0.413600 0.746930 0.405600 0.747576 0.404000 0.746930 0.388000 0.754040 0.373600 0.754363 0.354400
5 0.796057 0.453600 0.795410 0.440000 0.789270 0.428800 0.787654 0.412000 0.786361 0.407200 0.781189 0.407200 0.775695 0.410400 0.769877 0.418400 0.755010 0.430400 0.752101 0.438400 0.753070 0.447200 0.758888 0.457600 0.771816 0.464800 0.779573 0.477600 0.785391 0.476800 0.788300 0.474400 0.793794 0.464800
3 0.704590 0.461600 0.702650 0.472000 0.702973 0.494400 0.704266 0.508800 0.714609 0.546400 0.718164 0.563200 0.720103 0.576800 0.721719 0.580800 0.727537 0.606400 0.734648 0.621600 0.746283 0.640000 0.749515 0.648800 0.752101 0.665600 0.759535 0.666400 0.763090 0.660000 0.767615 0.664000 0.770524 0.659200 0.772140 0.649600 0.772463 0.632000 0.770200 0.604800 0.767938 0.587200 0.766322 0.584000 0.765676 0.572800 0.758565 0.545600 0.753717 0.521600 0.753070 0.512000 0.751454 0.503200 0.751131 0.481600 0.749838 0.474400 0.748222 0.470400 0.746606 0.459200 0.740465 0.446400 0.736910 0.442400 0.731739 0.442400 0.727537 0.446400 0.724305 0.453600 0.721073 0.457600 0.711377 0.456000
4 0.748869 0.439200 0.747899 0.443200 0.746930 0.457600 0.750808 0.480800 0.757272 0.500000 0.758565 0.506400 0.761151 0.511200 0.773432 0.567200 0.782159 0.588000 0.790562 0.600000 0.797673 0.600800 0.801228 0.596800 0.803491 0.588800 0.803491 0.585600 0.800582 0.571200 0.796057 0.560800 0.796703 0.557600 0.796380 0.553600 0.797673 0.552000 0.803167 0.565600 0.804137 0.572000 0.807692 0.577600 0.814156 0.580800 0.818035 0.571200 0.819005 0.566400 0.819005 0.552000 0.814803 0.528800 0.811248 0.518400 0.810924 0.512800 0.806399 0.491200 0.804783 0.487200 0.804137 0.481600 0.800905 0.470400 0.799935 0.463200 0.799612 0.442400 0.798643 0.436000 0.796380 0.432000 0.796380 0.422400 0.794441 0.413600 0.787977 0.404000 0.783775 0.404000 0.776341 0.409600 0.770200 0.417600 0.755333 0.429600 0.751131 0.437600
1 0.609890 0.149600 0.603749 0.150400 0.603426 0.160800 0.593730 0.188800 0.592437 0.215200 0.585973 0.258400 0.585617 0.270240 0.584680 0.288800 0.584357 0.310400 0.578539 0.337600 0.578216 0.378400 0.580478 0.400800 0.586619 0.420000 0.595023 0.424800 0.604072 0.420000 0.607628 0.408800 0.609535 0.405680 0.611183 0.396000 0.612670 0.371840 0.611926 0.339120 0.610537 0.320800 0.612799 0.300800 0.613930 0.258400 0.615385 0.248000 0.616419 0.221120 0.616354 0.210400 0.615708 0.175200 0.612153 0.155200
1 0.563995 0.444800 0.560116 0.455200 0.556884 0.494400 0.556884 0.533600 0.562379 0.600000 0.567550 0.632000 0.577893 0.675200 0.581125 0.712000 0.583710 0.722400 0.588882 0.722400 0.593407 0.712000 0.597608 0.676000 0.595669 0.643200 0.593471 0.617360 0.592114 0.606400 0.587912 0.565600 0.587912 0.540800 0.589851 0.519200 0.592857 0.474640 0.589496 0.464640 0.584939 0.462080 0.578216 0.454400
2 0.365869 0.439200 0.360698 0.439200 0.352618 0.447200 0.348416 0.455200 0.346477 0.465600 0.348093 0.506400 0.350032 0.516800 0.348093 0.564000 0.348416 0.648800 0.351002 0.676000 0.353911 0.684000 0.358112 0.682400 0.364900 0.650400 0.376212 0.489600 0.378184 0.457840 0.372980 0.445600
1 0.393665 0.444000 0.384292 0.450400 0.381189 0.459200 0.379767 0.477600 0.378959 0.491920 0.377182 0.512000 0.377117 0.536240 0.376212 0.552800 0.373626 0.633600 0.373950 0.667200 0.376212 0.676000 0.380737 0.674400 0.385262 0.658400 0.391403 0.612000 0.398836 0.576800 0.401422 0.537600 0.403685 0.528080 0.411151 0.501920 0.410892 0.472960 0.405915 0.456400
3 0.759292 0.206872 0.763862 0.227880 0.759509 0.281736 0.758203 0.310824 0.760381 0.339912 0.762340 0.356072 0.762773 0.375456 0.760598 0.394312 0.757770 0.404008 0.754069 0.409392 0.743407 0.414240 0.736225 0.419624 0.730785 0.420704 0.724910 0.418552 0.721429 0.415856 0.718164 0.401856 0.718817 0.368456 0.722734 0.323216 0.722734 0.289280 0.722734 0.269352 0.726215 0.242960 0.729916 0.221952 0.735572 0.207408 0.741884 0.206872 0.742317 0.216568 0.741448 0.234344 0.739709 0.255344 0.741231 0.268816 0.746235 0.263968 0.749499 0.241880 0.750372 0.221952 0.755811 0.209024
3 0.706412 0.185864 0.709244 0.263968 0.715769 0.348528 0.718381 0.374384 0.719034 0.393776 0.719253 0.411544 0.718164 0.422856 0.712508 0.434168 0.709677 0.432552 0.704021 0.435248 0.699451 0.431480 0.694664 0.433096 0.686176 0.436320 0.679211 0.427168 0.674644 0.419088 0.673555 0.383536 0.674425 0.356608 0.679648 0.335064 0.680737 0.302208 0.680737 0.267736 0.683782 0.244032 0.687266 0.216024 0.692269 0.190712
1 0.389761 0.111104 0.403862 0.180264 0.410388 0.222920 0.417961 0.294024 0.422140 0.348312 0.422922 0.382568 0.420834 0.411656 0.412217 0.419408 0.400727 0.419408 0.392372 0.411008 0.389499 0.397432 0.389787 0.354240 0.388975 0.321168 0.389499 0.275280 0.388717 0.171216 0.387149 0.145360 0.387149 0.122736
