3 0.748452 0.254689 0.759156 0.263361 0.766730 0.240820 0.774563 0.273762 0.781352 0.326352 0.788141 0.399746 0.789970 0.424016 0.787359 0.445402 0.767774 0.459270 0.751585 0.461582 0.742444 0.452336 0.739052 0.436156 0.740356 0.396279 0.741141 0.358713 0.738007 0.319418 0.741922 0.277803
2 0.386296 0.550820 0.380000 0.550820 0.371852 0.556557 0.367778 0.563115 0.366667 0.571311 0.367778 0.604918 0.371852 0.628689 0.372593 0.699180 0.374444 0.713934 0.375185 0.740164 0.376296 0.754098 0.377407 0.757377 0.381481 0.758197 0.384444 0.754918 0.391852 0.690164 0.395185 0.631148 0.397037 0.625410 0.398519 0.613115 0.399259 0.569672 0.398519 0.563115 0.395556 0.556557
1 0.432222 0.552459 0.426296 0.553279 0.415926 0.560656 0.411852 0.567213 0.410741 0.572951 0.410370 0.619672 0.411852 0.754918 0.414444 0.776230 0.415926 0.780328 0.418148 0.781967 0.421111 0.781967 0.423333 0.779508 0.427037 0.768033 0.427037 0.763934 0.428889 0.756557 0.436667 0.701639 0.437778 0.685246 0.438148 0.659016 0.440000 0.629508 0.441481 0.621311 0.441852 0.604098 0.442963 0.595082 0.442963 0.579508 0.441111 0.564754 0.435926 0.554918
1 0.579630 0.537705 0.575556 0.540164 0.571852 0.545082 0.568519 0.553279 0.566667 0.566393 0.567037 0.587705 0.571481 0.626230 0.574074 0.641803 0.575185 0.659836 0.579259 0.694262 0.582593 0.712295 0.587407 0.749180 0.588889 0.752459 0.591481 0.763934 0.591481 0.767213 0.594815 0.771311 0.596667 0.771311 0.600000 0.768033 0.598148 0.763934 0.600370 0.760656 0.600370 0.756557 0.601852 0.750000 0.602593 0.734426 0.601111 0.638525 0.598148 0.567213 0.596667 0.554098 0.592963 0.544262 0.585185 0.538525
2 0.611852 0.533607 0.606667 0.540164 0.601111 0.550820 0.599630 0.556557 0.599630 0.567213 0.602963 0.590984 0.608519 0.610656 0.611481 0.628689 0.615556 0.667213 0.620370 0.701639 0.622222 0.705738 0.626296 0.730328 0.628148 0.733607 0.631481 0.735246 0.635185 0.727049 0.636296 0.712295 0.634074 0.633607 0.632593 0.606557 0.632963 0.582787 0.631111 0.550000 0.629259 0.540984 0.626667 0.535246 0.620370 0.531148
2 0.635556 0.530328 0.633333 0.533607 0.631852 0.540164 0.632593 0.564754 0.634074 0.577869 0.639630 0.596721 0.648148 0.643443 0.657037 0.680328 0.664815 0.720492 0.670000 0.731967 0.674074 0.731967 0.675926 0.722951 0.676296 0.704098 0.672593 0.636885 0.669259 0.603279 0.669259 0.562295 0.667037 0.540984 0.663704 0.531967 0.656667 0.527049 0.641111 0.527049
3 0.759630 0.483607 0.752593 0.493443 0.749259 0.500820 0.743333 0.503279 0.727778 0.516393 0.724074 0.524590 0.722963 0.531967 0.723704 0.552459 0.728148 0.570492 0.741481 0.599180 0.747407 0.622131 0.754074 0.636066 0.763333 0.659836 0.765926 0.669672 0.774815 0.683607 0.780000 0.683607 0.781852 0.678689 0.781481 0.673770 0.779259 0.668852 0.777407 0.658197 0.772963 0.650000 0.767037 0.633607 0.766296 0.627049 0.768148 0.613934 0.771852 0.609836 0.776296 0.615574 0.781111 0.626230 0.781481 0.631967 0.783333 0.636066 0.783333 0.638525 0.791111 0.654918 0.794444 0.657377 0.798148 0.665574 0.801852 0.665574 0.802963 0.662295 0.803704 0.655738 0.803333 0.640984 0.799630 0.627049 0.797778 0.623770 0.795185 0.603279 0.792963 0.598361 0.789259 0.584426 0.784074 0.553279 0.783333 0.536066 0.781481 0.520492 0.777778 0.502459 0.771852 0.488525 0.768148 0.484426 0.763333 0.482787
4 0.781852 0.469672 0.779259 0.486885 0.779259 0.498361 0.781852 0.518852 0.784815 0.527049 0.795926 0.546721 0.809259 0.589344 0.818148 0.604918 0.825185 0.611475 0.837407 0.611475 0.839630 0.609836 0.842963 0.603279 0.843333 0.593443 0.841111 0.559016 0.838519 0.536885 0.836296 0.533607 0.837407 0.528689 0.835926 0.525410 0.832593 0.473770 0.827037 0.450000 0.821111 0.442623 0.813704 0.442623
4 0.786667 0.254098 0.784074 0.258197 0.782963 0.263115 0.782222 0.297541 0.783704 0.310656 0.784444 0.331148 0.786296 0.345082 0.787037 0.372131 0.790741 0.404098 0.793704 0.413115 0.798889 0.421311 0.807037 0.427869 0.811481 0.427869 0.814815 0.425410 0.821111 0.413934 0.827407 0.405738 0.830370 0.395902 0.831481 0.382787 0.830741 0.367213 0.827407 0.352459 0.820370 0.332787 0.818519 0.322951 0.816296 0.318033 0.814074 0.306557 0.812222 0.302459 0.811852 0.294262 0.808519 0.275410 0.804815 0.268033 0.799630 0.261475 0.791111 0.254918
2 0.661111 0.261475 0.653333 0.289344 0.650370 0.313115 0.649630 0.405738 0.646296 0.436885 0.646296 0.454098 0.647407 0.467213 0.649630 0.476230 0.652593 0.482787 0.659259 0.488525 0.663704 0.495902 0.670741 0.497541 0.677778 0.486885 0.680370 0.475410 0.681481 0.459016 0.680741 0.431148 0.677037 0.404098 0.675926 0.369672 0.672593 0.345902 0.670000 0.286885 0.665556 0.266393 0.662963 0.261475
2 0.626667 0.284426 0.616296 0.324590 0.608630 0.443033 0.611444 0.480738 0.630741 0.500000 0.640000 0.502459 0.644815 0.497541 0.648148 0.486885 0.649926 0.461721 0.645185 0.397541 0.641852 0.318033 0.636296 0.294262 0.632222 0.286066
1 0.595926 0.239344 0.589259 0.262295 0.583333 0.323770 0.582593 0.401639 0.580000 0.422951 0.578889 0.465574 0.581111 0.486885 0.587407 0.506557 0.595926 0.515574 0.603704 0.516393 0.612593 0.505738 0.617741 0.482049 0.617630 0.463361 0.614074 0.432295 0.612889 0.397705 0.610000 0.364754 0.604815 0.272951 0.601481 0.249180
2 0.360741 0.545902 0.352222 0.543443 0.346296 0.539344 0.341111 0.540164 0.337037 0.542623 0.330741 0.550000 0.328148 0.555738 0.326296 0.564754 0.325556 0.590164 0.327037 0.613934 0.327037 0.638525 0.326296 0.645902 0.326667 0.673770 0.325556 0.698361 0.325556 0.731967 0.326296 0.745902 0.328889 0.750820 0.332963 0.753279 0.336296 0.752459 0.340370 0.743443 0.350370 0.705738 0.350370 0.701639 0.353704 0.690164 0.360000 0.653279 0.361111 0.631967 0.364074 0.612295 0.365556 0.580328 0.365556 0.559016 0.364074 0.550820
3 0.715026 0.246598 0.722859 0.309016 0.723904 0.355828 0.731737 0.401484 0.737222 0.421705 0.739296 0.453525 0.733826 0.478918 0.721815 0.489918 0.708500 0.487008 0.694137 0.492787 0.687870 0.482385 0.682648 0.463893 0.688915 0.417082 0.690219 0.373738 0.688652 0.340795 0.692307 0.293410 0.699359 0.264516 0.704059 0.277230 0.715026 0.250066
0 0.453333 0.547541 0.447407 0.552459 0.445926 0.561475 0.445556 0.574590 0.446667 0.598361 0.451481 0.638525 0.455926 0.737705 0.457407 0.745082 0.459259 0.748361 0.458519 0.753279 0.460370 0.754098 0.463704 0.750000 0.466667 0.742623 0.468148 0.732787 0.469259 0.709016 0.470741 0.701639 0.471852 0.682787 0.471852 0.629508 0.472963 0.620492 0.472963 0.607377 0.475185 0.589344 0.474815 0.563115 0.472222 0.552459 0.469630 0.549180 0.465926 0.547541
0 0.481481 0.568852 0.478519 0.574590 0.478148 0.593443 0.478889 0.604918 0.484074 0.645902 0.486667 0.689344 0.488889 0.701639 0.489259 0.729508 0.490370 0.731967 0.494815 0.733607 0.499259 0.729508 0.498889 0.724590 0.501481 0.713934 0.501852 0.708197 0.501111 0.692623 0.502593 0.684426 0.502222 0.628689 0.503704 0.614754 0.504074 0.577869 0.503333 0.572951 0.501481 0.570492 0.488889 0.572131
0 0.524815 0.561475 0.520370 0.566393 0.513704 0.570492 0.510000 0.571311 0.507778 0.576230 0.507778 0.604918 0.509630 0.626230 0.513333 0.647541 0.516667 0.713934 0.517778 0.722951 0.520000 0.730328 0.524815 0.732787 0.526296 0.729508 0.529630 0.713115 0.529259 0.709016 0.530370 0.700820 0.531481 0.671311 0.530741 0.627049 0.532222 0.612295 0.532593 0.589344 0.530741 0.567213 0.529259 0.563115
0 0.552222 0.540164 0.541481 0.543443 0.536296 0.547541 0.534074 0.554918 0.534074 0.574590 0.535556 0.591803 0.538519 0.606557 0.540000 0.620492 0.541481 0.626230 0.542222 0.638525 0.543333 0.642623 0.544074 0.694262 0.547037 0.721311 0.550000 0.737705 0.552593 0.740984 0.556296 0.740984 0.558519 0.736066 0.561481 0.718033 0.562222 0.690984 0.560741 0.636066 0.563333 0.585246 0.563333 0.564754 0.562593 0.555738 0.560370 0.545082 0.557407 0.540164
0 0.560000 0.293443 0.555926 0.304918 0.554074 0.322951 0.553704 0.340164 0.551852 0.363934 0.552222 0.368852 0.551111 0.377869 0.551481 0.390164 0.553333 0.396721 0.549630 0.434426 0.547407 0.445902 0.546667 0.495082 0.547407 0.500820 0.552222 0.509016 0.557037 0.512295 0.564815 0.513934 0.568519 0.512295 0.572963 0.505738 0.576667 0.486885 0.574815 0.383607 0.571852 0.348361 0.571852 0.333607 0.568519 0.309836 0.565926 0.302459 0.561111 0.293443
0 0.518519 0.236066 0.515926 0.240164 0.513704 0.247541 0.514444 0.251639 0.514444 0.271311 0.515185 0.278689 0.514074 0.285246 0.513333 0.305738 0.511481 0.317213 0.510741 0.338525 0.508889 0.353279 0.509259 0.363115 0.507407 0.381967 0.508148 0.408197 0.504444 0.450820 0.505185 0.497541 0.505926 0.508197 0.507778 0.514754 0.522963 0.526230 0.530000 0.527869 0.532963 0.527049 0.537778 0.521311 0.540370 0.513934 0.542593 0.501639 0.542963 0.462295 0.541111 0.430328 0.539259 0.414754 0.540000 0.395902 0.539630 0.366393 0.538148 0.350820 0.538148 0.338525 0.536667 0.322131 0.537037 0.308197 0.535556 0.290984 0.535556 0.276230 0.534444 0.267213 0.532963 0.263934 0.531852 0.255738 0.530000 0.250000 0.522222 0.236066
0 0.479259 0.272131 0.477407 0.272951 0.471481 0.283607 0.469259 0.290984 0.467407 0.305738 0.467407 0.315574 0.466296 0.322951 0.466667 0.331148 0.465185 0.340984 0.465926 0.345082 0.465556 0.363115 0.463704 0.378689 0.464074 0.388525 0.465556 0.393443 0.465926 0.404918 0.464074 0.428689 0.461111 0.445902 0.460000 0.469672 0.460000 0.494262 0.461111 0.510656 0.466667 0.521311 0.474074 0.525410 0.478889 0.523770 0.482963 0.519672 0.497407 0.516393 0.499630 0.512295 0.500741 0.505738 0.501111 0.454918 0.497037 0.419672 0.496667 0.377869 0.495556 0.365574 0.492593 0.345902 0.491852 0.333607 0.487778 0.320492 0.485556 0.300820 0.483704 0.291803 0.483704 0.286885
0 0.441852 0.282787 0.440000 0.283607 0.438519 0.288525 0.436667 0.308197 0.434815 0.317213 0.434815 0.330328 0.431852 0.356557 0.432593 0.362295 0.431852 0.363934 0.430741 0.381148 0.428148 0.480328 0.428889 0.495902 0.431852 0.509016 0.437778 0.515574 0.448889 0.517213 0.454444 0.513934 0.457037 0.504098 0.456296 0.473770 0.457407 0.454098 0.454815 0.413115 0.455556 0.391803 0.454815 0.388525 0.454444 0.361475 0.453333 0.354098 0.453704 0.341803 0.452963 0.338525 0.452593 0.317213 0.448889 0.296721 0.444074 0.283607
3 0.290322 0.287484 0.294674 0.292787 0.297937 0.305303 0.297285 0.330344 0.297067 0.352500 0.298807 0.365984 0.300767 0.383803 0.301637 0.383803 0.305337 0.378992 0.304685 0.356352 0.303815 0.333238 0.303159 0.316861 0.304900 0.303861 0.308167 0.308680 0.309907 0.308197 0.318611 0.328902 0.321004 0.345762 0.321222 0.363582 0.321441 0.383803 0.322093 0.400664 0.324704 0.425221 0.327315 0.461820 0.327752 0.483975 0.326226 0.503721 0.315348 0.508533 0.299026 0.514320 0.286404 0.512393 0.277048 0.503238 0.270519 0.497459 0.268996 0.475303 0.268996 0.451713 0.272478 0.430516 0.277700 0.400180 0.280311 0.362615 0.282489 0.333238 0.285752 0.308680 0.286622 0.293262
1 0.404815 0.267213 0.399630 0.270492 0.395556 0.281967 0.392963 0.301639 0.394444 0.314754 0.392222 0.340984 0.391852 0.366393 0.391519 0.383443 0.391852 0.404098 0.389593 0.424262 0.388185 0.453852 0.386667 0.478770 0.387778 0.501639 0.390370 0.513934 0.399259 0.527869 0.405185 0.527049 0.421852 0.507377 0.424444 0.493443 0.425185 0.468033 0.420741 0.365574 0.411852 0.296721
2 0.382963 0.290164 0.373704 0.293443 0.370000 0.303279 0.357778 0.383607 0.352963 0.483607 0.360370 0.509836 0.365556 0.514754 0.381481 0.496721 0.390000 0.495902 0.397407 0.468033 0.396296 0.422951 0.391815 0.395246 0.389259 0.331967 0.389185 0.319344 0.387778 0.308197 0.385926 0.294262
3 0.271852 0.520492 0.267037 0.516393 0.258889 0.516393 0.250741 0.522951 0.246296 0.529508 0.241852 0.539344 0.240000 0.551639 0.234444 0.565574 0.230370 0.581148 0.226296 0.588525 0.223333 0.597541 0.218889 0.604098 0.217037 0.612295 0.211111 0.625410 0.205926 0.646721 0.204074 0.650000 0.203704 0.668033 0.204444 0.674590 0.207407 0.677869 0.210370 0.677869 0.217778 0.671311 0.226296 0.655738 0.227037 0.651639 0.235556 0.632787 0.239259 0.629508 0.242222 0.631148 0.241481 0.645902 0.237778 0.661475 0.234815 0.664754 0.233704 0.669672 0.229630 0.678689 0.227037 0.681148 0.226296 0.686066 0.222593 0.695902 0.222222 0.704098 0.223704 0.707377 0.227037 0.709836 0.231852 0.709836 0.241111 0.700820 0.255926 0.671311 0.259630 0.659836 0.265185 0.649180 0.274815 0.636885 0.280370 0.631967 0.282593 0.626230 0.288519 0.617213 0.295556 0.591803 0.295926 0.573770 0.294444 0.564754 0.291111 0.557377 0.281481 0.547541 0.277037 0.531967
4 0.240741 0.514754 0.237778 0.510656 0.231481 0.495902 0.217778 0.469672 0.212963 0.468033 0.204444 0.473770 0.195556 0.491803 0.191852 0.507377 0.190000 0.519672 0.187778 0.525410 0.186667 0.532787 0.183333 0.544262 0.183704 0.550000 0.182963 0.555738 0.179630 0.559836 0.180370 0.563934 0.177778 0.567213 0.174444 0.576230 0.174444 0.580328 0.172963 0.583607 0.172963 0.586885 0.170000 0.600000 0.170000 0.604918 0.171481 0.610656 0.175926 0.619672 0.180741 0.622131 0.187407 0.622131 0.194074 0.619672 0.202593 0.612295 0.204444 0.606557 0.211481 0.596721 0.213704 0.590984 0.223704 0.576230 0.232963 0.568033 0.237037 0.559836 0.240741 0.547541 0.242222 0.537705 0.242593 0.528689
3 0.268756 0.267311 0.274196 0.298615 0.274848 0.339549 0.271152 0.368443 0.269626 0.397336 0.269411 0.430082 0.268104 0.458984 0.263533 0.475836 0.247867 0.483057 0.233285 0.478730 0.222841 0.460910 0.213704 0.440680 0.214789 0.404557 0.223711 0.379041 0.232415 0.352549 0.235896 0.315467 0.237856 0.282721 0.243296 0.268754 0.252656 0.261049 0.253089 0.280311 0.251130 0.305352 0.250259 0.325098 0.252219 0.346770 0.259400 0.343402 0.263100 0.324615 0.263315 0.297164 0.264185 0.276943 0.266363 0.270197
