0 0.531685 0.134686 0.529594 0.197819 0.529594 0.247219 0.530642 0.294562 0.530642 0.329552 0.530642 0.361114 0.530116 0.391305 0.528550 0.402971 0.523066 0.404343 0.512621 0.405714 0.506354 0.403657 0.501392 0.400229 0.498521 0.376210 0.497477 0.327495 0.502439 0.269857 0.505832 0.196438 0.510533 0.147038 0.514712 0.116162 0.520457 0.102438 0.527767 0.107248
0 0.481696 0.461905 0.478434 0.464762 0.476622 0.473333 0.476622 0.483810 0.477709 0.486667 0.477347 0.510476 0.479522 0.527619 0.479159 0.534286 0.480971 0.552381 0.481334 0.577143 0.483871 0.594286 0.485683 0.637143 0.487858 0.650476 0.487133 0.661905 0.488945 0.679048 0.489308 0.694286 0.490395 0.700000 0.495469 0.702857 0.497644 0.701905 0.499456 0.698095 0.501631 0.686667 0.501631 0.681905 0.500544 0.677143 0.500181 0.657143 0.498007 0.644762 0.498731 0.636190 0.497282 0.612381 0.497282 0.540952 0.495107 0.509524 0.494020 0.505714 0.493657 0.466667 0.489670 0.461905
0 0.500544 0.465714 0.498731 0.467619 0.498369 0.474286 0.499819 0.501905 0.500181 0.560000 0.503806 0.582857 0.504893 0.607619 0.506705 0.622857 0.505980 0.626667 0.506343 0.639048 0.507793 0.643810 0.507068 0.669524 0.508155 0.674286 0.507430 0.691429 0.509242 0.695238 0.513592 0.694286 0.515404 0.690476 0.515767 0.677143 0.517579 0.659048 0.516854 0.647619 0.517579 0.643810 0.517941 0.620000 0.517216 0.615238 0.517941 0.612381 0.517579 0.596190 0.519029 0.582857 0.518666 0.568571 0.519754 0.561905 0.519391 0.546667 0.518666 0.544762 0.519029 0.516190 0.518304 0.513333 0.518304 0.484762 0.516854 0.468571 0.514317 0.464762
0 0.541138 0.449524 0.532439 0.449524 0.525553 0.454286 0.523016 0.461905 0.524103 0.690476 0.525553 0.720000 0.529540 0.730476 0.533527 0.720952 0.534976 0.693333 0.537151 0.681905 0.537514 0.672381 0.536789 0.669524 0.539688 0.644762 0.539326 0.600952 0.540051 0.588571 0.539688 0.535238 0.540413 0.502857 0.542225 0.498095 0.542225 0.486667 0.542950 0.483810 0.542588 0.471429 0.543675 0.467619 0.543313 0.456190
0 0.456325 0.113333 0.450888 0.116190 0.447264 0.127619 0.444364 0.194286 0.443277 0.354286 0.445089 0.384762 0.449438 0.391429 0.464299 0.379048 0.466836 0.358095 0.463936 0.262857 0.462849 0.138095 0.460674 0.124762
1 0.445089 0.455238 0.437115 0.458095 0.431678 0.470476 0.430953 0.476190 0.431316 0.493333 0.433128 0.511429 0.433128 0.522857 0.430953 0.540000 0.430591 0.560000 0.429866 0.563810 0.429866 0.577143 0.430591 0.580952 0.430228 0.640000 0.430953 0.668571 0.432765 0.686667 0.432403 0.691429 0.433490 0.701905 0.434940 0.729524 0.436390 0.740952 0.437840 0.756190 0.441464 0.764762 0.441827 0.768571 0.446176 0.772381 0.448713 0.772381 0.453063 0.768571 0.453063 0.763810 0.455600 0.757143 0.455600 0.750476 0.456687 0.733333 0.455600 0.697143 0.455962 0.626667 0.457412 0.613333 0.458862 0.607619 0.459587 0.585714 0.456325 0.559048 0.456687 0.508571 0.458753 0.492286 0.457448 0.466381 0.453788 0.459714 0.450163 0.458095
2 0.420442 0.485714 0.411743 0.486667 0.408119 0.489524 0.404857 0.495238 0.402247 0.497714 0.400689 0.503524 0.400181 0.516667 0.398514 0.532571 0.398007 0.550476 0.398333 0.570476 0.399058 0.581905 0.397970 0.602857 0.398333 0.636190 0.399420 0.641905 0.399058 0.668571 0.400145 0.686667 0.400145 0.700952 0.401232 0.723810 0.401232 0.732381 0.401595 0.753333 0.403407 0.781905 0.403769 0.788571 0.408481 0.803810 0.412106 0.798095 0.421892 0.700952 0.422617 0.678095 0.424429 0.666667 0.425154 0.614286 0.425879 0.611429 0.425516 0.600000 0.426604 0.581905 0.426241 0.568571 0.431316 0.513333 0.430953 0.505714 0.429141 0.499048
3 0.724349 0.474314 0.713469 0.479562 0.699688 0.481943 0.694610 0.490038 0.690620 0.496714 0.684273 0.500048 0.680645 0.502429 0.675571 0.516248 0.681011 0.562943 0.689351 0.586771 0.698782 0.609638 0.711656 0.635848 0.716372 0.653476 0.722356 0.676829 0.728521 0.700171 0.736680 0.725905 0.740489 0.737343 0.750645 0.743057 0.755176 0.728762 0.753001 0.708276 0.747198 0.687305 0.743570 0.665867 0.745024 0.661105 0.751370 0.676829 0.756810 0.698743 0.762613 0.716371 0.767329 0.721619 0.772041 0.705895 0.772769 0.688267 0.768960 0.649667 0.762251 0.625838 0.756629 0.597248 0.746655 0.565800 0.743936 0.545314 0.740671 0.517200 0.737405 0.492429 0.727796 0.470505
0 0.544480 0.140867 0.538474 0.214286 0.536908 0.259571 0.534295 0.306229 0.533773 0.346019 0.533773 0.380333 0.537169 0.394743 0.541606 0.411895 0.546307 0.417381 0.551008 0.416695 0.555709 0.396800 0.560149 0.333676 0.558840 0.301419 0.558057 0.253390 0.554926 0.209476 0.555187 0.166943 0.551269 0.136752
0 0.463211 0.458095 0.455962 0.466667 0.456687 0.490476 0.458499 0.501905 0.460674 0.544762 0.461762 0.550476 0.461399 0.566667 0.462849 0.592381 0.464299 0.597143 0.465024 0.607619 0.467923 0.622857 0.467561 0.628571 0.469735 0.649524 0.470098 0.664762 0.472635 0.680000 0.474085 0.701905 0.476622 0.715238 0.476260 0.720952 0.477709 0.729524 0.479159 0.731429 0.480971 0.720952 0.480971 0.709524 0.483146 0.700952 0.483871 0.686667 0.483146 0.679048 0.483509 0.665714 0.481334 0.647619 0.481334 0.635238 0.479159 0.609524 0.477347 0.600000 0.477709 0.586667 0.476260 0.568571 0.476622 0.559048 0.474810 0.528571 0.472997 0.513333 0.474085 0.465714 0.472997 0.460000 0.470823 0.456190
1 0.408119 0.107619 0.402682 0.126667 0.402682 0.136190 0.404857 0.143810 0.404132 0.170476 0.406669 0.231429 0.409931 0.255238 0.411381 0.302857 0.410112 0.314190 0.411490 0.339619 0.411997 0.362381 0.412070 0.397238 0.414389 0.412857 0.418050 0.426952 0.424139 0.431143 0.438130 0.417143 0.441501 0.399429 0.443748 0.376190 0.432765 0.267619 0.430228 0.200000 0.423704 0.139048 0.419717 0.114286 0.416455 0.108571
2 0.382385 0.167619 0.379848 0.209524 0.383472 0.317143 0.386734 0.373333 0.389634 0.393333 0.387822 0.403810 0.387822 0.420952 0.388909 0.427619 0.393258 0.432381 0.405219 0.420000 0.423922 0.404381 0.423994 0.366476 0.401595 0.215238 0.392534 0.173333
2 0.356651 0.184762 0.351214 0.200000 0.350489 0.215238 0.355201 0.302857 0.357013 0.374286 0.355926 0.416190 0.358463 0.440000 0.365712 0.448571 0.372599 0.442857 0.383835 0.424762 0.384560 0.361905 0.380935 0.301905 0.368974 0.217143 0.362088 0.192381
5 0.332367 0.438095 0.330192 0.432381 0.324755 0.427619 0.316057 0.427619 0.304821 0.442857 0.300109 0.458095 0.299746 0.470476 0.305183 0.477143 0.311345 0.477143 0.316057 0.475238 0.323306 0.468571 0.329105 0.459048 0.331642 0.451429
3 0.260602 0.230476 0.260239 0.233333 0.258789 0.240952 0.257702 0.247619 0.258789 0.267143 0.261145 0.280000 0.266763 0.324762 0.266763 0.330476 0.271838 0.353333 0.277637 0.373333 0.280899 0.390476 0.285611 0.427619 0.287061 0.456190 0.290323 0.477143 0.295397 0.487619 0.301921 0.489524 0.310257 0.480952 0.325843 0.476190 0.330917 0.468571 0.336354 0.451429 0.338891 0.435238 0.338891 0.404762 0.334542 0.386667 0.314244 0.330476 0.299746 0.279048 0.287785 0.246667 0.283798 0.239048 0.281769 0.234095 0.279812 0.232381 0.277274 0.229524 0.270388 0.229524 0.263864 0.225714
1 0.552374 0.447619 0.548387 0.451429 0.543675 0.503810 0.544038 0.560952 0.543313 0.566667 0.543313 0.584762 0.545850 0.611429 0.546937 0.667619 0.548750 0.699048 0.550562 0.714286 0.549474 0.720000 0.549474 0.730476 0.550562 0.740000 0.551649 0.770476 0.557086 0.795238 0.559986 0.799048 0.563610 0.799048 0.565422 0.795238 0.566510 0.788571 0.566872 0.778095 0.567959 0.773333 0.569409 0.755238 0.571221 0.705714 0.570497 0.699048 0.572309 0.679048 0.573396 0.630476 0.572671 0.610476 0.571946 0.607619 0.571221 0.540952 0.569772 0.525714 0.569772 0.497143 0.567959 0.469524 0.566147 0.461905 0.562160 0.453333
2 0.582820 0.477143 0.578833 0.484762 0.576658 0.497143 0.571946 0.508571 0.571221 0.527619 0.573759 0.540952 0.576296 0.562857 0.579195 0.638095 0.580645 0.652381 0.581008 0.668571 0.583182 0.689524 0.588982 0.725714 0.591156 0.753333 0.595143 0.782857 0.599493 0.800000 0.604567 0.802857 0.606742 0.800000 0.608191 0.793333 0.605654 0.705714 0.606379 0.630476 0.604567 0.593333 0.604567 0.533333 0.601667 0.498095 0.599493 0.487619 0.592606 0.479048
5 0.719464 0.486667 0.717651 0.480952 0.703878 0.481905 0.700616 0.484762 0.696992 0.490476 0.691555 0.506667 0.688655 0.511429 0.687206 0.517143 0.686481 0.526667 0.688293 0.530476 0.692280 0.531429 0.703516 0.530476 0.717289 0.520952 0.721276 0.510476 0.721276 0.500952
2 0.644436 0.138095 0.641899 0.139048 0.626314 0.204762 0.624139 0.224762 0.620152 0.323810 0.621240 0.408571 0.617615 0.435238 0.614353 0.439048 0.614715 0.448571 0.619065 0.456190 0.627764 0.455238 0.637550 0.466667 0.643349 0.463810 0.648061 0.440000 0.648423 0.399048 0.652410 0.358095 0.656035 0.271429 0.654223 0.260952 0.656397 0.240952 0.655310 0.227619 0.657847 0.209524 0.654223 0.163810 0.650236 0.147619
2 0.611091 0.123810 0.608191 0.137143 0.603117 0.187619 0.600217 0.247619 0.594418 0.290476 0.592606 0.324762 0.592244 0.404762 0.594056 0.412381 0.602755 0.426667 0.612903 0.435238 0.617615 0.428571 0.620515 0.405714 0.619065 0.322857 0.620877 0.169524 0.618702 0.129524
1 0.594056 0.090476 0.585357 0.092381 0.582457 0.100000 0.576296 0.137143 0.571584 0.195238 0.570497 0.271429 0.567959 0.294286 0.566872 0.333333 0.562160 0.367619 0.561435 0.400952 0.563248 0.414286 0.568322 0.428571 0.575208 0.436190 0.581733 0.435238 0.592606 0.409524 0.592244 0.322857 0.599855 0.098095
2 0.393258 0.478095 0.384197 0.478095 0.376223 0.486667 0.372236 0.498095 0.366437 0.509524 0.364987 0.520000 0.368974 0.580000 0.368974 0.630476 0.363175 0.724762 0.362813 0.750476 0.363175 0.768571 0.364625 0.775238 0.366437 0.778095 0.370062 0.778095 0.372236 0.775238 0.374411 0.768571 0.375498 0.756190 0.382022 0.723810 0.383835 0.706667 0.385285 0.700952 0.386009 0.682857 0.390721 0.639048 0.393983 0.597143 0.395071 0.592381 0.395796 0.573333 0.399420 0.543333 0.403407 0.524762 0.404857 0.512857 0.404313 0.500952 0.400507 0.491429 0.398333 0.484762
3 0.677782 0.189524 0.673070 0.193333 0.670895 0.200000 0.664734 0.260000 0.660384 0.341905 0.649873 0.399048 0.649511 0.432381 0.653860 0.447619 0.661109 0.456190 0.678507 0.453333 0.691555 0.460000 0.694817 0.457143 0.699166 0.444762 0.702791 0.409524 0.698804 0.342857 0.701341 0.307619 0.696992 0.276190 0.697717 0.232381 0.694455 0.220952 0.696629 0.216190 0.685756 0.191429
0 0.476325 0.120962 0.488075 0.197133 0.494864 0.241038 0.496433 0.282895 0.498521 0.308971 0.499565 0.369352 0.499043 0.383076 0.495647 0.383762 0.480504 0.385133 0.471624 0.384448 0.466662 0.370038 0.469797 0.312400 0.470841 0.257514 0.469275 0.177914 0.468492 0.140181 0.470841 0.118219
