3 0.308909 0.222208 0.317682 0.276408 0.316744 0.319469 0.317682 0.364008 0.322383 0.395931 0.322383 0.415977 0.318935 0.442708 0.307968 0.456815 0.294494 0.455331 0.273812 0.455331 0.270052 0.446415 0.269425 0.411523 0.271305 0.378862 0.276318 0.342485 0.276633 0.308331 0.276945 0.273438 0.276945 0.245969 0.278825 0.228146 0.284468 0.225923 0.288227 0.240031 0.290419 0.258592 0.290419 0.283831 0.290734 0.297938 0.293240 0.306100 0.295120 0.307585 0.297627 0.306846 0.301075 0.292000 0.302955 0.266754 0.304834 0.240769 0.305149 0.230377 0.306403 0.225177
3 0.738292 0.206838 0.733578 0.206838 0.729045 0.218008 0.725237 0.232185 0.723968 0.255815 0.722334 0.279877 0.722153 0.301785 0.723422 0.338308 0.723968 0.358500 0.723968 0.380838 0.722698 0.403185 0.727594 0.418646 0.730315 0.425954 0.749172 0.432400 0.763682 0.418646 0.778731 0.407046 0.777825 0.363223 0.772747 0.322408 0.768396 0.275577 0.766945 0.247654 0.763136 0.222308 0.756789 0.201254 0.752438 0.211562 0.750805 0.231331 0.748084 0.270854 0.746455 0.295769 0.743370 0.306515 0.740468 0.296631 0.740107 0.281162 0.740289 0.253669 0.738838 0.224885
3 0.685886 0.205546 0.689149 0.278154 0.690782 0.313815 0.694773 0.318546 0.699487 0.277300 0.700938 0.229177 0.704925 0.211562 0.711636 0.222308 0.712724 0.241208 0.712906 0.269138 0.715263 0.313815 0.719435 0.345608 0.720341 0.365377 0.721792 0.389431 0.723968 0.410485 0.722880 0.433685 0.718344 0.444854 0.704744 0.447862 0.691325 0.452592 0.688244 0.453015 0.679539 0.454738 0.677000 0.454738 0.672104 0.447431 0.670289 0.439269 0.668477 0.407477 0.669929 0.373108 0.671380 0.338738 0.671740 0.308231 0.673919 0.255385 0.675731 0.232615 0.678994 0.213715 0.682802 0.206408
1 0.581981 0.173300 0.576237 0.224646 0.570231 0.345292 0.568143 0.391692 0.565792 0.436854 0.570490 0.451700 0.581458 0.465931 0.602088 0.452938 0.607312 0.422623 0.604438 0.353331 0.596867 0.255585 0.590597 0.199285
5 0.716377 0.485746 0.717383 0.503054 0.712471 0.508723 0.711338 0.509915 0.707182 0.498577 0.704539 0.477692 0.704539 0.468146 0.711464 0.462177 0.718266 0.461585 0.726955 0.459192 0.737029 0.458300 0.744711 0.452031 0.751890 0.446962 0.754156 0.451438 0.751890 0.459192 0.751133 0.466354 0.743325 0.473515 0.734886 0.478292 0.727961 0.482762 0.725065 0.482762
5 0.660591 0.486346 0.670412 0.484554 0.677714 0.480977 0.687286 0.479485 0.692575 0.480077 0.692701 0.489631 0.688419 0.494100 0.685019 0.496785 0.686406 0.505138 0.685523 0.514092 0.681620 0.515885 0.678471 0.514985 0.676834 0.508723 0.676458 0.499177 0.672049 0.498877 0.667766 0.496192 0.662857 0.493808 0.660714 0.492315
5 0.634019 0.503946 0.636536 0.513200 0.637542 0.521846 0.641825 0.520362 0.645101 0.516777 0.644218 0.507823 0.643841 0.501562 0.641321 0.499177 0.636662 0.500962
5 0.625708 0.503054 0.630114 0.506338 0.632253 0.511708 0.632883 0.517969 0.632380 0.520954 0.628727 0.524538 0.626084 0.525131 0.623818 0.519462 0.621172 0.514092 0.620292 0.509023 0.623315 0.504546
5 0.600646 0.497385 0.608705 0.498577 0.611981 0.496192 0.613114 0.506931 0.611351 0.515885 0.605432 0.515885 0.601149 0.514092 0.600393 0.506338
5 0.349744 0.493269 0.353899 0.489092 0.358935 0.487600 0.367247 0.489685 0.370899 0.488792 0.372662 0.488792 0.373795 0.492077 0.372409 0.501923 0.371529 0.506392 0.367247 0.505200 0.363974 0.511469 0.360068 0.513254 0.354276 0.522208 0.350750 0.527277 0.345461 0.529669 0.345208 0.527277 0.346201 0.517769 0.348734 0.507308 0.349610 0.499538
2 0.352039 0.488208 0.349140 0.493362 0.348412 0.505823 0.346055 0.515700 0.344604 0.526015 0.343516 0.532885 0.344786 0.547923 0.345510 0.571985 0.346779 0.596908 0.347143 0.617954 0.348231 0.640723 0.348412 0.666931 0.347143 0.692285 0.349318 0.705600 0.361289 0.692715 0.367091 0.666077 0.370172 0.632562 0.371081 0.590462 0.374526 0.553508 0.377065 0.543631 0.380873 0.522146 0.382867 0.495508 0.380146 0.478754 0.375068 0.474885 0.367633 0.484338 0.362195 0.487346 0.356935 0.483908
5 0.306448 0.479123 0.303425 0.483300 0.304432 0.491062 0.308084 0.500908 0.312114 0.506277 0.314256 0.511946 0.317909 0.515523 0.323198 0.511046 0.329620 0.511046 0.332766 0.512246 0.335539 0.517615 0.337049 0.521192 0.339818 0.525969 0.341458 0.526562 0.343344 0.524477 0.344354 0.517615 0.346997 0.507469 0.348130 0.497323 0.348256 0.488077 0.347377 0.480915 0.342338 0.477338 0.337932 0.474354 0.336042 0.477038 0.331003 0.480023 0.328737 0.480023 0.324708 0.478231 0.321435 0.476138 0.318286 0.476138 0.312367 0.476738
3 0.300828 0.476646 0.312617 0.473215 0.324042 0.473215 0.331295 0.477508 0.344169 0.467200 0.346890 0.474500 0.349065 0.483523 0.348523 0.499846 0.343081 0.531215 0.339818 0.548400 0.336370 0.595662 0.328938 0.660962 0.324221 0.676000 0.319506 0.684592 0.314429 0.687600 0.310984 0.685023 0.307903 0.673854 0.308990 0.654946 0.311890 0.632177 0.313159 0.610269 0.311166 0.602100 0.309172 0.601669 0.304276 0.617138 0.296295 0.652369 0.293032 0.670415 0.286867 0.689746 0.280156 0.694908 0.276711 0.687600 0.276711 0.659246 0.281244 0.616708 0.287773 0.559569 0.290494 0.526054 0.295026 0.496838
5 0.258760 0.462469 0.252412 0.459892 0.250779 0.466338 0.255133 0.478369 0.258938 0.484815 0.264198 0.492977 0.274536 0.491685 0.281062 0.490400 0.285779 0.480946 0.286321 0.475792 0.284328 0.469346 0.280519 0.465908 0.274896 0.464192 0.266737 0.464623 0.261659 0.465908
3 0.263312 0.217923 0.268487 0.230377 0.273185 0.261562 0.273185 0.307585 0.270052 0.344708 0.269740 0.366977 0.269740 0.384800 0.269740 0.409300 0.268799 0.424146 0.264724 0.427862 0.255951 0.441223 0.240282 0.433800 0.231195 0.427862 0.220854 0.415238 0.220854 0.378862 0.224929 0.347677 0.225870 0.306846 0.228688 0.265269 0.230256 0.234831 0.233705 0.213300 0.240909 0.229631 0.244042 0.261562 0.247490 0.271954 0.251250 0.257100 0.251877 0.229631 0.256263 0.214785 0.260026 0.216269
2 0.615172 0.189077 0.603419 0.275069 0.604205 0.323946 0.595065 0.388908 0.596370 0.422931 0.600549 0.449538 0.608903 0.456338 0.618565 0.464385 0.626399 0.458200 0.635279 0.455723 0.636062 0.430354 0.633451 0.388908 0.629532 0.347454 0.626140 0.291777 0.623789 0.246608 0.624312 0.208869 0.622484 0.180415 0.620656 0.180415
1 0.563312 0.488462 0.556818 0.490769 0.554870 0.493077 0.552273 0.500000 0.550974 0.520769 0.551299 0.540000 0.553247 0.553077 0.553247 0.573077 0.554545 0.584615 0.555195 0.604615 0.556818 0.611538 0.557792 0.638462 0.559416 0.645385 0.560065 0.668462 0.561688 0.676923 0.561364 0.682308 0.562987 0.693846 0.563312 0.706154 0.565909 0.721538 0.572403 0.726154 0.576948 0.720000 0.578896 0.704615 0.580844 0.676154 0.580519 0.668462 0.582143 0.646923 0.581818 0.637692 0.583117 0.621538 0.583117 0.598462 0.584091 0.582308 0.584091 0.547692 0.582143 0.512308 0.582468 0.502308 0.580519 0.494615 0.576623 0.488462
2 0.369805 0.221538 0.362532 0.233538 0.359091 0.252308 0.359091 0.264615 0.359708 0.274154 0.360195 0.280769 0.358344 0.296154 0.357468 0.412308 0.352273 0.452308 0.360714 0.467692 0.379545 0.453846 0.380844 0.276923
1 0.388312 0.211538 0.382792 0.279231 0.382922 0.289231 0.383766 0.299231 0.379221 0.435385 0.384091 0.461538 0.398701 0.471538 0.409416 0.464615 0.414610 0.444615 0.412013 0.282308 0.405519 0.220769 0.399610 0.207385
0 0.431494 0.247692 0.426948 0.251538 0.425974 0.255385 0.426623 0.258462 0.425974 0.264615 0.426948 0.267692 0.425974 0.270769 0.425974 0.276154 0.424026 0.283846 0.422403 0.300000 0.421429 0.328462 0.422078 0.373077 0.420455 0.386923 0.420455 0.396154 0.417532 0.422308 0.416883 0.444615 0.418506 0.463846 0.420130 0.466923 0.426623 0.470000 0.437013 0.470000 0.443182 0.467692 0.446429 0.462308 0.447403 0.457692 0.447403 0.438462 0.445779 0.415385 0.445779 0.399231 0.444156 0.372308 0.444481 0.332308 0.440584 0.267692 0.438961 0.262308 0.438312 0.253846 0.436039 0.248462
0 0.471753 0.206154 0.462013 0.216923 0.454870 0.254615 0.450000 0.452308 0.452273 0.468462 0.459416 0.472308 0.490260 0.456923 0.480195 0.323077 0.480519 0.275385 0.479545 0.260000 0.476948 0.244615
0 0.512987 0.165385 0.508766 0.169231 0.507468 0.173077 0.506169 0.173846 0.506494 0.178462 0.505195 0.189231 0.506169 0.209231 0.506818 0.218462 0.506818 0.232308 0.503896 0.254615 0.502273 0.271538 0.501623 0.277692 0.501623 0.280769 0.500649 0.286923 0.497727 0.299231 0.497403 0.313846 0.497403 0.331538 0.496104 0.345385 0.495455 0.349231 0.496104 0.355385 0.494805 0.363846 0.495455 0.368462 0.495130 0.376923 0.493182 0.384615 0.493182 0.389231 0.491558 0.400000 0.490584 0.419231 0.490909 0.456154 0.492857 0.460769 0.496429 0.462308 0.509416 0.462308 0.515909 0.464615 0.522078 0.464615 0.529870 0.458462 0.530844 0.451538 0.530519 0.420000 0.528571 0.392308 0.527273 0.387692 0.525974 0.373077 0.525974 0.360000 0.525000 0.355385 0.525000 0.330769 0.524026 0.323846 0.522727 0.251538 0.521429 0.245385 0.521753 0.234615 0.520779 0.225385 0.520455 0.220769 0.518506 0.209231 0.518182 0.200769 0.517208 0.193846 0.517208 0.191538 0.515584 0.176923
0 0.539286 0.229231 0.537013 0.230769 0.534740 0.235385 0.532792 0.246923 0.534091 0.251538 0.533442 0.264615 0.534416 0.267692 0.534091 0.276154 0.532143 0.284615 0.532143 0.288462 0.533117 0.290769 0.532143 0.295385 0.533442 0.298462 0.532792 0.326154 0.533766 0.341538 0.533442 0.354615 0.534416 0.360000 0.534416 0.370000 0.532792 0.383077 0.532468 0.398462 0.532792 0.440000 0.533766 0.455385 0.536688 0.460769 0.547078 0.460000 0.560390 0.456154 0.562338 0.453846 0.564610 0.446154 0.565260 0.421538 0.563961 0.392308 0.560065 0.346923 0.560390 0.333077 0.559091 0.315385 0.559740 0.309231 0.557468 0.278462 0.553896 0.254615 0.551299 0.243846 0.551299 0.240000 0.549351 0.235385 0.549675 0.232308 0.545455 0.229231
2 0.642857 0.206923 0.639610 0.216923 0.640584 0.220769 0.638312 0.228462 0.638636 0.247692 0.637013 0.251538 0.637987 0.286923 0.632468 0.383846 0.634091 0.407692 0.633117 0.428462 0.634091 0.436923 0.638312 0.446923 0.650325 0.457692 0.659091 0.459231 0.665909 0.452308 0.669805 0.440000 0.666558 0.380000 0.666234 0.278462 0.662338 0.252308 0.662987 0.247692 0.660065 0.232308 0.654870 0.220769 0.655519 0.216923 0.650649 0.208462
3 0.706169 0.464615 0.703571 0.470769 0.706494 0.497692 0.723377 0.551538 0.735065 0.616923 0.743506 0.651538 0.747403 0.660769 0.752922 0.664615 0.756494 0.659231 0.754545 0.654615 0.755844 0.650769 0.755844 0.634615 0.751623 0.617692 0.747727 0.580769 0.748377 0.573846 0.745455 0.564615 0.747727 0.555385 0.755519 0.566923 0.760714 0.581538 0.770455 0.629231 0.776948 0.632308 0.780844 0.626923 0.782792 0.610000 0.780844 0.567692 0.766558 0.503846 0.763961 0.473846 0.756818 0.446154 0.748377 0.446154 0.738961 0.453846 0.719805 0.457692
3 0.657468 0.475385 0.653896 0.480769 0.653247 0.503077 0.656169 0.526923 0.659740 0.544615 0.663312 0.552308 0.663961 0.564615 0.667532 0.580000 0.672078 0.644615 0.680519 0.682308 0.689610 0.702308 0.696429 0.693846 0.693831 0.671538 0.687013 0.643077 0.687662 0.637692 0.684091 0.615385 0.684091 0.592308 0.690909 0.587692 0.693831 0.588462 0.700649 0.603846 0.703571 0.630000 0.710390 0.654615 0.712662 0.668462 0.720455 0.675385 0.722078 0.656923 0.721753 0.640769 0.718182 0.612308 0.717857 0.599231 0.711688 0.566154 0.708766 0.527692 0.702922 0.477692 0.697078 0.473846 0.678896 0.479231
2 0.627273 0.493077 0.624675 0.497692 0.623701 0.502308 0.614935 0.509231 0.611039 0.518462 0.610714 0.529231 0.612013 0.536923 0.624026 0.576923 0.625000 0.587692 0.636039 0.643077 0.639610 0.670769 0.640909 0.674615 0.641883 0.685385 0.643831 0.690000 0.649675 0.716923 0.653896 0.718462 0.655844 0.715385 0.656818 0.709231 0.656494 0.653077 0.655519 0.629231 0.655519 0.583846 0.654221 0.567692 0.653896 0.536154 0.652597 0.521538 0.648701 0.509231 0.647727 0.501538 0.646104 0.496923 0.643182 0.493846 0.638961 0.492308
2 0.591883 0.491538 0.588312 0.493846 0.585714 0.500769 0.584091 0.520000 0.591234 0.590769 0.592532 0.622308 0.591558 0.627692 0.594481 0.653077 0.594156 0.663846 0.595455 0.671538 0.608766 0.686154 0.612338 0.671538 0.613312 0.626923 0.617532 0.583846 0.617208 0.549231 0.619481 0.536154 0.619156 0.512308 0.617208 0.500769 0.612662 0.493846
2 0.339935 0.230000 0.327597 0.245385 0.325325 0.262308 0.324740 0.273385 0.324026 0.293846 0.325097 0.337692 0.321753 0.360769 0.320455 0.446154 0.330195 0.459231 0.350325 0.450000 0.356494 0.410769 0.354545 0.283846
3 0.285714 0.466923 0.276623 0.463077 0.268506 0.463846 0.252273 0.460000 0.249675 0.457692 0.245455 0.457692 0.241883 0.461538 0.238636 0.469231 0.236039 0.480769 0.234740 0.491538 0.233442 0.530000 0.231818 0.548462 0.227597 0.572308 0.224026 0.604615 0.224026 0.628462 0.225000 0.635385 0.228247 0.633077 0.232143 0.633846 0.234091 0.628462 0.236688 0.626154 0.239286 0.618462 0.243182 0.599231 0.243506 0.591538 0.251623 0.569231 0.256169 0.566154 0.258117 0.573846 0.257792 0.589231 0.254545 0.606923 0.252597 0.611538 0.251623 0.622308 0.250000 0.627692 0.248701 0.645385 0.248701 0.654615 0.250649 0.670000 0.252597 0.671538 0.253896 0.667692 0.255519 0.666154 0.259091 0.651538 0.263961 0.639231 0.268506 0.612308 0.271104 0.606923 0.272727 0.600769 0.274351 0.589231 0.280519 0.560769 0.283117 0.542308 0.287662 0.526923 0.293182 0.498462 0.293831 0.486923 0.291883 0.476923
2 0.403247 0.490769 0.391558 0.490000 0.385390 0.493077 0.381818 0.499231 0.379545 0.512308 0.379870 0.517692 0.378571 0.536154 0.379221 0.556923 0.378896 0.581538 0.379870 0.606154 0.382143 0.615385 0.381494 0.617692 0.381818 0.623077 0.380519 0.626923 0.381818 0.648462 0.381494 0.654615 0.380519 0.657692 0.380195 0.691538 0.381169 0.696923 0.384091 0.700000 0.387338 0.697692 0.390584 0.688462 0.392532 0.677692 0.394481 0.673846 0.394805 0.670000 0.399026 0.654615 0.400974 0.636154 0.401948 0.598462 0.404870 0.568462 0.407143 0.551538 0.410065 0.540000 0.412013 0.525385 0.412338 0.516154 0.410390 0.501538
1 0.435065 0.490000 0.430844 0.490000 0.425325 0.493077 0.416558 0.502308 0.414935 0.507692 0.413636 0.530000 0.412013 0.541538 0.409416 0.610000 0.410065 0.675385 0.411364 0.690769 0.413961 0.703846 0.415909 0.709231 0.417857 0.710000 0.420130 0.713846 0.428247 0.714615 0.431494 0.703846 0.432468 0.691538 0.432468 0.676154 0.433442 0.668462 0.433766 0.646154 0.439610 0.567692 0.443182 0.550769 0.443182 0.544615 0.445130 0.529231 0.445130 0.516923 0.444156 0.512308 0.443506 0.500000 0.441558 0.496154
0 0.466234 0.490769 0.454545 0.490769 0.451299 0.492308 0.449351 0.494615 0.447078 0.500769 0.447403 0.533077 0.449351 0.580769 0.448701 0.620000 0.447403 0.633077 0.448377 0.651538 0.447078 0.657692 0.447078 0.670000 0.448701 0.680769 0.448377 0.692308 0.450000 0.700769 0.450974 0.702308 0.454545 0.702308 0.459740 0.690769 0.459740 0.685385 0.461688 0.670769 0.462987 0.645385 0.467208 0.614615 0.466883 0.605385 0.468506 0.593077 0.469805 0.553846 0.470779 0.550000 0.470455 0.542308 0.472078 0.531538 0.473052 0.516154 0.472403 0.513846 0.472078 0.500769 0.469481 0.493077
0 0.474675 0.490000 0.473377 0.496923 0.476299 0.550769 0.476623 0.628462 0.479545 0.652308 0.477597 0.660000 0.481494 0.675385 0.487013 0.680769 0.492857 0.631538 0.492857 0.580000 0.496753 0.500769 0.495455 0.496154 0.491234 0.493077
0 0.517208 0.482308 0.513636 0.486923 0.501623 0.489231 0.497727 0.500000 0.497403 0.530000 0.499351 0.545385 0.500000 0.576154 0.499351 0.646923 0.497403 0.668462 0.501299 0.686923 0.506169 0.681538 0.510714 0.670000 0.514286 0.654615 0.517857 0.619231 0.520455 0.497692
0 0.542857 0.484615 0.526299 0.488462 0.522727 0.496154 0.525649 0.606923 0.531494 0.666154 0.535714 0.673077 0.541558 0.665385 0.548377 0.492308
