4 0.794286 0.447244 0.790357 0.451181 0.785357 0.460630 0.782143 0.462205 0.774643 0.470079 0.770357 0.478740 0.768571 0.488976 0.769286 0.511811 0.770000 0.518110 0.773929 0.533858 0.780357 0.544094 0.791071 0.565354 0.791429 0.568504 0.795714 0.580315 0.796786 0.586614 0.805000 0.606299 0.807143 0.609449 0.811429 0.608661 0.818214 0.600787 0.822857 0.588976 0.825714 0.574016 0.826071 0.555906 0.822857 0.534646 0.819643 0.521260 0.819286 0.515748 0.816429 0.506299 0.813929 0.481890 0.811071 0.466142 0.803214 0.450394 0.798214 0.447244
3 0.711786 0.478740 0.711071 0.501575 0.712143 0.513386 0.719286 0.537008 0.733214 0.570079 0.741429 0.598425 0.744286 0.614961 0.760000 0.651969 0.766786 0.657480 0.770000 0.654331 0.767857 0.636220 0.762500 0.614961 0.763214 0.600000 0.771429 0.611811 0.782500 0.643307 0.788571 0.646457 0.791786 0.642520 0.792857 0.632283 0.790000 0.613386 0.788929 0.591339 0.769286 0.522835 0.764286 0.470866 0.759643 0.458268 0.755000 0.452756 0.742500 0.451181 0.732143 0.459843 0.723571 0.462205
5 0.620714 0.496063 0.620357 0.503150 0.621786 0.511811 0.623571 0.514961 0.630000 0.519685 0.631429 0.522835 0.634643 0.538583 0.637143 0.544882 0.642143 0.551181 0.648571 0.554331 0.652500 0.553543 0.654643 0.541732 0.654286 0.537008 0.655000 0.534646 0.655714 0.514961 0.655357 0.500787 0.653571 0.493701 0.642500 0.486614 0.629286 0.484252 0.626071 0.486614
5 0.689643 0.485827 0.685714 0.483465 0.681786 0.483465 0.673214 0.488189 0.668250 0.483150 0.665786 0.482441 0.663786 0.484331 0.660000 0.486850 0.657250 0.487008 0.653321 0.490709 0.656071 0.518110 0.655714 0.530709 0.657143 0.540157 0.660714 0.553543 0.660714 0.556693 0.662143 0.559843 0.670357 0.568504 0.673571 0.574016 0.678929 0.574803 0.693214 0.565354 0.701786 0.553543 0.705357 0.545669 0.705714 0.534646 0.703214 0.524409 0.693214 0.493701
0 0.522143 0.478740 0.515714 0.480315 0.513214 0.487402 0.508571 0.488976 0.505000 0.496063 0.508929 0.548819 0.508571 0.607087 0.510714 0.659843 0.512500 0.668504 0.511786 0.675591 0.513929 0.681890 0.517143 0.677165 0.524286 0.674803 0.523214 0.670079 0.525714 0.659055 0.527857 0.507087 0.526071 0.482677
0 0.483571 0.491339 0.481429 0.514173 0.485357 0.639370 0.487500 0.659055 0.489643 0.662205 0.488571 0.666929 0.492500 0.670079 0.489286 0.674016 0.491429 0.674803 0.498214 0.651181 0.500357 0.544094 0.503571 0.509449 0.501786 0.502362
0 0.455357 0.485827 0.450357 0.492126 0.448571 0.501575 0.453929 0.583465 0.453929 0.615748 0.459286 0.658268 0.467143 0.683465 0.475357 0.622835 0.475000 0.556693 0.478214 0.500787 0.473214 0.488189
1 0.441429 0.485827 0.422857 0.489764 0.417143 0.503937 0.418571 0.580315 0.412500 0.721260 0.426429 0.700787 0.439286 0.644094 0.446071 0.519685
2 0.400357 0.490551 0.390714 0.496063 0.385357 0.535433 0.387143 0.607087 0.385000 0.698425 0.388214 0.707087 0.393214 0.700000 0.405000 0.633071 0.409286 0.567717 0.414643 0.523622 0.412143 0.504724 0.405714 0.493701
5 0.382214 0.483858 0.376286 0.482756 0.362679 0.482205 0.354750 0.490157 0.352429 0.514724 0.351000 0.527480 0.350750 0.538110 0.350286 0.548425 0.359286 0.546457 0.366929 0.551969 0.381357 0.519055
5 0.353929 0.474803 0.349643 0.468504 0.345000 0.467717 0.341786 0.470079 0.335000 0.480315 0.330357 0.476378 0.319643 0.476378 0.312500 0.478740 0.311429 0.481890 0.311071 0.487402 0.313571 0.492913 0.318929 0.496850 0.320714 0.501575 0.319643 0.513386 0.317857 0.516535 0.316429 0.529134 0.313214 0.540157 0.312143 0.561417 0.313214 0.562992 0.316429 0.562992 0.321786 0.555906 0.327500 0.558268 0.330357 0.565354 0.333214 0.568504 0.335000 0.568504 0.336786 0.566142 0.338929 0.560630 0.339643 0.549606 0.343571 0.543307 0.347857 0.540945 0.348214 0.537008 0.349643 0.533858 0.349643 0.529134 0.350714 0.526772 0.350000 0.521260 0.351071 0.519685 0.351071 0.514961 0.350357 0.513386 0.352500 0.507087 0.352143 0.502362 0.355000 0.498425 0.355000 0.494488 0.356786 0.487402
0 0.483500 0.190945 0.478929 0.204724 0.476429 0.218110 0.474500 0.283307 0.474286 0.299213 0.474643 0.346457 0.470714 0.433071 0.472857 0.448031 0.478571 0.454331 0.505714 0.447244 0.511429 0.437795 0.506786 0.381102 0.499643 0.340945 0.498929 0.285827 0.493929 0.231496 0.490214 0.211890 0.487250 0.198819
0 0.533143 0.190709 0.538750 0.207717 0.544321 0.224173 0.550000 0.251969 0.551429 0.439370 0.545000 0.449606 0.516786 0.445669 0.514286 0.440157 0.512500 0.418898 0.512857 0.383465 0.520000 0.341732 0.519286 0.314173 0.522857 0.282677 0.524429 0.273071 0.525000 0.262205 0.527857 0.247244 0.528571 0.204724 0.529000 0.194488
0 0.466786 0.251969 0.460786 0.229685 0.456393 0.237638 0.454393 0.248740 0.450714 0.266929 0.451071 0.271654 0.442857 0.316535 0.442500 0.327559 0.441036 0.344646 0.437857 0.381102 0.437143 0.429921 0.438929 0.443307 0.443214 0.449606 0.446429 0.451181 0.461071 0.449606 0.464643 0.446457 0.468571 0.440157 0.469286 0.437008 0.470714 0.397638 0.470000 0.377165 0.470714 0.374803 0.470714 0.360630 0.471429 0.359055 0.471143 0.346063 0.471786 0.342520 0.470714 0.329921 0.471429 0.325984 0.471071 0.317323 0.471786 0.311024 0.470714 0.299213 0.470964 0.294331 0.470071 0.284252 0.469643 0.276378 0.469643 0.262992 0.466786 0.259055 0.468214 0.256693
1 0.423571 0.190551 0.411786 0.200787 0.411786 0.209449 0.410357 0.215748 0.411071 0.220472 0.410000 0.229134 0.410357 0.237795 0.408929 0.248031 0.407143 0.251969 0.406429 0.262205 0.404643 0.266929 0.405000 0.272441 0.404286 0.279528 0.405000 0.286614 0.403929 0.292126 0.403929 0.301575 0.402857 0.309449 0.402857 0.352756 0.399286 0.370079 0.399643 0.380315 0.398571 0.385039 0.398571 0.396063 0.395000 0.418110 0.395357 0.429134 0.398214 0.435433 0.398571 0.438583 0.400714 0.440945 0.403929 0.448819 0.407143 0.451181 0.412857 0.450394 0.421786 0.443307 0.428571 0.433071 0.430000 0.424409 0.430357 0.407874 0.429643 0.403937 0.428929 0.355906 0.429286 0.329134 0.428571 0.325197 0.429286 0.265354 0.428571 0.259843 0.429286 0.248819 0.428929 0.215748 0.426786 0.201575 0.424286 0.196850 0.424643 0.192913
0 0.268214 0.477953 0.264643 0.466929 0.256071 0.458268 0.252500 0.456693 0.251071 0.453543 0.249286 0.443307 0.240000 0.424409 0.236071 0.421260 0.229286 0.422835 0.224286 0.432283 0.220000 0.444882 0.217857 0.456693 0.208214 0.478740 0.201071 0.488189 0.187500 0.514173 0.180714 0.542520 0.181071 0.554331 0.182857 0.560630 0.186786 0.565354 0.195714 0.569291 0.210714 0.570079 0.222143 0.564567 0.229286 0.555906 0.235357 0.544882 0.243929 0.533071 0.247857 0.529134 0.250357 0.524409 0.256429 0.518898 0.264643 0.507087 0.268214 0.490551
0 0.224643 0.184252 0.220714 0.186614 0.216429 0.192913 0.203929 0.220472 0.200714 0.230709 0.199286 0.238583 0.198929 0.252756 0.200357 0.260630 0.205357 0.270866 0.213929 0.277953 0.218571 0.291339 0.225000 0.301575 0.227143 0.307087 0.232500 0.311024 0.236429 0.310236 0.246071 0.300000 0.248929 0.293701 0.252857 0.279528 0.256429 0.258268 0.256429 0.236220 0.257500 0.233071 0.257143 0.228346 0.258214 0.214173 0.257500 0.208661 0.251786 0.200787 0.248571 0.201575 0.245714 0.197638 0.244643 0.192913 0.240357 0.190551 0.238214 0.185039 0.230714 0.183465
0 0.356750 0.486929 0.357286 0.481575 0.353929 0.470866 0.350000 0.466142 0.345000 0.466142 0.334000 0.468976 0.321857 0.462520 0.300714 0.471102 0.297500 0.500000 0.301429 0.528346 0.299250 0.569449 0.298214 0.580315 0.296429 0.599606 0.295000 0.613386 0.291786 0.675591 0.294643 0.679528 0.296786 0.674803 0.305000 0.617323 0.316786 0.579528 0.320286 0.570945 0.323071 0.564567 0.324929 0.566850 0.326857 0.572992 0.327500 0.579528 0.327143 0.646457 0.321429 0.684252 0.322143 0.692126 0.327857 0.687402 0.334286 0.662205 0.337500 0.638583 0.342321 0.596299 0.342607 0.581339 0.344071 0.574094 0.344357 0.565118 0.346000 0.553780 0.347857 0.542520 0.349500 0.536693 0.351250 0.524961 0.352321 0.507638 0.355357 0.490551
3 0.280793 0.211024 0.284932 0.279008 0.282300 0.316307 0.284554 0.359417 0.284932 0.395898 0.282675 0.413307 0.274025 0.424087 0.269889 0.424913 0.261239 0.419110 0.251464 0.409992 0.246200 0.409165 0.240182 0.396724 0.239057 0.372685 0.242814 0.351961 0.246200 0.339528 0.247704 0.312165 0.251464 0.280661 0.255600 0.257449 0.259736 0.237551 0.263786 0.216220 0.266504 0.266567 0.265754 0.277346 0.267632 0.279008 0.270643 0.269055 0.271018 0.252472 0.273275 0.236724 0.275907 0.222630 0.280043 0.205220
3 0.297132 0.217787 0.301500 0.266693 0.304750 0.287835 0.309971 0.295992 0.311929 0.295992 0.313000 0.293150 0.317154 0.290236 0.318675 0.267205 0.319982 0.248976 0.319982 0.236984 0.319329 0.220189 0.319329 0.210591 0.319982 0.206276 0.323896 0.212512 0.327379 0.220189 0.330207 0.236024 0.334996 0.258567 0.335214 0.275843 0.335214 0.299346 0.333471 0.316622 0.333471 0.347803 0.336086 0.364118 0.338043 0.386669 0.338043 0.402016 0.338261 0.420252 0.337171 0.424567 0.328032 0.431283 0.320200 0.433685 0.312582 0.435126 0.300614 0.439921 0.297786 0.442323 0.292564 0.433685 0.287557 0.423126 0.285818 0.414976 0.286686 0.384748 0.290168 0.359323 0.291257 0.333409 0.290386 0.304150 0.291039 0.283039 0.289518 0.272480 0.289518 0.257134 0.288211 0.241299 0.291693 0.220669 0.293868 0.213472 0.294957 0.211071
2 0.399250 0.188031 0.404857 0.204882 0.404325 0.295197 0.406321 0.380756 0.406139 0.412339 0.402332 0.433929 0.398343 0.440724 0.390907 0.441126 0.383654 0.445528 0.377307 0.452323 0.369507 0.448724 0.365700 0.421535 0.371139 0.359969 0.382746 0.272409 0.389821 0.203622
3 0.687500 0.472441 0.673571 0.485039 0.671071 0.482677 0.664286 0.482677 0.655000 0.488189 0.652857 0.490551 0.652500 0.499213 0.653571 0.507874 0.653929 0.533071 0.657857 0.544882 0.660357 0.557480 0.665714 0.566929 0.667143 0.573228 0.668214 0.588189 0.668214 0.614173 0.669643 0.644094 0.671786 0.657480 0.678571 0.686614 0.678571 0.690551 0.682500 0.700787 0.682857 0.705512 0.690357 0.721260 0.693929 0.723622 0.696429 0.720472 0.696071 0.716535 0.697143 0.714173 0.697143 0.711024 0.691786 0.678740 0.687143 0.626772 0.687143 0.608661 0.689643 0.597638 0.692143 0.599213 0.696786 0.611811 0.700000 0.615748 0.700357 0.619685 0.701786 0.622835 0.701071 0.627559 0.702500 0.630709 0.702500 0.635433 0.705714 0.646457 0.709286 0.666142 0.715714 0.685827 0.715714 0.689764 0.717857 0.693701 0.718214 0.697638 0.720714 0.700787 0.723929 0.701575 0.727857 0.697638 0.729286 0.691339 0.729286 0.681102 0.727857 0.666142 0.723214 0.642520 0.720714 0.622835 0.717857 0.611024 0.717500 0.604724 0.715000 0.595276 0.712500 0.572441 0.710714 0.563780 0.709643 0.540157 0.710714 0.514173 0.709643 0.504724 0.708929 0.482677 0.705714 0.476378 0.695357 0.474803 0.693214 0.470866
2 0.627143 0.485039 0.615000 0.501575 0.615357 0.511811 0.618571 0.518898 0.621071 0.531496 0.625000 0.575591 0.637857 0.654331 0.638571 0.674803 0.640714 0.685827 0.649286 0.712598 0.657500 0.715748 0.658214 0.700787 0.655714 0.681102 0.654643 0.651181 0.655357 0.581890 0.654286 0.564567 0.651071 0.557480 0.655000 0.546457 0.656071 0.500787 0.653571 0.492913 0.636071 0.484252
2 0.606429 0.492126 0.602143 0.493701 0.595000 0.503937 0.592143 0.520472 0.591786 0.537795 0.594286 0.566142 0.595000 0.614961 0.596429 0.622835 0.595000 0.629134 0.595357 0.638583 0.598214 0.643307 0.599286 0.659055 0.602143 0.678740 0.603571 0.702362 0.605714 0.710236 0.605714 0.713386 0.607857 0.717323 0.607500 0.720472 0.611071 0.721260 0.612143 0.719685 0.615000 0.706299 0.615000 0.696850 0.616071 0.687402 0.616071 0.665354 0.618571 0.630709 0.619286 0.574016 0.620714 0.559055 0.621071 0.540157 0.620714 0.525197 0.617857 0.511024 0.616786 0.498425 0.612857 0.492913
1 0.567500 0.477165 0.564643 0.479528 0.562857 0.483465 0.561429 0.492126 0.561429 0.510236 0.563929 0.559843 0.563571 0.574016 0.565000 0.591339 0.565000 0.605512 0.566429 0.612598 0.567143 0.629134 0.568214 0.639370 0.569643 0.644882 0.570714 0.660630 0.572500 0.670866 0.574286 0.674803 0.575357 0.686614 0.577500 0.694488 0.578929 0.707874 0.580714 0.714173 0.587500 0.714961 0.588571 0.707874 0.590000 0.682677 0.588929 0.626772 0.587500 0.599213 0.587500 0.564567 0.588214 0.559055 0.589286 0.497638 0.587500 0.488976 0.584286 0.483465 0.575000 0.477953
1 0.608214 0.207087 0.602143 0.215748 0.600964 0.225276 0.597571 0.239213 0.593750 0.262441 0.591786 0.277953 0.591321 0.298740 0.591071 0.313386 0.592857 0.334646 0.588571 0.407087 0.590714 0.433071 0.596071 0.444882 0.604643 0.451969 0.615929 0.449134 0.621071 0.435433 0.622143 0.407087 0.616786 0.358268 0.615357 0.236220 0.612143 0.221260 0.613571 0.215748
0 0.540357 0.481890 0.535357 0.485039 0.532143 0.494488 0.532143 0.511024 0.536429 0.556693 0.537500 0.622047 0.539286 0.654331 0.541786 0.665354 0.543929 0.682677 0.547857 0.689764 0.549286 0.689764 0.551786 0.682677 0.552500 0.676378 0.554643 0.559843 0.555714 0.536220 0.557857 0.519685 0.558571 0.496850 0.557143 0.486614 0.553929 0.482677
2 0.381296 0.192850 0.386193 0.234031 0.378032 0.351575 0.375675 0.405142 0.372046 0.429134 0.360986 0.435929 0.350468 0.445528 0.337593 0.435929 0.335596 0.403150 0.342307 0.345173 0.357904 0.236031 0.363161 0.211244 0.370232 0.198843 0.376218 0.194047
3 0.702982 0.206394 0.703500 0.232835 0.700357 0.256457 0.703768 0.291598 0.703768 0.304835 0.707161 0.309441 0.711079 0.305992 0.713689 0.299079 0.717086 0.278354 0.716300 0.255906 0.713950 0.238630 0.714214 0.224252 0.708464 0.206378 0.715250 0.211024 0.719714 0.221339 0.723607 0.234016 0.724929 0.252441 0.727536 0.277795 0.726214 0.301339 0.725714 0.321496 0.727268 0.338228 0.728575 0.373921 0.733014 0.406165 0.734579 0.427465 0.728836 0.440709 0.722568 0.447614 0.711861 0.446465 0.705857 0.438976 0.694629 0.438402 0.687575 0.437827 0.685489 0.405016 0.683921 0.374496 0.684443 0.336504 0.685225 0.319803 0.685489 0.294472 0.686793 0.246118 0.692800 0.224811 0.698543 0.208693
2 0.642464 0.301969 0.643507 0.305646 0.647896 0.364370 0.650089 0.427929 0.643196 0.458323 0.631289 0.447961 0.623139 0.438291 0.617186 0.436220 0.610607 0.400984 0.611232 0.364370 0.614368 0.327063 0.616561 0.286299 0.616875 0.264882 0.617814 0.239323 0.618129 0.223433 0.619382 0.211000 0.621575 0.204780 0.628154 0.204780 0.630661 0.211685 0.633168 0.224126 0.634736 0.238630 0.636300 0.253827 0.640375 0.274559 0.641629 0.297354
0 0.560714 0.223622 0.556786 0.251181 0.553929 0.431496 0.560000 0.445669 0.575714 0.448031 0.583214 0.437795 0.584643 0.427559 0.577500 0.277165 0.575714 0.263780 0.573786 0.255039 0.572143 0.244882 0.569286 0.226772 0.563929 0.210551
2 0.656036 0.215748 0.649393 0.238583 0.646679 0.298583 0.645000 0.314961 0.641071 0.403150 0.648214 0.433071 0.670357 0.446457 0.680357 0.435433 0.682143 0.408661 0.668929 0.295276 0.668893 0.288346 0.662893 0.232205 0.662143 0.224252
3 0.736429 0.218110 0.735000 0.229921 0.735357 0.247244 0.737143 0.252756 0.738214 0.325197 0.731786 0.376378 0.733214 0.401575 0.737500 0.412598 0.743929 0.418898 0.757143 0.421260 0.763571 0.418110 0.773929 0.405512 0.778929 0.385039 0.779286 0.369291 0.772857 0.329921 0.776786 0.286614 0.778214 0.244094 0.776429 0.238583 0.772857 0.239370 0.762857 0.271654 0.756071 0.278740 0.752500 0.277165 0.750000 0.266929 0.748214 0.236220 0.745357 0.217323
